0 -67.79835244 0.0917507076
1 -68.3870019 0.08897512132
2 -68.96531605 0.086320188
3 -69.53264388 0.08378353103
4 -70.08833838 0.08136269906
5 -70.63176776 0.07905514142
6 -71.16232616 0.07685819087
7 -71.67944364 0.07476905392
8 -72.18259501 0.07278480801
9 -72.67130755 0.07090240509
10 -73.14516718 0.06911868058
11 -73.60382329 0.06743036673
12 -74.04699198 0.0658341094
13 -74.47445791 0.06432648715
14 -74.88607478 0.0629040317
15 -75.28176448 0.06156324891
16 -75.66151527 0.0603006395
17 -76.02537888 0.05911271897
18 -76.37346689 0.05799603609
19 -76.70594654 0.0569471899
20 -77.02303597 0.05596284467
21 -77.32499927 0.05503974295
22 -77.61214134 0.05417471659
23 -77.88480265 0.05336469573
24 -78.14335414 0.05260671592
25 -78.38819219 0.05189792346
26 -78.6197339 0.05123557912
27 -78.83841251 0.05061706038
28 -79.04467325 0.05003986244
29 -79.23896945 0.0495015981
30 -79.42175899 0.04899999664
31 -79.59350116 0.04853290197
32 -79.75465383 0.04809827013
33 -79.90567094 0.04769416623
34 -80.04700037 0.04731876098
35 -80.17908205 0.04697032699
36 -80.30234646 0.04664723472
37 -80.41721327 0.04634794844
38 -80.52409031 0.04607102199
39 -80.62337277 0.04581509457
40 -80.71544252 0.04557888654
41 -80.80066771 0.04536119528
42 -80.87940243 0.04516089116
43 -80.95198659 0.0449769135
44 -81.01874585 0.04480826686
45 -81.07999171 0.04465401724
46 -81.13602163 0.04451328863
47 -81.18711931 0.04438525954
48 -81.2335549 0.04426915981
49 -81.27558541 0.04416426752
50 -81.31345503 0.04406990606
51 -81.34739555 0.04398544134
52 -81.37762679 0.04391027919
53 -81.40435705 0.0438438629
54 -81.42778354 0.04378567082
55 -81.44809285 0.04373521421
56 -81.46546141 0.04369203515
57 -81.48005595 0.04365570458
58 -81.49203393 0.04362582051
59 -81.50154401 0.04360200623
60 -81.50872644 0.04358390876
61 -81.51371352 0.04357119732
62 -81.51663 0.0435635619
63 -81.51759345 0.04356071194
64 -81.51671466 0.0435623751
65 -81.51409799 0.04356829606
66 -81.50984175 0.0435782355
67 -81.50403847 0.04359196898
68 -81.49677529 0.0436092861
69 -81.48813422 0.04362998952
70 -81.47819244 0.04365389417
71 -81.46702257 0.04368082648
72 -81.45469295 0.04371062361
73 -81.44126785 0.04374313281
74 -81.42680772 0.04377821082
75 -81.4113692 0.04381572365
76 -81.39500364 0.04385554942
77 -81.37774186 0.04389760904
78 -81.35945402 0.04394214939
79 -81.33857316 0.04399232566
80 -81.30048789 0.04407772403
81 -81.11203452 0.04446961883
82 -79.56394098 0.04773934692
83 -65.80318922 0.08695598923
84 25.5322986 0.9004455555
85 38.58384135 0.9999227735
86 38.04130081 0.9999374008
87 36.21901363 0.999913625
88 33.48523573 0.9998581613
89 30.112374 0.9997370034
90 26.4216814 0.9994829976
91 22.67114965 0.9989770303
92 19.0274888 0.9980308605
93 15.58783944 0.9963846407
94 12.40653327 0.9937353175
95 9.51216239 0.9898030976
96 6.915838377 0.9844189064
97 4.614996535 0.9775921942
98 2.596057687 0.9695213161
99 0.8373714467 0.9605418534
100 -0.687534253 0.9510431443
101 -2.006931975 0.9413918318
102 -3.148559995 0.9318849668
103 -4.138124467 0.9227343228
104 -4.998539751 0.9140720442
105 -5.749701521 0.9059662681
106 -6.40858757 0.8984387202
107 -6.989528397 0.8914801935
108 -7.504543601 0.8850625423
109 -7.963683558 0.8791472552
110 -8.375345469 0.8736912257
111 -8.746550966 0.868650437
112 -9.083182579 0.8639821855
113 -9.390181409 0.8596463227
114 -9.671710516 0.8556058635
115 -9.931289106 0.8518271953
116 -10.17190239 0.8482800495
117 -10.39609146 0.8449373372
118 -10.60602684 0.8417749148
119 -10.80356882 0.8387713209
120 -10.99031708 0.8359075078
121 -11.16765158 0.8331665845
122 -11.33676639 0.8305335743
123 -11.49869783 0.8279951956
124 -11.6543479 0.8255396625
125 -11.80450384 0.8231565075
126 -11.94985462 0.8208364236
127 -12.09100478 0.8185711255
128 -12.22848616 0.8163532266
129 -12.36276782 0.814176131
130 -12.49426455 0.8120339388
131 -12.62334402 0.8099213626
132 -12.75033302 0.8078336547
133 -12.87552275 0.8057665425
134 -12.9991734 0.8037161724
135 -13.12151806 0.8016790598
136 -13.24276622 0.7996520456
137 -13.36310664 0.7976322577
138 -13.48271001 0.7956170766
139 -13.60173113 0.7936041061
140 -13.72031095 0.7915911458
141 -13.83857821 0.7895761684
142 -13.95665103 0.7875572982
143 -14.07463819 0.7855327927
144 -14.19264032 0.783501026
145 -14.31075096 0.781460474
146 -14.42905746 0.779409701
147 -14.54764177 0.7773473481
148 -14.66658126 0.7752721222
149 -14.78594928 0.7731827863
150 -14.90581582 0.7710781511
151 -15.02624798 0.7689570666
152 -15.14731051 0.766818415
153 -15.26906621 0.7646611039
154 -15.39157634 0.7624840604
155 -15.51490098 0.7602862252
156 -15.63909938 0.7580665473
157 -15.76423028 0.7558239789
158 -15.89035218 0.7535574709
159 -16.01752365 0.7512659685
160 -16.14580357 0.7489484066
161 -16.2752514 0.7466037058
162 -16.4059274 0.7442307688
163 -16.53789291 0.7418284758
164 -16.67121053 0.7393956815
165 -16.80594439 0.7369312107
166 -16.94216034 0.7344338546
167 -17.07992623 0.7319023674
168 -17.21931207 0.7293354621
169 -17.36039035 0.7267318071
170 -17.50323617 0.7240900216
171 -17.6479276 0.7214086724
172 -17.79454583 0.7186862693
173 -17.9431755 0.7159212611
174 -18.09390493 0.7131120312
175 -18.24682641 0.710256893
176 -18.4020365 0.7073540858
177 -18.55963635 0.7044017695
178 -18.71973198 0.7013980198
179 -18.88243466 0.6983408233
180 -19.04786123 0.6952280719
181 -19.2161345 0.692057558
182 -19.38738364 0.6888269679
183 -19.56174456 0.6855338771
184 -19.73936039 0.6821757437
185 -19.9203819 0.6787499026
186 -20.10496796 0.6752535597
187 -20.29328611 0.6716837853
188 -20.48551299 0.6680375085
189 -20.68183494 0.6643115108
190 -20.88244854 0.6605024204
191 -21.08756118 0.6566067065
192 -21.29739167 0.6526206744
193 -21.51217085 0.6485404603
194 -21.73214217 0.6443620278
195 -21.95756235 0.6400811646
196 -22.18870196 0.6356934806
197 -22.42584603 0.6311944076
198 -22.66929462 0.6265792005
199 -22.91936335 0.6218429409
200 -23.17638389 0.616980543
201 -23.44070434 0.6119867632
202 -23.71268954 0.6068562128
203 -23.99272127 0.6015833752
204 -24.28119825 0.5961626281
205 -24.57853599 0.5905882716
206 -24.88516636 0.584854563
207 -25.20153697 0.578955758
208 -25.52811011 0.572886162
209 -25.86536139 0.5666401885
210 -26.2137779 0.5602124289
211 -26.57385591 0.5535977326
212 -26.94609794 0.5467912976
213 -27.33100928 0.5397887737
214 -27.72909379 0.5325863761
215 -28.140849 0.5251810113
216 -28.56676038 0.5175704118
217 -29.00729499 0.5097532804
218 -29.46289419 0.5017294405
219 -29.93396572 0.4934999892
220 -30.42087515 0.4850674503
221 -30.92393671 0.4764359206
222 -31.44340386 0.4676112063
223 -31.97945963 0.4586009402
224 -32.53220716 0.4494146755
225 -33.10166057 0.4400639474
226 -33.68773673 0.4305622969
227 -34.29024814 0.4209252491
228 -34.90889729 0.4111702433
229 -35.54327306 0.4013165097
230 -36.19284921 0.3913848924
231 -36.85698555 0.3813976204
232 -37.5349316 0.3713780304
233 -38.22583319 0.3613502487
234 -38.92874162 0.3513388414
235 -39.64262539 0.3413684443
236 -40.36638421 0.3314633859
237 -41.09886468 0.321647317
238 -41.83887736 0.3119428595
239 -42.5852145 0.302371288
240 -43.33666797 0.2929522528
241 -44.09204665 0.2837035542
242 -44.85019291 0.2746409716
243 -45.60999758 0.2657781508
244 -46.37041306 0.2571265482
245 -47.13046432 0.2486954298
246 -47.88925761 0.2404919187
247 -48.6459867 0.232521086
248 -49.39993681 0.224786077
249 -50.15048618 0.2172882643
250 -50.89710553 0.2100274216
251 -51.63935551 0.2030019093
252 -52.37688236 0.1962088673
253 -53.10941201 0.1896444069
254 -53.83674293 0.1833037995
255 -54.55873769 0.1771816568
256 -55.27531373 0.1712721004
257 -55.98643339 0.1655689184
258 -56.69209329 0.1600657073
259 -57.3923135 0.1547559989
260 -58.08712645 0.149633371
261 -58.77656586 0.144691542
262 -59.46065597 0.1399244494
263 -60.13940108 0.1353263123
264 -60.81277589 0.1308916781
265 -61.48071665 0.126615454
266 -62.14311342 0.1224929242
267 -62.79980377 0.1185197528
268 -63.450568 0.1146919748
269 -64.09512613 0.1110059752
270 -64.73313676 0.1074584582
271 -65.36419798 0.104046409
272 -65.98785018 0.1007670486
273 -66.60358083 0.09761778545
274 -67.21083109 0.09459616486
275 -67.80900395 0.09169981877
276 -68.39747374 0.08892641792
277 -68.97559655 0.08627362798
278 -69.54272135 0.08373907122
279 -70.0982013 0.08132029471
280 -70.64140498 0.07901474579
281 -71.1717271 0.07681975503
282 -71.68859843 0.0747325266
283 -72.19149468 0.07275013564
284 -72.67994413 0.07086953192
285 -73.15353379 0.06908754885
286 -73.61191423 0.06740091699
287 -74.05480278 0.06580628079
288 -74.48198533 0.0643002178
289 -74.89331681 0.06287925907
290 -75.28872033 0.06153991019
291 -75.66818532 0.06027867198
292 -76.03176461 0.05909206035
293 -76.37957083 0.05797662485
294 -76.71177217 0.05692896555
295 -77.02858763 0.05594574801
296 -77.33028211 0.05502371631
297 -77.61716116 0.05415970397
298 -77.88956586 0.05335064297
299 -78.14786764 0.0525935708
300 -78.39246331 0.0518856358
301 -78.62377029 0.0512241008
302 -78.84222206 0.0506063454
303 -79.04826405 0.05002986692
304 -79.24234968 0.04949228025
305 -79.4249369 0.04899131675
306 -79.596485 0.04852482237
307 -79.75745178 0.04809075514
308 -79.9082911 0.04768718209
309 -80.04945072 0.0473122758
310 -80.18137041 0.04696431065
311 -80.30448045 0.04664165885
312 -80.41920032 0.04634278631
313 -80.52593764 0.04606624842
314 -80.62508734 0.04581068588
315 -80.71703108 0.04557482049
316 -80.80213673 0.04535745097
317 -80.88075814 0.04515744893
318 -80.95323496 0.04497375494
319 -81.0198926 0.04480537466
320 -81.08104229 0.04465137519
321 -81.13698127 0.0445108815
322 -81.18799296 0.04438307307
323 -81.2343473 0.04426718063
324 -81.27630105 0.04416248309
325 -81.31409818 0.04406830463
326 -81.34797025 0.04398401191
327 -81.37813689 0.04390901145
328 -81.40480619 0.04384274717
329 -81.42817515 0.04378469806
330 -81.44843019 0.04373437593
331 -81.46574756 0.0436913234
332 -81.48029381 0.04365511192
333 -81.49222625 0.04362533995
334 -81.50169336 0.04360163123
335 -81.50883528 0.04358363321
336 -81.51378415 0.04357101547
337 -81.5166646 0.04356346837
338 -81.51759405 0.04356070169
339 -81.5166832 0.04356244339
340 -81.51403629 0.04356843847
341 -81.5097515 0.04357844787
342 -81.5039213 0.04359224742
343 -81.49663271 0.04360962695
344 -81.48796765 0.04363038936
345 -81.47800322 0.04365434979
346 -81.46681198 0.04368133485
347 -81.45446216 0.04371118192
348 -81.44101799 0.0437437384
349 -81.42653984 0.04377886121
350 -81.41108428 0.04381641649
351 -81.39470261 0.04385628254
352 -81.37742559 0.04389838041
353 -81.35912315 0.04394295741
354 -81.33822701 0.04399317155
355 -81.30011357 0.04407863422
356 -81.11150685 0.0444708544
357 -79.56209901 0.04774351746
358 -65.78952748 0.08700542028
359 25.55849954 0.9007428535
360 38.58419956 0.9999228428
361 38.04084864 0.999937396
362 36.21822663 0.9999136127
363 33.4842335 0.9998581352
364 30.11130562 0.9997369514
365 26.4206745 0.9994829011
366 22.67028395 0.9989768667
367 19.02680252 0.9980306125
368 15.58734389 0.9963843139
369 12.40622413 0.9937349628
370 9.51202658 0.989802828
371 6.915858088 0.9844188947
372 4.615151976 0.9775926475
373 2.596329158 0.9695224368
374 0.8377408136 0.960543805
375 -0.6870826969 0.9510460339
376 -2.006411213 0.9413957106
377 -3.147980399 0.9318898411
378 -4.137494136 0.922740169
379 -4.997864925 0.9140788213
380 -5.748986988 0.9059739275
381 -6.407837015 0.8984472119
382 -6.988744686 0.8914894691
383 -7.503728996 0.885072557
384 -7.962839882 0.8791579684
385 -8.374474225 0.8737026007
386 -8.745653421 0.868662441
387 -9.082259829 0.863994789
388 -9.389234421 0.8596594993
389 -9.670740159 0.8556195892
390 -9.930296173 0.8518414485
391 -10.17088761 0.8482948107
392 -10.39505551 0.8449525884
393 -10.60497036 0.8417906397
394 -10.8024924 0.8387875044
395 -10.98922129 0.8359241363
396 -11.16653692 0.8331836453
397 -11.33563337 0.830551056
398 -11.4975469 0.8280130876
399 -11.65317949 0.8255579551
400 -11.80331834 0.8231751919
401 -11.9486524 0.8208554919
402 -12.08978618 0.8185905705
403 -12.22725148 0.8163730418
404 -12.36151735 0.8141963107
405 -12.49299852 0.8120544777
406 -12.62206266 0.8099422564
407 -12.74903652 0.8078548994
408 -12.87421127 0.805788135
409 -12.99784707 0.8037381099
410 -13.12017701 0.8017013401
411 -13.24141051 0.7996746672
412 -13.36173634 0.7976552195
413 -13.48132515 0.7956403781
414 -13.60033172 0.7936277472
415 -13.71889696 0.791615127
416 -13.8371496 0.7896004905
417 -13.95520773 0.7875819627
418 -14.07318011 0.7855578014
419 -14.19116734 0.7835263812
420 -14.30926294 0.7814861784
421 -14.42755423 0.779435758
422 -14.54612315 0.7773737614
423 -14.66504702 0.7752988958
424 -14.78439919 0.773209925
425 -14.90424961 0.7711056599
426 -15.02466537 0.7689849511
427 -15.14571118 0.7668466811
428 -15.26744981 0.7646897583
429 -15.38994251 0.7625131101
430 -15.51324932 0.7603156777
431 -15.63742947 0.7580964106
432 -15.76254167 0.7558542616
433 -15.88864438 0.7535881822
434 -16.01579615 0.7512971181
435 -16.14405583 0.7489800046
436 -16.27348283 0.7466357633
437 -16.4041374 0.7442632973
438 -16.53608083 0.7418614875
439 -16.66937568 0.7394291892
440 -16.80408604 0.736965228
441 -16.94027773 0.7344683959
442 -17.07801854 0.7319374477
443 -17.21737846 0.7293710974
444 -17.35842991 0.7267680141
445 -17.50124795 0.7241268181
446 -17.64591059 0.721446077
447 -17.79249898 0.7187243015
448 -17.94109768 0.7159599415
449 -18.09179497 0.7131513815
450 -18.24468305 0.7102969362
451 -18.39985845 0.7073948458
452 -18.5574222 0.7044432716
453 -18.71748027 0.7014402906
454 -18.88014384 0.6983838908
455 -19.04552968 0.6952719657
456 -19.21376049 0.692102309
457 -19.38496534 0.6888726088
458 -19.55928005 0.6855804421
459 -19.73684764 0.6822232688
460 -19.91781875 0.6787984258
461 -20.10235216 0.6753031208
462 -20.29061524 0.6717344262
463 -20.48278453 0.6680892731
464 -20.6790462 0.6643644452
465 -20.87959669 0.660556573
466 -21.08464324 0.6566621281
467 -21.29440448 0.652677418
468 -21.50911106 0.6485985815
469 -21.72900627 0.6444215847
470 -21.95434662 0.6401422179
471 -22.18540248 0.6357560935
472 -22.42245867 0.6312586459
473 -22.66581504 0.6266451324
474 -22.91578697 0.6219106372
475 -23.17270591 0.6170500768
476 -23.4369197 0.6120582098
477 -23.70879296 0.6069296494
478 -23.98870723 0.6016588808
479 -24.27706097 0.596240283
480 -24.57426946 0.5906681571
481 -24.88076435 0.5849367606
482 -25.19699302 0.5790403491
483 -25.52341756 0.5729732268
484 -25.8605134 0.5667298053
485 -26.20876749 0.5603046731
486 -26.56867598 0.553692675
487 -26.94074132 0.5468890038
488 -27.32546878 0.5398893018
489 -27.72336229 0.5326897756
490 -28.13491949 0.5252873208
491 -28.56062607 0.5176796572
492 -29.0009494 0.509865473
493 -29.45633124 0.5018445745
494 -29.9271799 0.4936180398
495 -30.41386157 0.485188371
496 -30.9166913 0.4765596421
497 -31.43592347 0.4677376337
498 -31.97174218 0.4587299521
499 -32.52425176 0.4495461228
500 -33.09346767 0.4401976525
501 -33.67930821 0.4306980535
502 -34.28158739 0.4210628233
503 -34.90000932 0.4113093747
504 -35.53416449 0.4014569133
505 -36.18352832 0.3915262619
506 -36.84746218 0.3815396315
507 -37.52521717 0.3715203451
508 -38.2159405 0.3614925203
509 -38.91868474 0.3514807193
510 -39.63241951 0.3415095794
511 -40.35604536 0.3316034363
512 -41.08840954 0.3217859526
513 -41.82832301 0.3120797673
514 -42.57457814 0.3025061761
515 -43.3259667 0.2930848539
516 -44.08129721 0.2838336288
517 -44.83941146 0.2747683098
518 -45.59919948 0.2659025733
519 -46.35961272 0.2572479073
520 -47.11967507 0.2488136083
521 -47.87849156 0.2406068297
522 -48.63525469 0.2326326707
523 -49.38924836 0.2248943031
524 -50.13984949 0.2173931234
525 -50.8865275 0.2101289269
526 -51.62884179 0.2031000927
527 -52.36643741 0.1963037767
528 -53.09903922 0.1897361035
529 -53.82644471 0.1833923552
530 -54.54851559 0.1772671516
531 -55.26516861 0.1713546204
532 -55.97636553 0.1656485531
533 -56.68210256 0.1601425483
534 -57.38239952 0.1548301377
535 -58.07728873 0.1497048978
536 -58.76680398 0.1447605445
537 -59.45096971 0.1399910117
538 -60.12979059 0.1353905141
539 -60.80324181 0.1309535943
540 -61.47126019 0.1266751541
541 -62.13373652 0.1225504723
542 -62.79050916 0.1185752077
543 -63.44135924 0.1147453902
544 -64.08600765 0.1110573999
545 -64.72411387 0.1075079369
546 -65.35527683 0.1040939825
547 -65.97903771 0.1008127548
548 -66.5948847 0.09766165999
549 -67.20225957 0.09463824174
550 -67.80056578 0.09174013114
551 -68.38917799 0.08896499869
552 -68.96745247 0.08631051045
553 -69.53473822 0.08377428953
554 -70.09038826 0.08135388431
555 -70.63377087 0.07904674367
556 -71.16428032 0.07685019994
557 -71.68134679 0.07476145916
558 -72.1844453 0.07277759829
559 -72.67310332 0.07089556883
560 -73.14690701 0.06911220579
561 -73.60550599 0.06742424108
562 -74.04861662 0.06582832028
563 -74.47602381 0.06432102171
564 -74.88758152 0.06289887698
565 -75.28321189 0.06155839189
566 -75.66290341 0.06029606719
567 -76.02670806 0.05910841844
568 -76.37473762 0.05799199461
569 -76.70715953 0.05694339492
570 -77.02419212 0.05595928392
571 -77.32609963 0.05503640448
572 -77.61318711 0.05417158879
573 -77.88579515 0.05336176738
574 -78.14429478 0.05260397619
575 -78.3890825 0.05189536195
576 -78.62057545 0.05123318585
577 -78.83920693 0.05061482581
578 -79.04542222 0.05003777749
579 -79.23967465 0.04949965409
580 -79.42242212 0.04899818533
581 -79.59412394 0.04853121555
582 -79.75523795 0.04809670121
583 -79.90621807 0.04769270779
584 -80.04751216 0.04731740641
585 -80.17956013 0.04696907004
586 -80.30279241 0.0466460695
587 -80.41762861 0.0463468694
588 -80.52447655 0.04607002391
589 -80.62373135 0.04581417253
590 -80.71577485 0.04557803591
591 -80.80097512 0.04536041174
592 -80.87968622 0.04516017061
593 -80.952248 0.04497625212
594 -81.01898606 0.04480766105
595 -81.08021185 0.04465346363
596 -81.13622279 0.04451278405
597 -81.18730252 0.04438480103
598 -81.23372115 0.04426874459
599 -81.27573562 0.04416389299
600 -81.31359009 0.04406956976
601 -81.34751631 0.04398514098
602 -81.37773405 0.04391001264
603 -81.40445156 0.04384362814
604 -81.42786602 0.04378546596
605 -81.44816397 0.04373503748
606 -81.46552183 0.0436918849
607 -81.48010626 0.04365557926
608 -81.49207471 0.04362571865
609 -81.50157578 0.04360192648
610 -81.50874973 0.04358384985
611 -81.5137288 0.04357115804
612 -81.51663773 0.04356354113
613 -81.51759405 0.04356070863
614 -81.51670854 0.04356238826
615 -81.51408553 0.04356832478
616 -81.50982329 0.04357827889
617 -81.50401436 0.04359202624
618 -81.49674585 0.04360935646
619 -81.48809974 0.04363007226
620 -81.4781532 0.04365398863
621 -81.46697884 0.04368093202
622 -81.45464498 0.04371073964
623 -81.44121587 0.04374325879
624 -81.42675195 0.04377834622
625 -81.41130984 0.04381586797
626 -81.39494089 0.04385570221
627 -81.37767591 0.04389776988
628 -81.359385 0.04394231794
629 -81.33850096 0.0439925021
630 -81.30041012 0.04407791328
631 -81.11192774 0.04446986989
632 -79.56358725 0.04774015068
633 -65.80061271 0.08696531486
634 25.53724124 0.9005016335
635 38.58390956 0.9999227866
636 38.04121706 0.9999373999
637 36.21886829 0.9999136227
638 33.48505202 0.9998581565
639 30.11218045 0.999736994
640 26.42150223 0.9994829804
641 22.67099978 0.9989770018
642 19.02737517 0.9980308191
643 15.58776383 0.9963845901
644 12.40649444 0.9937352709
645 9.512157433 0.9898030808
646 6.915863532 0.9844189565
647 4.615047723 0.9775923538
648 2.596130931 0.9695216254
649 0.8374631486 0.9605423435
650 -0.6874271542 0.9510438345
651 -2.006811966 0.9413927299
652 -3.148429024 0.9318860719
653 -4.13798403 0.9227356286
654 -4.998390977 0.9140735412
655 -5.74954526 0.9059679456
656 -6.408424464 0.8984405678
657 -6.989358935 0.8914822011
658 -7.504368166 0.8850647008
659 -7.963502456 0.8791495563
660 -8.375158949 0.8736936622
661 -8.74635924 0.8686530024
662 -9.08298583 0.8639848738
663 -9.389979803 0.8596491288
664 -9.671504201 0.8556087826
665 -9.931078222 0.8518302231
666 -10.17168707 0.8482831822
667 -10.39587182 0.8449405713
668 -10.60580299 0.8417782471
669 -10.80334089 0.8387747482
670 -10.99008516 0.8359110276
671 -11.16741577 0.8331701942
672 -11.33652678 0.8305372716
673 -11.49845452 0.8279989784
674 -11.65410096 0.8255435289
675 -11.80425335 0.8231604556
676 -11.94960065 0.820840452
677 -12.0907474 0.8185752327
678 -12.22822543 0.8163574113
679 -12.3625038 0.814180392
680 -12.49399728 0.8120382751
681 -12.62307354 0.8099257733
682 -12.75005937 0.807838139
683 -12.87524597 0.8057710998
684 -12.9988935 0.8037208021
685 -13.12123508 0.8016837615
686 -13.24248016 0.7996568191
687 -13.36281752 0.7976371026
688 -13.48241783 0.795621993
689 -13.60143589 0.7936090938
690 -13.72001264 0.7915962051
691 -13.83827683 0.7895812995
692 -13.95634656 0.7875625014
693 -14.07433061 0.7855380683
694 -14.19232961 0.7835063746
695 -14.31043709 0.7814658961
696 -14.42874038 0.7794151974
697 -14.54732145 0.7773529195
698 -14.66625765 0.7752777695
699 -14.78562233 0.7731885106
700 -14.90548547 0.7710839534
701 -15.02591418 0.768962948
702 -15.14697319 0.7668243768
703 -15.26872529 0.7646671476
704 -15.39123175 0.7624901874
705 -15.51455263 0.7602924371
706 -15.63874718 0.7580728458
707 -15.76387414 0.7558303658
708 -15.889992 0.7535639482
709 -16.01715931 0.7512725382
710 -16.14543497 0.7489550708
711 -16.2748784 0.7466104669
712 -16.40554989 0.7442376292
713 -16.53751074 0.7418354381
714 -16.67082356 0.7394027484
715 -16.80555246 0.736938385
716 -16.9417633 0.7344411394
717 -17.0795239 0.7319097658
718 -17.21890428 0.7293429776
719 -17.3599769 0.7267394431
720 -17.50281687 0.7240977819
721 -17.64750223 0.7214165609
722 -17.79411417 0.7186942901
723 -17.94273731 0.7159294186
724 -18.09345996 0.7131203298
725 -18.2463744 0.7102653378
726 -18.40157718 0.7073626817
727 -18.55916942 0.7044105218
728 -18.71925713 0.7014069341
729 -18.88195157 0.6983499055
730 -19.04736955 0.6952373284
731 -19.21563387 0.6920669951
732 -19.38687368 0.6888365926
733 -19.56122486 0.6855436965
734 -19.73883052 0.6821857655
735 -19.91984141 0.6787601347
736 -20.10441638 0.6752640105
737 -20.29272292 0.6716944637
738 -20.48493766 0.6680484237
739 -20.68124691 0.6643226725
740 -20.88184721 0.6605138388
741 -21.08694593 0.6566183923
742 -21.29676183 0.6526326386
743 -21.51152572 0.6485527148
744 -21.731481 0.6443745847
745 -21.95688436 0.6400940367
746 -22.18800633 0.6357066812
747 -22.42513189 0.6312079505
748 -22.66856106 0.6265931001
749 -22.91860941 0.621857212
750 -23.17560855 0.6169952011
751 -23.43990654 0.6120018241
752 -23.71186818 0.6068716926
753 -23.99187517 0.6015992906
754 -24.28032621 0.5961789959
755 -24.57763673 0.590605109
756 -24.88423859 0.5848718869
757 -25.20057932 0.5789735857
758 -25.52712118 0.5729045102
759 -25.86433975 0.5666590736
760 -26.21272208 0.5602318668
761 -26.57276441 0.5536177381
762 -26.94496927 0.5468118845
763 -27.32984192 0.5398099541
764 -27.72788625 0.5326081604
765 -28.1395998 0.5252034074
766 -28.5654681 0.5175934252
767 -29.00595827 0.5097769134
768 -29.46151175 0.5017536917
769 -29.93253641 0.4935248534
770 -30.41939794 0.4850929176
771 -30.92241075 0.4764619764
772 -31.44182849 0.4676378305
773 -31.97783442 0.4586281072
774 -32.53053191 0.4494423539
775 -33.09993538 0.4400920999
776 -33.68596201 0.43059088
777 -34.28842459 0.4209542136
778 -34.90702597 0.4111995345
779 -35.54135535 0.4013460676
780 -36.19088686 0.3914146526
781 -36.85498062 0.3814275147
782 -37.53288649 0.3714079879
783 -38.22375059 0.3613801965
784 -38.92662447 0.3513687059
785 -39.64047688 0.3413981521
786 -40.36420771 0.3314928653
787 -41.09666369 0.3216764987
788 -41.83665545 0.3119716778
789 -42.58297528 0.3023996815
790 -43.33441503 0.2929801656
791 -44.0897835 0.2837309359
792 -44.84792293 0.2746677781
793 -45.607724 0.2658043446
794 -46.36813889 0.2571520982
795 -47.12819237 0.2487203115
796 -47.88699041 0.2405161138
797 -48.64372652 0.2325445823
798 -49.39768564 0.2248088676
799 -50.14824574 0.2173103476
800 -50.89487727 0.2100488002
801 -51.63714061 0.20302259
802 -52.37468175 0.1962288601
803 -53.1072264 0.1896637247
804 -53.83457282 0.1833224573
805 -54.55658341 0.1771996715
806 -55.27317546 0.17128949
807 -55.98431118 0.1655857017
808 -56.68998712 0.1600819036
809 -57.39022329 0.1547716273
810 -58.08505209 0.1496484504
811 -58.77450727 0.1447060908
812 -59.45861309 0.1399384853
813 -60.13737396 0.1353398519
814 -60.81076466 0.1309047372
815 -61.47872157 0.1266280471
816 -62.14113489 0.1225050647
817 -62.79784238 0.1185314531
818 -63.4486245 0.1147032461
819 -64.09320145 0.1110168278
820 -64.73123203 0.1074689014
821 -65.3623145 0.1040564513
822 -65.98598941 0.1007766979
823 -66.60174439 0.09762704924
824 -67.20902073 0.09460505025
825 -67.80722152 0.09170833269
