0 -81.3735137 0.0439084665
1 -81.19427786 0.044302899
2 -80.9746954 0.04483844793
3 -80.70973033 0.04549337688
4 -80.39263526 0.046288946
5 -80.00921049 0.04726497628
6 -79.60485786 0.04829777453
7 -77.5142419 0.05312341203
8 -57.96328882 0.1202145109
9 31.95335876 0.9758049818
10 38.6169874 0.9999382588
11 37.76300257 0.9999343251
12 35.75580118 0.9999060911
13 32.88690079 0.99984174
14 29.44942862 0.9997028936
15 25.75660638 0.9994159017
16 22.04512453 0.9988536538
17 18.4627165 0.997820893
18 15.093803 0.9960560105
19 11.98496825 0.9932638825
20 9.160129211 0.9891836296
21 6.62758727 0.9836716211
22 4.383241613 0.9767604353
23 2.412943588 0.9686612001
24 0.6951955798 0.9597092731
25 -0.7958462926 0.9502837718
26 -2.087579796 0.9407365862
27 -3.206799138 0.9313501992
28 -4.178310568 0.9223246168
29 -5.024230576 0.9137837569
30 -5.763778392 0.9057907224
31 -6.413373989 0.8983646433
32 -6.986895423 0.891495386
33 -7.495998652 0.8851549254
34 -7.950442965 0.879305469
35 -8.358392734 0.8739049281
36 -8.7266831 0.868910415
37 -9.061046824 0.8642803552
38 -9.366304322 0.8599756679
39 -9.646521056 0.8559603436
40 -9.905137017 0.8522016424
41 -10.1450729 0.8486700641
42 -10.3688171 0.8453391899
43 -10.57849696 0.8421854559
44 -10.77593735 0.839187899
45 -10.9627088 0.8363278989
46 -11.14016726 0.8335889286
47 -11.30948706 0.8309563217
48 -11.47168822 0.8284170592
49 -11.62765933 0.8259595779
50 -11.7781766 0.8235735979
51 -11.92391995 0.8212499701
52 -12.0654865 0.8189805417
53 -12.20340206 0.8167580364
54 -12.33813082 0.8145759504
55 -12.47008359 0.8124284596
56 -12.59962493 0.8103103391
57 -12.72707916 0.8082168917
58 -12.85273559 0.8061438857
59 -12.97685295 0.8040874996
60 -13.09966334 0.8020442739
61 -13.22137552 0.8000110681
62 -13.34217784 0.7979850234
63 -13.46224081 0.7959635293
64 -13.58171926 0.793944194
65 -13.70075432 0.7919248187
66 -13.81947508 0.7899033742
67 -13.93800013 0.7878779805
68 -14.05643881 0.7858468884
69 -14.17489246 0.783808463
70 -14.29345534 0.7817611696
71 -14.41221566 0.77970356
72 -14.53125629 0.7776342611
73 -14.65065557 0.775551964
74 -14.77048791 0.7734554147
75 -14.8908244 0.771343405
76 -15.01173334 0.7692147648
77 -15.1332807 0.7670683549
78 -15.2555306 0.7649030597
79 -15.37854568 0.7627177819
80 -15.50238747 0.7605114358
81 -15.62711676 0.7582829427
82 -15.75279389 0.7560312252
83 -15.87947906 0.753755203
84 -16.00723264 0.7514537877
85 -16.1361154 0.7491258787
86 -16.26618882 0.7467703592
87 -16.39751529 0.7443860915
88 -16.53015839 0.7419719132
89 -16.66418313 0.7395266335
90 -16.79965618 0.7370490286
91 -16.93664613 0.7345378379
92 -17.07522371 0.7319917604
93 -17.21546204 0.7294094501
94 -17.3574369 0.7267895119
95 -17.50122695 0.7241304977
96 -17.64691402 0.7214309018
97 -17.79458339 0.7186891564
98 -17.94432405 0.7159036272
99 -18.09622898 0.7130726086
100 -18.25039553 0.7101943185
101 -18.40692565 0.7072668935
102 -18.56592628 0.7042883836
103 -18.72750972 0.7012567465
104 -18.89179394 0.698169842
105 -19.05890305 0.6950254264
106 -19.22896766 0.6918211458
107 -19.40212533 0.6885545304
108 -19.57852103 0.6852229877
109 -19.75830762 0.6818237963
110 -19.94164637 0.6783540985
111 -20.12870746 0.6748108942
112 -20.31967056 0.6711910335
113 -20.5147254 0.6674912101
114 -20.71407236 0.6637079549
115 -20.9179231 0.659837629
116 -21.12650121 0.6558764178
117 -21.34004282 0.6518203255
118 -21.55879734 0.6476651702
119 -21.78302802 0.6434065797
120 -22.01301273 0.6390399887
121 -22.24904451 0.6345606378
122 -22.49143223 0.6299635738
123 -22.7405012 0.6252436525
124 -22.99659363 0.6203955445
125 -23.26006911 0.6154137444
126 -23.53130492 0.610292583
127 -23.81069624 0.6050262458
128 -24.09865615 0.5996087956
129 -24.39561549 0.594034202
130 -24.70202234 0.5882963781
131 -25.01834135 0.5823892253
132 -25.34505256 0.5763066869
133 -25.68264991 0.5700428126
134 -26.03163918 0.5635918333
135 -26.39253545 0.5569482478
136 -26.76585989 0.550106922
137 -27.15213589 0.5430632008
138 -27.55188444 0.5358130325
139 -27.96561877 0.5283531052
140 -28.39383808 0.520680994
141 -28.83702058 0.5127953177
142 -29.29561561 0.5046959009
143 -29.77003511 0.4963839394
144 -30.26064437 0.4878621631
145 -30.76775232 0.4791349917
146 -31.29160156 0.4702086758
147 -31.83235829 0.461091418
148 -32.39010248 0.4517934636
149 -32.96481873 0.4423271571
150 -33.55638803 0.4327069539
151 -34.16458091 0.4229493831
152 -34.78905242 0.4130729567
153 -35.42933918 0.4030980208
154 -36.08485889 0.3930465516
155 -36.7549126 0.3829418963
156 -37.43868969 0.3728084662
157 -38.13527572 0.3626713899
158 -38.84366307 0.3525561379
159 -39.56276387 0.3424881308
160 -40.29142519 0.3324923464
161 -41.02844577 0.3225929386
162 -41.77259381 0.3128128824
163 -42.52262528 0.3031736575
164 -43.27730205 0.2936949784
165 -44.03540935 0.2843945808
166 -44.79577204 0.2752880663
167 -45.55726912 0.2663888069
168 -46.31884637 0.2577079084
169 -47.07952663 0.2492542277
170 -47.8384178 0.2410344385
171 -48.59471839 0.233053138
172 -49.34772074 0.2253129868
173 -50.09681198 0.2178148742
174 -50.84147294 0.2105581005
175 -51.58127519 0.2035405695
176 -52.3158764 0.1967589846
177 -53.04501434 0.1902090438
178 -53.76849962 0.1838856283
179 -54.48620743 0.1777829817
180 -55.19806855 0.1718948774
181 -55.90405962 0.1662147724
182 -56.6041931 0.1607359463
183 -57.29850689 0.1554516242
184 -57.98705376 0.1503550845
185 -58.66989097 0.1454397511
186 -59.34706996 0.140699269
187 -60.01862655 0.1361275661
188 -60.68457158 0.1317188992
189 -61.34488246 0.1274678861
190 -61.99949559 0.1233695248
191 -62.6483 0.1194191988
192 -63.29113232 0.1156126719
193 -63.9277733 0.1119460714
194 -64.55794594 0.1084158624
195 -65.18131543 0.1050188143
196 -65.79749085 0.1017519609
197 -66.40602867 0.09861255596
198 -67.00643788 0.09559802697
199 -67.59818671 0.09270592733
200 -68.18071069 0.0899338903
201 -68.75342171 0.08727958544
202 -69.31571793 0.08474067939
203 -69.86699405 0.08231480186
204 -70.40665176 0.07999951784
205 -70.93410992 0.07779230639
206 -71.44881425 0.07569054613
207 -71.9502462 0.07369150733
208 -72.43793085 0.07179235012
209 -72.9114436 0.06999012808
210 -73.37041563 0.06828179665
211 -73.81453793 0.06666422518
212 -74.24356411 0.0651342119
213 -74.65731179 0.06368850092
214 -75.05566281 0.06232380029
215 -75.43856237 0.06103680049
216 -75.80601711 0.05982419271
217 -76.15809237 0.05868268635
218 -76.49490881 0.05760902538
219 -76.81663841 0.05660000322
220 -77.12350014 0.055652476
221 -77.41575532 0.05476337409
222 -77.69370283 0.05392971187
223 -77.95767434 0.05314859566
224 -78.20802957 0.05241723011
225 -78.44515165 0.05173292295
226 -78.66944272 0.05109308833
227 -78.88131976 0.05049524887
228 -79.08121071 0.04993703655
229 -79.26955084 0.04941619264
230 -79.44677955 0.04893056676
231 -79.61333737 0.04847811523
232 -79.76966332 0.04805689878
233 -79.91619265 0.04766507988
234 -80.05335477 0.04730091958
235 -80.18157153 0.04696277417
236 -80.30125578 0.04664909154
237 -80.41281011 0.04635840747
238 -80.51662591 0.04608934179
239 -80.61308254 0.04584059454
240 -80.70254672 0.04561094212
241 -80.78537218 0.04539923348
242 -80.86189926 0.04520438639
243 -80.93245484 0.04502538382
244 -80.99735228 0.04486127036
245 -81.05689141 0.04471114884
246 -81.11135877 0.04457417702
247 -81.16102771 0.04444956446
248 -81.20615873 0.04433656948
249 -81.24699975 0.04423449627
250 -81.28378646 0.04414269223
251 -81.31674271 0.04406054528
252 -81.34608091 0.04398748144
253 -81.37200241 0.04392296254
254 -81.394698 0.04386648393
255 -81.41434824 0.0438175725
256 -81.43112397 0.04377578464
257 -81.44518672 0.04374070447
258 -81.45668912 0.04371194204
259 -81.46577533 0.04368913176
260 -81.47258145 0.04367193082
261 -81.47723591 0.04366001778
262 -81.47985987 0.04365309123
263 -81.4805676 0.0436508685
264 -81.47946679 0.04365308448
265 -81.47665896 0.04365949055
266 -81.47223978 0.04366985346
267 -81.46629936 0.04368395444
268 -81.45892256 0.04370158823
269 -81.45018932 0.04372256225
270 -81.44017487 0.04374669581
271 -81.42895008 0.04377381935
272 -81.41658161 0.04380377372
273 -81.40313224 0.04383640956
274 -81.38866102 0.04387158669
275 -81.37322355 0.0439091735
276 -81.19397108 0.04430365283
277 -80.97437188 0.04483925188
278 -80.70938936 0.04549423549
279 -80.39227537 0.04628986651
280 -80.00882856 0.04726597106
281 -79.60443712 0.04829888337
282 -77.51357497 0.05312520222
283 -57.96012368 0.1202296485
284 31.95472061 0.9758174106
285 38.61701936 0.9999382615
286 37.76298663 0.9999343249
287 35.75580329 0.9999060911
288 32.88696767 0.9998417417
289 29.44960026 0.9997029023
290 25.75690578 0.9994159319
291 22.04555747 0.9988537395
292 18.46327626 0.9978211017
293 15.09447516 0.9960564569
294 11.98573414 0.9932647322
295 9.160968668 0.9891850852
296 6.628480735 0.9836738879
297 4.384171905 0.9767636813
298 2.413896997 0.9686655263
299 0.6961622354 0.9597147076
300 -0.7948726887 0.9502902826
301 -2.086602617 0.9407441043
302 -3.205819601 0.9313586401
303 -4.177328456 0.9223338961
304 -5.023244808 0.9137937984
305 -5.762787448 0.9058014617
306 -6.412376191 0.8983760278
307 -6.985889114 0.8915073736
308 -7.494982296 0.8851674826
309 -7.949415203 0.879318569
310 -8.357352398 0.8739185491
311 -8.725629217 0.868924539
312 -9.059978604 0.864294967
313 -9.365221139 0.8599907544
314 -9.64542243 0.8559758931
315 -9.904022593 0.8522176444
316 -10.14394243 0.848686509
317 -10.36767042 0.8453560689
318 -10.577334 0.8422027606
319 -10.77475807 0.8392056216
320 -10.96151323 0.8363460321
321 -11.13895546 0.8336074656
322 -11.30825911 0.8309752559
323 -11.47044423 0.8284363847
324 -11.62639942 0.8259792891
325 -11.77690089 0.8235936895
326 -11.92262856 0.8212704375
327 -12.06417957 0.8190013806
328 -12.2020797 0.816779243
329 -12.33679313 0.8145975212
330 -12.46873069 0.8124503916
331 -12.59825689 0.8103326297
332 -12.72569607 0.8082395389
333 -12.85133748 0.8061668879
334 -12.97543988 0.8041108556
335 -13.09823532 0.8020679828
336 -13.21993255 0.8000351297
337 -13.34071991 0.7980094378
338 -13.46076788 0.795988297
339 -13.58023127 0.7939693161
340 -13.69925118 0.7919502966
341 -13.8179567 0.7899292098
342 -13.93646638 0.7879041761
343 -14.05488955 0.7858734467
344 -14.17332751 0.7838353873
345 -14.29187452 0.7817884635
346 -14.41061874 0.7797312276
347 -14.52964305 0.777662307
348 -14.64902573 0.7755803932
349 -14.76884119 0.7734842328
350 -14.88916049 0.7713726179
351 -15.01005189 0.7692443791
352 -15.13158136 0.7670983774
353 -15.25381297 0.764933498
354 -15.37680933 0.7627486439
355 -15.50063196 0.7605427302
356 -15.6253416 0.7583146786
357 -15.75099857 0.7560634123
358 -15.87766304 0.7537878516
359 -16.00539533 0.7514869087
360 -16.13425621 0.7491594837
361 -16.26430708 0.7468044604
362 -16.39561032 0.7444207019
363 -16.52822946 0.7420070466
364 -16.66222947 0.7395623043
365 -16.79767699 0.737085252
366 -16.93464054 0.7345746301
367 -17.07319081 0.7320291383
368 -17.21340087 0.7294474316
369 -17.35534644 0.726828116
370 -17.49910614 0.7241697442
371 -17.64476173 0.7214708117
372 -17.79239842 0.7187297518
373 -17.94210514 0.7159449315
374 -18.09397481 0.7131146462
375 -18.24810468 0.7102371153
376 -18.40459663 0.7073104768
377 -18.56355753 0.7043327821
378 -18.72509957 0.7013019904
379 -18.88934065 0.6982159633
380 -19.05640476 0.6950724586
381 -19.2264224 0.6918691242
382 -19.39953102 0.6886034924
383 -19.57587548 0.6852729726
384 -19.75560851 0.6818748453
385 -19.93889124 0.6784062552
386 -20.1258937 0.6748642043
387 -20.31679543 0.6712455451
388 -20.51178598 0.667546974
389 -20.71106557 0.6637650243
390 -20.91484568 0.6598960597
391 -21.12334971 0.6559362686
392 -21.3368136 0.6518816579
393 -21.55548652 0.6477280486
394 -21.77963155 0.6434710714
395 -22.00952629 0.6391061643
396 -22.24546356 0.6346285706
397 -22.48775199 0.6300333402
398 -22.73671661 0.6253153318
399 -22.99269939 0.620469219
400 -23.25605963 0.6154894986
401 -23.52717435 0.6103705043
402 -23.80643845 0.6051064236
403 -24.09426475 0.5996913209
404 -24.39108379 0.5941191672
405 -24.69734342 0.5883838761
406 -25.01350802 0.5824793489
407 -25.3400574 0.576399528
408 -25.67748532 0.5701384609
409 -26.02629737 0.5636903754
410 -26.38700852 0.5570497654
411 -26.76013987 0.5502114906
412 -27.1462148 0.5431708879
413 -27.54575437 0.5359238954
414 -27.95927196 0.528467189
415 -28.38726705 0.5207983294
416 -28.8302182 0.5129159182
417 -29.28857526 0.5048197607
418 -29.76275079 0.4965110305
419 -30.25311085 0.4879924332
420 -30.75996532 0.4792683616
421 -31.28355787 0.4703450376
422 -31.82405593 0.4612306332
423 -32.38154086 0.4519353623
424 -32.95599876 0.442471537
425 -33.54731226 0.4328535808
426 -34.15525362 0.4230979918
427 -34.77947966 0.4132232525
428 -35.41952881 0.4032496824
429 -36.0748206 0.3931992346
430 -36.74465781 0.3830952374
431 -37.42823147 0.3729620883
432 -38.12462868 0.3628249076
433 -38.8328431 0.3527091632
434 -39.55178803 0.3426402793
435 -40.28031139 0.332643243
436 -41.01721254 0.3227422235
437 -41.76126002 0.312960216
438 -42.51120984 0.3033187249
439 -43.26582366 0.2938374931
440 -44.02388624 0.2845342879
441 -44.78422173 0.2754247438
442 -45.54570821 0.2665222673
443 -46.30729037 0.2578379986
444 -47.0679898 0.2493808284
445 -47.82691308 0.2411574628
446 -48.58325731 0.2331725297
447 -49.33631338 0.2254287179
448 -50.085467 0.2179269426
449 -50.83019757 0.2106665266
450 -51.57007533 0.2036453936
451 -52.30475667 0.1968602639
452 -53.03397821 0.1903068493
453 -53.75754949 0.1839800422
454 -54.47534481 0.1778740946
455 -55.18729414 0.1719827859
456 -55.89337352 0.166299577
457 -56.59359494 0.1608177492
458 -57.28799597 0.1555305276
459 -57.97662926 0.1504311891
460 -58.65955207 0.1455131548
461 -59.336816 0.140770066
462 -60.00845717 0.1361958458
463 -60.67448689 0.1317847458
464 -61.33488312 0.1275313782
465 -61.98958294 0.1234307351
466 -62.63847615 0.1194781942
467 -63.2814002 0.1156695136
468 -63.91813671 0.1120008153
469 -64.54840957 0.1084685596
470 -65.17188483 0.1050695113
471 -65.78817243 0.1018007008
472 -66.39682959 0.09865937874
473 -66.99736596 0.09564297038
474 -67.58925036 0.09274902759
475 -68.17191874 0.08997518274
476 -68.74478328 0.0873191052
477 -69.30724226 0.08477846191
478 -69.85869036 0.08235088342
479 -70.3985291 0.08003393588
480 -70.92617699 0.07782509982
481 -71.44107927 0.07572175548
482 -71.94271678 0.07372117483
483 -72.43061388 0.07182051967
484 -72.90434517 0.07001684519
485 -73.36354092 0.06830710824
486 -73.80789121 0.06668817939
487 -74.23714866 0.06515685786
488 -74.65112992 0.06370988844
489 -75.04971585 0.06234397962
490 -75.4328507 0.061055822
491 -75.80054018 0.05984210666
492 -76.15284877 0.05869954259
493 -76.48989631 0.05762487312
494 -76.81185404 0.05661489082
495 -77.11894023 0.05566645078
496 -77.41141559 0.05477648218
497 -77.68957848 0.05394199804
498 -77.9537601 0.05316010323
499 -78.20431977 0.05242800089
500 -78.4416403 0.05174299713
501 -78.66612357 0.05110250447
502 -78.87818637 0.05050404387
503 -79.07825649 0.04994524564
504 -79.26676914 0.04942384941
505 -79.44416365 0.04893770314
506 -79.61088057 0.04848476154
507 -79.76735896 0.04806308378
508 -79.91403413 0.04767083079
509 -80.0513356 0.04730626216
510 -80.17968536 0.04696773275
511 -80.2994964 0.04665368909
512 -80.41117147 0.04636266563
513 -80.51510214 0.04609328097
514 -80.61166794 0.04584423395
515 -80.70123582 0.04561429982
516 -80.78415969 0.04540232648
517 -80.8607801 0.04520723066
518 -80.93142414 0.04502799437
519 -80.99640536 0.04486366129
520 -81.05602381 0.04471333339
521 -81.11056623 0.04457616761
522 -81.16030616 0.04445137275
523 -81.20550431 0.0443382064
524 -81.24640877 0.04423597209
525 -81.28325543 0.04414401657
526 -81.31626831 0.04406172715
527 -81.34565998 0.04398852932
528 -81.37163199 0.04392388434
529 -81.39437524 0.04386728711
530 -81.41407048 0.04381826402
531 -81.43088868 0.04377637104
532 -81.44499151 0.04374119188
533 -81.45653173 0.04371233621
534 -81.46565363 0.04368943807
535 -81.47249343 0.04367215432
536 -81.47717967 0.04366016321
537 -81.47983362 0.04365316303
538 -81.48056964 0.04365087084
539 -81.47949554 0.04365302127
540 -81.47671293 0.04365936544
541 -81.47231755 0.0436696699
542 -81.46639959 0.04368371564
543 -81.45904401 0.04370129722
544 -81.4503308 0.04372222188
545 -81.44033528 0.04374630873
546 -81.42912837 0.04377338806
547 -81.4167768 0.04380330056
548 -81.40334339 0.04383589675
549 -81.38888728 0.04387103627
550 -81.37346408 0.04390858742
551 -81.19422539 0.04430302792
552 -80.97464007 0.04483858543
553 -80.70967202 0.04549352372
554 -80.39257372 0.04628910341
555 -80.00914519 0.04726514636
556 -79.604786 0.04829796394
557 -77.5141289 0.0531237157
558 -57.96275798 0.1202170507
559 31.95358705 0.9758070652
560 38.61699288 0.9999382593
561 37.76300018 0.999934325
562 35.75580207 0.9999060911
563 32.88691288 0.9998417403
564 29.44945867 0.9997028951
565 25.75665825 0.9994159069
566 22.04519919 0.9988536686
567 18.46281277 0.9978209289
568 15.09391844 0.9960560872
569 11.98509965 0.9932640283
570 9.160273157 0.9891838792
571 6.627740423 0.9836720097
572 4.383401044 0.9767609916
573 2.413106961 0.9686619414
574 0.6953612119 0.9597102044
575 -0.7956794758 0.9502848874
576 -2.08741237 0.9407378744
577 -3.206631311 0.9313516454
578 -4.178142303 0.9223262067
579 -5.024061688 0.9137854773
580 -5.763608621 0.9057925624
581 -6.413203049 0.8983665937
582 -6.986723031 0.8914974396
583 -7.495824545 0.8851570766
584 -7.950266911 0.8793077131
585 -8.358214533 0.8739072613
586 -8.726502585 0.8689128344
587 -9.060863859 0.864282858
588 -9.366118801 0.8599782519
589 -9.646332896 0.8559630069
590 -9.904946156 0.852204383
591 -10.1448793 0.8486728805
592 -10.36862072 0.8453420806
593 -10.5782978 0.8421884195
594 -10.7757354 0.8391909341
595 -10.96250406 0.8363310043
596 -11.13995975 0.833592103
597 -11.30927678 0.8309595641
598 -11.4714752 0.8284203686
599 -11.62744359 0.8259629533
600 -11.77795815 0.8235770383
601 -11.92369882 0.8212534749
602 -12.06526271 0.8189841101
603 -12.20317563 0.8167616677
604 -12.33790176 0.8145796441
605 -12.46985193 0.8124322151
606 -12.59939068 0.810314156
607 -12.72684234 0.8082207696
608 -12.85249619 0.8061478244
609 -12.976611 0.8040914989
610 -13.09941883 0.8020483335
611 -13.22112844 0.8000151881
612 -13.34192821 0.7979892038
613 -13.46198861 0.7959677702
614 -13.58146448 0.7939484955
615 -13.70049695 0.7919291812
616 -13.8192151 0.7899077979
617 -13.93773752 0.7878824658
618 -14.05617355 0.7858514358
619 -14.17462451 0.783813073
620 -14.29318468 0.7817658429
621 -14.41194224 0.7797082972
622 -14.53098008 0.777639063
623 -14.65037652 0.7755568316
624 -14.77020597 0.7734603488
625 -14.89053952 0.7713484066
626 -15.01144546 0.7692198352
627 -15.13298976 0.7670734951
628 -15.25523653 0.7649082711
629 -15.37824841 0.7627230657
630 -15.50208692 0.7605167936
631 -15.62681285 0.758288376
632 -15.75248653 0.7560367357
633 -15.87916816 0.7537607924
634 -16.0069181 0.7514594579
635 -16.13579712 0.7491316317
636 -16.26586669 0.7467761971
637 -16.39718918 0.7443920164
638 -16.52982819 0.7419779276
639 -16.6638487 0.7395327398
640 -16.79931739 0.7370552293
641 -16.93630283 0.7345441359
642 -17.07487574 0.7319981586
643 -17.21510924 0.7294159514
644 -17.35707909 0.7267961197
645 -17.50086395 0.7241372153
646 -17.64654564 0.7214377327
647 -17.79420943 0.7186961045
648 -17.94394428 0.7159106965
649 -18.0958432 0.7130798032
650 -18.25000348 0.7102016428
651 -18.40652707 0.7072743522
652 -18.56552092 0.7042959816
653 -18.72709728 0.7012644889
654 -18.89137414 0.6981777343
655 -19.05847556 0.6950334743
656 -19.22853215 0.6918293553
657 -19.40168144 0.6885629079
658 -19.57806839 0.68523154
659 -19.75784584 0.6818325303
660 -19.94117502 0.6783630217
661 -20.1282261 0.6748200143
662 -20.31917872 0.6712003587
663 -20.51422259 0.6675007492
664 -20.71355804 0.6637177168
665 -20.91739673 0.6598476233
666 -21.12596219 0.6558866544
667 -21.33949054 0.6518308151
668 -21.55823113 0.6476759236
669 -21.7824472 0.6434176084
670 -22.01241655 0.6390513047
671 -22.2484322 0.6345722537
672 -22.49080299 0.6299755025
673 -22.73985416 0.6252559075
674 -22.99592788 0.6204081399
675 -23.2593837 0.6154266944
676 -23.53059885 0.6103059027
677 -23.80996847 0.6050399503
678 -24.0979056 0.5996229004
679 -24.394841 0.5940487229
680 -24.70122275 0.5883113308
681 -25.01751542 0.5824046256
682 -25.34419904 0.5763225505
683 -25.68176749 0.5700591548
684 -26.03072655 0.5636086688
685 -26.39159125 0.5569655904
686 -26.76488277 0.5501247846
687 -27.15112448 0.5430815949
688 -27.5508374 0.5358319679
689 -27.96453477 0.5283725894
690 -28.39271585 0.5207010323
691 -28.8358589 0.5128159124
692 -29.29441336 0.5047170511
693 -29.76879126 0.4964056402
694 -30.25935802 0.4878844056
695 -30.76642274 0.4791577624
696 -31.2902282 0.4702319565
697 -31.8309408 0.461115185
698 -32.38864076 0.451817688
699 -32.96331293 0.4423518046
700 -33.55483857 0.4327319846
701 -34.16298852 0.4229747519
702 -34.78741811 0.4130986134
703 -35.42766428 0.4031239109
704 -36.08314504 0.3930726164
705 -36.75316174 0.382968074
706 -37.43690402 0.3728346927
707 -38.13345774 0.3626975997
708 -38.84181545 0.3525822649
709 -39.56088951 0.3425141097
710 -40.28952713 0.3325181133
711 -41.02652716 0.3226184322
712 -41.77065785 0.312838045
713 -42.52067517 0.3031984354
714 -43.27534097 0.2937193228
715 -44.0334404 0.2844184483
716 -44.79379819 0.2753114191
717 -45.5552932 0.266411613
718 -46.31687101 0.2577301417
719 -47.07755425 0.2492758678
720 -47.8364506 0.2410554705
721 -48.59275833 0.2330735522
722 -49.34576954 0.2253327785
723 -50.09487111 0.2178340428
724 -50.83954363 0.2105766495
725 -51.57935843 0.2035585056
726 -52.31397299 0.1967763175
727 -53.04312487 0.1902257855
728 -53.7666245 0.1839017926
729 -54.48434692 0.177798584
730 -55.19622276 0.1719099341
731 -55.90222857 0.1662293006
732 -56.60237674 0.1607499632
733 -57.2967051 0.1554651471
734 -57.9852664 0.1503681306
735 -58.6681179 0.1454523369
736 -59.34531108 0.1407114105
737 -60.0168818 0.1361392784
738 -60.68284098 0.1317301965
739 -61.34316614 0.1274787819
740 -61.99779378 0.1233800312
741 -62.64661308 0.1194293272
742 -63.2894608 0.1156224327
743 -63.92611783 0.111955474
744 -64.55630733 0.1084249154
745 -65.17969466 0.1050275255
746 -65.79588902 0.1017603376
747 -66.40444702 0.09862060485
748 -67.00487777 0.09560575443
749 -67.59664959 0.09271333945
750 -68.17919809 0.08994099303
751 -68.75193521 0.08728638471
752 -69.31425912 0.08474718116
753 -69.86556454 0.08232101226
754 -70.40525311 0.08000544321
755 -70.93274365 0.07779795331
756 -71.44748178 0.07569592147
757 -71.94894885 0.07369661826
758 -72.43666982 0.0717972041
759 -72.91021996 0.06999473285
760 -73.36923028 0.0682861602
761 -73.81339162 0.06666835571
762 -74.24245743 0.06513811779
763 -74.65624514 0.06369219067
764 -75.05463644 0.06232728248
765 -75.43757636 0.06104008373
766 -75.80507137 0.05982728558
767 -76.15718669 0.05868559739
768 -76.49404281 0.057611763
769 -76.8158116 0.05660257569
770 -77.1227119 0.05565489143
771 -77.41500492 0.05476564039
772 -77.69298946 0.0539318367
773 -77.95699711 0.05315058644
774 -78.20738751 0.05241909402
775 -78.44454374 0.05173466688
776 -78.66886789 0.05109471889
777 -78.88077692 0.0504967724
778 -79.08069872 0.04993845909
779 -79.26906858 0.04941751996
780 -79.44632586 0.04893180435
781 -79.6129111 0.04847926829
782 -79.76926334 0.04805797225
783 -79.91581782 0.04766607844
784 -80.05300398 0.04730184766
785 -80.18124369 0.04696363596
786 -80.30094982 0.04664989099
787 -80.412525 0.0463591483
788 -80.51636063 0.04609002751
789 -80.61283612 0.04584122846
790 -80.70231822 0.04561152735
791 -80.78516068 0.04539977294
792 -80.86170389 0.04520488284
793 -80.93227478 0.04502583984
794 -80.9971867 0.04486168838
795 -81.05673956 0.04471153115
796 -81.1112199 0.04457452576
797 -81.16090113 0.04444988164
798 -81.20604377 0.04433685698
799 -81.24689577 0.04423475587
800 -81.28369287 0.04414292558
801 -81.31665893 0.04406075394
802 -81.34600639 0.04398766688
803 -81.37193666 0.04392312612
804 -81.3946405 0.04386662694
805 -81.41429855 0.04381769614
806 -81.43108165 0.04377589005
807 -81.44515135 0.0437407927
808 -81.45666031 0.04371201409
809 -81.46575272 0.04368918855
810 -81.47256469 0.04367197323
811 -81.47722467 0.04366004663
812 -81.47985384 0.04365310729
813 -81.48056648 0.04365087249
814 -81.47947031 0.04365307708
815 -81.47666687 0.04365947239
816 -81.47225183 0.04366982514
817 -81.46631532 0.04368391651
818 -81.45894221 0.04370154122
819 -81.45021245 0.04372250665
820 -81.4402013 0.04374663209
821 -81.42897962 0.04377374793
822 -81.41661409 0.04380369501
823 -81.4031675 0.04383632395
824 -81.38869892 0.04387149453
825 -81.37326393 0.04390907513
