0 -71.14492798 0.0769299803
1 -71.66371552 0.07483242231
2 -72.16848338 0.07284035892
3 -72.65875389 0.07095072286
4 -73.13410847 0.06916032882
5 -73.59419254 0.06746588693
6 -74.03871883 0.06586401971
7 -74.46746926 0.06435128136
8 -74.88029546 0.06292417845
9 -75.27711795 0.06157919118
10 -75.65792426 0.06031279431
11 -76.02276607 0.05912147734
12 -76.37175552 0.05800176326
13 -76.70506094 0.05695022569
14 -77.02290214 0.05596350407
15 -77.32554531 0.05503831685
16 -77.61329784 0.05417147265
17 -77.88650303 0.05335987933
18 -78.14553494 0.05260055121
19 -78.39079328 0.05189061442
20 -78.62269863 0.05122731071
21 -78.84168782 0.0506079997
22 -79.04820973 0.05003015983
23 -79.24272134 0.04949138827
24 -79.42568416 0.04898939979
25 -79.59756107 0.04852202485
26 -79.75881341 0.04808720709
27 -79.9098985 0.04768300017
28 -80.05126745 0.04730756432
29 -80.18336329 0.04695916255
30 -80.30661942 0.04663615657
31 -80.42145828 0.04633700269
32 -80.5282903 0.04606024752
33 -80.62751308 0.04580452372
34 -80.71951075 0.04556854579
35 -80.80465352 0.04535110581
36 -80.88329738 0.04515106938
37 -80.95578398 0.04496737164
38 -81.02244055 0.04479901337
39 -81.08358003 0.04464505725
40 -81.13950118 0.04450462432
41 -81.19048881 0.04437689056
42 -81.23681412 0.04426108355
43 -81.278735 0.04415647943
44 -81.31649644 0.04406239994
45 -81.35033091 0.04397820957
46 -81.38045882 0.04390331296
47 -81.40708897 0.04383715241
48 -81.43041898 0.04377920545
49 -81.45063581 0.04372898272
50 -81.46791615 0.04368602577
51 -81.48242695 0.0436499052
52 -81.49432585 0.04362021874
53 -81.5037616 0.04359658953
54 -81.51087455 0.04357866454
55 -81.51579704 0.04356611299
56 -81.5186538 0.04355862496
57 -81.51956238 0.04355591006
58 -81.51863342 0.04355769629
59 -81.51597041 0.0435637302
60 -81.51166436 0.04357378717
61 -81.50574274 0.04358777349
62 -81.49770699 0.04360665496
63 -81.48236089 0.04364084069
64 -81.4122156 0.04378593602
65 -80.85891111 0.04491808537
66 -75.97709986 0.05602090488
67 -33.62839191 0.278172388
68 37.26463089 0.9986614863
69 38.49403129 0.9999414713
70 37.1507075 0.9999268876
71 34.77021222 0.9998878194
72 31.58938968 0.9997995857
73 27.93148484 0.9996083685
74 24.10193307 0.9992123662
75 20.31610036 0.998439552
76 16.70462635 0.9970348399
77 13.34177567 0.9946755724
78 10.26787459 0.9910308814
79 7.501358041 0.9858574999
80 5.044312777 0.9790918184
81 2.885730712 0.9708870387
82 1.00473952 0.9615742727
83 -0.6257684279 0.9515729632
84 -2.035622245 0.941297688
85 -3.254558064 0.9310950541
86 -4.310356174 0.9212182177
87 -5.227858307 0.9118292373
88 -6.028635828 0.9030154412
89 -6.731063767 0.8948094045
90 -7.350607506 0.8872069797
91 -7.900193995 0.880181395
92 -8.390592917 0.8736933456
93 -8.830769883 0.8676977738
94 -9.228196019 0.8621481848
95 -9.58911064 0.8569992417
96 -9.918739771 0.8522082148
97 -10.22147582 0.8477356923
98 -10.50102435 0.8435458351
99 -10.76052362 0.8396063575
100 -11.00264181 0.8358883551
101 -11.22965631 0.8323660542
102 -11.44351832 0.8290165288
103 -11.64590582 0.825819413
104 -11.83826702 0.8227566243
105 -12.02185619 0.8198121057
106 -12.19776327 0.8169715908
107 -12.36693854 0.8142223922
108 -12.53021311 0.811553213
109 -12.68831614 0.8089539799
110 -12.84188926 0.8064156961
111 -12.99149879 0.8039303115
112 -13.13764603 0.8014906093
113 -13.28077606 0.7990901057
114 -13.42128519 0.7967229624
115 -13.55952738 0.79438391
116 -13.69581972 0.7920681798
117 -13.83044716 0.789771445
118 -13.9636666 0.7874897679
119 -14.09571042 0.7852195541
120 -14.22678957 0.782957512
121 -14.35709621 0.7807006161
122 -14.48680608 0.7784460759
123 -14.61608056 0.7761913071
124 -14.74506843 0.7739339068
125 -14.8739075 0.7716716308
126 -15.00272599 0.7694023736
127 -15.13164377 0.7671241505
128 -15.26077348 0.7648350814
129 -15.39022154 0.7625333764
130 -15.52008899 0.7602173223
131 -15.65047231 0.7578852709
132 -15.78146416 0.755535628
133 -15.913154 0.7531668435
134 -16.04562872 0.750777402
135 -16.17897315 0.7483658147
136 -16.31327063 0.745930611
137 -16.44860339 0.7434703314
138 -16.58505308 0.7409835206
139 -16.72270112 0.7384687207
140 -16.86162911 0.735924465
141 -17.00191924 0.733349272
142 -17.14365459 0.7307416397
143 -17.28691953 0.7281000395
144 -17.43180004 0.7254229113
145 -17.57838405 0.7227086574
146 -17.72676178 0.7199556374
147 -17.87702609 0.717162163
148 -18.02927278 0.714326492
149 -18.18360098 0.7114468233
150 -18.34011345 0.7085212916
151 -18.49891698 0.7055479612
152 -18.66012272 0.7025248208
153 -18.82384659 0.6994497777
154 -18.99020965 0.6963206518
155 -19.1593385 0.6931351698
156 -19.33136573 0.6898909587
157 -19.50643033 0.6865855401
158 -19.68467815 0.6832163238
159 -19.8662624 0.6797806009
160 -20.05134411 0.6762755382
161 -20.24009268 0.6726981709
162 -20.43268639 0.6690453967
163 -20.62931296 0.6653139695
164 -20.83017014 0.6615004929
165 -21.03546629 0.6576014144
166 -21.24542097 0.6536130201
167 -21.46026559 0.6495314295
168 -21.68024402 0.6453525913
169 -21.90561324 0.6410722798
170 -22.13664391 0.6366860931
171 -22.37362104 0.6321894518
172 -22.61684455 0.6275776001
173 -22.86662983 0.6228456089
174 -23.12330821 0.6179883814
175 -23.38722742 0.6130006617
176 -23.65875188 0.607877047
177 -23.93826295 0.6026120045
178 -24.22615893 0.5971998924
179 -24.52285499 0.5916349874
180 -24.82878275 0.5859115181
181 -25.1443897 0.5800237063
182 -25.47013819 0.5739658159
183 -25.80650416 0.5677322111
184 -26.15397532 0.5613174248
185 -26.51304893 0.5547162371
186 -26.88422897 0.5479237655
187 -27.26802267 0.540935566
188 -27.66493648 0.5337477466
189 -28.07547115 0.5263570915
190 -28.50011621 0.5187611954
191 -28.93934357 0.5109586079
192 -29.39360035 0.5029489829
193 -29.86330107 0.4947332331
194 -30.34881906 0.4863136834
195 -30.85047738 0.4776942197
196 -31.36853932 0.4688804267
197 -31.90319879 0.4598797097
198 -32.45457067 0.4507013911
199 -33.02268172 0.4413567778
200 -33.60746204 0.4318591892
201 -34.20873785 0.4222239427
202 -34.82622558 0.4124682887
203 -35.45952802 0.4026112939
204 -36.1081325 0.39267367
205 -36.77141172 0.3826775498
206 -37.44862714 0.3726462145
207 -38.13893526 0.3626037783
208 -38.84139648 0.3525748402
209 -39.55498664 0.3425841141
210 -40.27861078 0.3326560503
211 -41.01111879 0.3228144618
212 -41.75132232 0.3130821684
213 -42.49801264 0.3034806728
214 -43.24997855 0.2940298771
215 -44.00602402 0.2847478496
216 -44.76498479 0.2756506473
217 -45.52574365 0.2667521956
218 -46.28724377 0.2580642265
219 -47.04850003 0.2495962713
220 -47.80860797 0.2413557038
221 -48.56675038 0.2333478271
222 -49.32220141 0.2255759965
223 -50.07432846 0.2180417716
224 -50.82259177 0.2107450886
225 -51.56654208 0.2036844463
226 -52.30581642 0.1968570986
227 -53.04013236 0.1902592487
228 -53.76928082 0.1838862384
229 -54.49311779 0.1777327308
230 -55.21155505 0.1717928815
231 -55.92455017 0.1660604977
232 -56.63209596 0.1605291819
233 -57.33420944 0.1551924612
234 -58.03092079 0.1500438999
235 -58.72226215 0.1450771962
236 -59.40825673 0.1402862621
237 -60.08890828 0.135665288
238 -60.76419129 0.1312087901
239 -61.43404196 0.1269116442
240 -62.09835042 0.1227691027
241 -62.75695422 0.1187767994
242 -63.40963347 0.1149307408
243 -64.05610767 0.1112272851
244 -64.69603451 0.1076631127
245 -65.32901067 0.1042351869
246 -65.95457455 0.1009407098
247 -66.57221107 0.09777707267
248 -67.18135822 0.09474180578
249 -67.78141522 0.09183252728
250 -68.37175208 0.08904689508
251 -68.95172014 0.08638256249
252 -69.5206632 0.08383713932
253 -70.07792901 0.08140815971
254 -70.62288059 0.0790930572
255 -71.15490708 0.07688914739
256 -71.67343377 0.07479361809
257 -72.17793117 0.07280352658
258 -72.66792265 0.07091580323
259 -73.14299083 0.06912726057
260 -73.60278236 0.06743460691
261 -74.04701129 0.06583446324
262 -74.47546086 0.06432338265
263 -74.88798401 0.06289787101
264 -75.28450257 0.06155440819
265 -75.66500532 0.06028946905
266 -76.0295451 0.05909954352
267 -76.37823519 0.0579811554
268 -76.71124494 0.0569308794
269 -77.02879507 0.05594535634
270 -77.33115262 0.05502130629
271 -77.61862571 0.05415553964
272 -77.89155828 0.05334496622
273 -78.15032491 0.05258660241
274 -78.39532577 0.05187757651
275 -78.62698177 0.05121513249
276 -78.84573004 0.05059663219
277 -79.05201962 0.05001955633
278 -79.24630762 0.04948150432
279 -79.42905561 0.04898019312
280 -79.60072647 0.0485134554
281 -79.76178148 0.04807923688
282 -79.91267786 0.04767559329
283 -80.05386658 0.04730068685
284 -80.18579053 0.04695278248
285 -80.30888288 0.04663024372
286 -80.42356587 0.04633152863
287 -80.53024969 0.04605518549
288 -80.62933169 0.04579984857
289 -80.72119574 0.04556423387
290 -80.80621177 0.04534713489
291 -80.88473552 0.04514741862
292 -80.95710836 0.04496402145
293 -81.02365725 0.04479594537
294 -81.08469485 0.04464225423
295 -81.14051964 0.04450207013
296 -81.19141621 0.04437457004
297 -81.23765547 0.04425898251
298 -81.27949508 0.04415458458
299 -81.31717977 0.0440606988
300 -81.35094179 0.04397669048
301 -81.38100133 0.04390196498
302 -81.40756695 0.04383596528
303 -81.4308361 0.04377816959
304 -81.4509955 0.04372808911
305 -81.46822168 0.04368526601
306 -81.48268141 0.04364927139
307 -81.49453213 0.04361970349
308 -81.50392246 0.04359618592
309 -81.51099257 0.04357836607
310 -81.51587466 0.04356591359
311 -81.51869332 0.04355851893
312 -81.51956596 0.04355589205
313 -81.5186031 0.04355776132
314 -81.51590813 0.04356387357
315 -81.5115719 0.0435740045
316 -81.50562177 0.04358806073
317 -81.4975587 0.0436070091
318 -81.48218296 0.04364126588
319 -81.41197419 0.04378650092
320 -80.85828255 0.04491946988
321 -75.97311662 0.05603096209
322 -33.59659847 0.2784482171
323 37.26681184 0.9986651107
324 38.49387385 0.9999414708
325 37.1502274 0.9999268814
326 34.76953764 0.9998878056
327 31.58864206 0.9997995579
328 27.9307851 0.9996083173
329 24.1013645 0.9992122821
330 20.31570508 0.9984394354
331 16.70441697 0.9970347183
332 13.34174706 0.9946755231
333 10.26801174 0.9910310474
334 7.501640974 0.9858580849
335 5.044719875 0.9790930558
336 2.886241149 0.970889147
337 1.005334864 0.9615774174
338 -0.6251034007 0.9515772407
339 -2.034899432 0.9413031305
340 -3.253786361 0.9311016467
341 -4.309542017 0.9212259169
342 -5.227006241 0.9118379864
343 -6.027749014 0.9030251808
344 -6.730144393 0.8948200774
345 -7.349657095 0.8872185342
346 -7.899213627 0.8801937853
347 -8.389583387 0.8737065315
348 -8.829731806 0.8677117207
349 -9.2271299 0.8621628621
350 -9.588016923 0.8570146228
351 -9.917618863 0.8522242758
352 -10.22032811 0.8477524122
353 -10.49985023 0.8435631949
354 -10.75932346 0.8396243399
355 -11.00141599 0.8359069445
356 -11.22840521 0.8323852361
357 -11.4422423 0.8290362902
358 -11.64460525 0.8258397418
359 -11.83694225 0.8227775094
360 -12.02050755 0.8198335372
361 -12.19639108 0.8169935593
362 -12.36554311 0.8142448894
363 -12.52879473 0.8115762312
364 -12.68687507 0.8089775124
365 -12.84042574 0.8064397368
366 -12.99001303 0.8039548552
367 -13.13613822 0.8015156513
368 -13.27924635 0.7991156421
369 -13.41973372 0.7967489901
370 -13.55795425 0.7944104264
371 -13.694225 0.7920951832
372 -13.82883089 0.7897989342
373 -13.96202879 0.7875177425
374 -14.09405105 0.7852480143
375 -14.22510858 0.7829864586
376 -14.35539352 0.7807300506
377 -14.48508158 0.7784760004
378 -14.61433409 0.7762217246
379 -14.74329981 0.7739648207
380 -14.87211651 0.7717030452
381 -15.00091237 0.7694342933
382 -15.12980723 0.7671565811
383 -15.25891371 0.764868029
384 -15.38833817 0.7625668478
385 -15.51818162 0.7602513251
386 -15.64854051 0.7579198134
387 -15.77950745 0.7555707192
388 -15.91117187 0.7532024931
389 -16.04362061 0.7508136207
390 -16.17693847 0.7484026137
391 -16.31120872 0.7459680024
392 -16.44651357 0.7435083283
393 -16.58293461 0.7410221367
394 -16.72055321 0.7385079709
395 -16.85945093 0.7359643649
396 -16.99970989 0.7333898384
397 -17.14141313 0.7307828902
398 -17.28464495 0.7281419929
399 -17.42949127 0.7254655874
400 -17.57603995 0.7227520772
401 -17.72438117 0.7199998232
402 -17.87460768 0.7172071381
403 -18.02681523 0.7143722813
404 -18.18110287 0.7114934531
405 -18.33757326 0.7085687893
406 -18.49633312 0.7055963561
407 -18.6574935 0.7025741436
408 -18.82117022 0.6995000608
409 -18.98748423 0.6963719294
410 -19.15656204 0.6931874778
411 -19.32853611 0.6899443351
412 -19.5035453 0.6866400249
413 -19.68173535 0.683271959
414 -19.86325932 0.6798374309
415 -20.0482781 0.6763336095
416 -20.23696094 0.6727575325
417 -20.42948594 0.6691061003
418 -20.62604067 0.6653760691
419 -20.82682269 0.6615640452
420 -21.03204016 0.6576664791
421 -21.24191245 0.6536796597
422 -21.45667077 0.6495997094
423 -21.67655877 0.6454225798
424 -21.90183316 0.6411440486
425 -22.1327644 0.6367597166
426 -22.36963724 0.6322650077
427 -22.61275134 0.6276551692
428 -22.8624218 0.6229252748
429 -23.1189797 0.6180702305
430 -23.38277247 0.6130847833
431 -23.65416425 0.6079635326
432 -23.93353609 0.6027009479
433 -24.22128604 0.5972913889
434 -24.51782895 0.5917291337
435 -24.82359618 0.5860084114
436 -25.13903493 0.5801234435
437 -25.46460734 0.574068493
438 -25.80078911 0.5678379218
439 -26.14806777 0.5614262595
440 -26.50694043 0.5548282815
441 -26.87791097 0.5480390986
442 -27.26148662 0.5410542589
443 -27.65817385 0.5338698599
444 -28.06847356 0.5264826735
445 -28.49287551 0.5188902796
446 -28.93185195 0.5110912106
447 -29.3858505 0.5030851005
448 -29.85528628 0.4948728396
449 -30.34053338 0.4864567277
450 -30.84191578 0.4778406231
451 -31.35969787 0.4690300811
452 -31.89407478 0.4600324751
453 -32.44516283 0.4508570948
454 -33.0129903 0.4415152129
455 -33.59748902 0.4320201151
456 -34.19848699 0.4223870853
457 -34.81570256 0.4126333419
458 -35.44874042 0.4027779222
459 -36.09708987 0.3928415118
460 -36.76012551 0.3828462215
461 -37.43711068 0.3728153154
462 -38.12720354 0.3627728963
463 -38.82946605 0.352743558
464 -39.54287537 0.3427520153
465 -40.26633763 0.3328227261
466 -40.9987035 0.3229795168
467 -41.73878514 0.3132452268
468 -42.48537402 0.3036413833
469 -43.23725885 0.2941879173
470 -43.9932432 0.2849029298
471 -44.75216217 0.2758025127
472 -45.5128976 0.266900628
473 -46.27439158 0.2582090449
474 -47.0356577 0.2497373316
475 -47.79579007 0.2414928977
476 -48.55396997 0.2334810804
477 -49.30946999 0.2257052666
478 -50.06165595 0.2181670449
479 -50.80998655 0.2108663775
480 -51.55401102 0.2038017858
481 -52.29336499 0.1969705432
482 -53.02776471 0.1903688691
483 -53.75699993 0.1839921184
484 -54.48092562 0.1778349642
485 -55.19945271 0.1718915695
486 -55.91253807 0.1661557459
487 -56.620174 0.1606210985
488 -57.32237723 0.1552811546
489 -58.01917778 0.1501294772
490 -58.71060787 0.1451597614
491 -59.39669095 0.1403659152
492 -60.07743119 0.1357421237
493 -60.75280364 0.1312828975
494 -61.42274524 0.1269831058
495 -62.08714695 0.1228379949
496 -62.74584726 0.1188431922
497 -63.3986273 0.1149946978
498 -64.0452076 0.1112888645
499 -64.68524692 0.1077223672
500 -65.31834295 0.1042921652
501 -65.94403505 0.1009954566
502 -66.561809 0.09782963023
503 -67.17110352 0.09479221427
504 -67.77131842 0.09188082588
505 -68.36182413 0.08909312272
506 -68.94197221 0.08642675853
507 -69.5111065 0.0838793442
508 -70.06857458 0.08144841542
509 -70.61373913 0.07913140764
510 -71.14598876 0.07692563859
511 -71.66474807 0.07482829833
512 -72.16948671 0.0728364464
513 -72.65972713 0.07094701529
514 -73.13505087 0.06915681946
515 -73.59510349 0.06746256888
516 -74.03959785 0.06586088592
517 -74.46831601 0.06434832468
518 -74.88110973 0.06292139167
519 -75.27789969 0.06157656708
520 -75.65867353 0.06031032569
521 -76.02348305 0.05911915705
522 -76.37244052 0.05799958426
523 -76.70571438 0.05694818105
524 -77.02352452 0.05596158704
525 -77.32613723 0.05503652084
526 -77.61385997 0.05416979128
527 -77.88703612 0.05335830643
528 -78.14603977 0.05259908082
529 -78.39127071 0.05188924085
530 -78.62314952 0.0512260285
531 -78.84211308 0.05060680361
532 -79.04861027 0.05002904488
533 -79.2430981 0.04949034972
534 -79.42603809 0.04898843314
535 -79.5978931 0.04852112584
536 -79.75912447 0.04808637166
537 -79.91018951 0.04768222451
538 -80.05153931 0.04730684483
539 -80.1836169 0.04695849581
540 -80.30685564 0.04663553938
541 -80.42167795 0.04633643203
542 -80.52849424 0.04605972054
543 -80.62770208 0.04580403776
544 -80.71968557 0.04556809833
545 -80.80481489 0.04535069449
546 -80.883446 0.04515069199
547 -80.95592053 0.0449670261
548 -81.02256569 0.04479869773
549 -81.08369436 0.04464476968
550 -81.13960529 0.04450436312
551 -81.19058326 0.04437665411
552 -81.23689945 0.04426087034
553 -81.27881172 0.04415628807
554 -81.31656502 0.04406222909
555 -81.35039181 0.043978058
556 -81.38051247 0.04390317952
557 -81.40713578 0.043837036
558 -81.43045935 0.04377910507
559 -81.45067008 0.0437288974
560 -81.46794469 0.04368595463
561 -81.48245008 0.04364984739
562 -81.49434387 0.04362017348
563 -81.50377481 0.0435965561
564 -81.51088323 0.04357864225
565 -81.51580143 0.04356610119
566 -81.51865416 0.04355862305
567 -81.51955893 0.04355591746
568 -81.51862638 0.04355771249
569 -81.51595999 0.0435637547
570 -81.51165074 0.04357381951
571 -81.5057261 0.04358781323
572 -81.49768747 0.04360670178
573 -81.48233827 0.04364089494
574 -81.41218668 0.04378600425
575 -80.85884493 0.04491823287
576 -75.97671145 0.05602188831
577 -33.62532425 0.2781989975
578 37.26484192 0.9986618365
579 38.49401693 0.9999414712
580 37.15066296 0.999926887
581 34.77015046 0.9998878181
582 31.58932289 0.9997995832
583 27.93142492 0.9996083641
584 24.10188805 0.9992123594
585 20.31607415 0.998439544
586 16.70461989 0.9970348352
587 13.34178813 0.9946755812
588 10.26790416 0.9910309213
589 7.501402448 0.9858575946
590 5.044369624 0.9790919937
591 2.885797749 0.970887318
592 1.004814802 0.9615746727
593 -0.6256864666 0.9515734927
594 -2.035534793 0.9412983486
595 -3.254465979 0.9310958427
596 -4.310260051 0.9212191285
597 -5.227758545 0.9118302632
598 -6.028532687 0.9030165754
599 -6.73095741 0.8948106404
600 -7.350498037 0.8872083117
601 -7.900081479 0.8801828181
602 -8.390477397 0.8736948553
603 -8.830651387 0.8676993666
604 -9.228074571 0.8621498575
605 -9.588986263 0.8570009915
606 -9.918612488 0.8522100391
607 -10.22134565 0.8477375891
608 -10.50089133 0.8435478023
609 -10.76038777 0.8396083934
610 -11.00250317 0.8358904581
611 -11.2295149 0.8323682227
612 -11.44337417 0.8290187614
613 -11.64575898 0.8258217086
614 -11.83811751 0.8227589816
615 -12.02170404 0.8198145238
616 -12.19760852 0.8169740687
617 -12.36678121 0.8142249289
618 -12.53005323 0.8115558077
619 -12.68815374 0.808956632
620 -12.84172437 0.8064184049
621 -12.99133142 0.8039330765
622 -13.13747621 0.80149343
623 -13.28060379 0.7990929816
624 -13.42111049 0.7967258933
625 -13.55935026 0.7943868956
626 -13.69564019 0.7920712199
627 -13.83026522 0.7897745395
628 -13.96348225 0.7874929167
629 -14.09552366 0.7852227574
630 -14.22660039 0.7829607698
631 -14.35690459 0.7807039286
632 -14.48661203 0.7784494433
633 -14.61588404 0.7761947298
634 -14.74486943 0.7739373852
635 -14.87370599 0.7716751654
636 -15.00252194 0.7694059649
637 -15.13143715 0.7671277991
638 -15.26056426 0.7648387881
639 -15.39000967 0.7625371419
640 -15.51987443 0.7602211474
641 -15.65025501 0.7578891566
642 -15.78124406 0.7555395753
643 -15.91293105 0.7531708535
644 -16.04540285 0.7507814759
645 -16.1787443 0.7483699538
646 -16.31303872 0.7459348166
647 -16.44836835 0.743474605
648 -16.58481482 0.7409878637
649 -16.72245956 0.738473135
650 -16.86138415 0.7359289523
651 -17.00167078 0.7333538341
652 -17.14340253 0.7307462786
653 -17.28666375 0.7281047574
654 -17.43154042 0.7254277103
655 -17.57812046 0.7227135399
656 -17.7264941 0.7199606059
657 -17.87675416 0.7171672201
658 -18.02899646 0.7143316405
659 -18.18332011 0.7114520662
660 -18.33982786 0.7085266319
661 -18.49862648 0.7055534022
662 -18.65982714 0.7025303659
663 -18.82354572 0.6994554306
664 -18.98990327 0.6963264163
665 -19.1590264 0.6931410499
666 -19.33104766 0.6898969587
667 -19.50610604 0.6865916645
668 -19.68434738 0.6832225771
669 -19.86592487 0.6797869883
670 -20.05099953 0.6762820648
671 -20.23974073 0.6727048422
672 -20.43232673 0.6690522185
673 -20.62894525 0.6653209479
674 -20.82979401 0.6615076341
675 -21.03508133 0.6576087252
676 -21.24502678 0.6536205074
677 -21.45986172 0.6495391006
678 -21.67983003 0.6453604538
679 -21.90518861 0.6410803418
680 -22.13620814 0.6366943629
681 -22.37317359 0.632197938
682 -22.61638485 0.6275863118
683 -22.86615727 0.6228545554
684 -23.12282216 0.6179975723
685 -23.38672721 0.613010107
686 -23.65823682 0.6078867569
687 -23.9377323 0.6026219894
688 -24.22561194 0.597210163
689 -24.52229087 0.5916455543
690 -24.82820067 0.5859223923
691 -25.1437888 0.5800348985
692 -25.4695176 0.5739773368
693 -25.80586297 0.567744071
694 -26.15331261 0.5613296338
695 -26.51236375 0.5547288047
696 -26.88352037 0.5479367005
697 -27.26728971 0.5409488762
698 -27.6641782 0.5337614387
699 -28.07468662 0.5263711706
700 -28.49930453 0.5187756654
701 -28.93850386 0.5109734703
702 -29.39273181 0.5029642373
703 -29.86240296 0.4947488764
704 -30.34789072 0.4863297097
705 -30.84951824 0.4777106201
706 -31.36754896 0.4688971891
707 -31.90217691 0.4598968182
708 -32.45351714 0.4507188264
709 -33.02159656 0.4413745166
710 -33.60634548 0.4318772046
711 -34.20759032 0.422242204
712 -34.82504772 0.4124867617
713 -35.45832068 0.402629941
714 -36.10689674 0.3926924508
715 -36.77014883 0.3826964215
716 -37.44733861 0.3726651324
717 -38.13762275 0.3626226963
718 -38.84006184 0.3525937118
719 -39.55363187 0.3426028929
720 -40.277238 0.3326746907
721 -41.00973018 0.3228329198
722 -41.74992015 0.3131004021
723 -42.49659918 0.3034986431
724 -43.24855607 0.2940475481
725 -44.00459474 0.2847651891
726 -44.76355086 0.275667627
727 -45.52430712 0.2667687912
728 -46.28580655 0.2580804179
729 -47.04706391 0.2496120426
730 -47.80717457 0.241371043
731 -48.56532114 0.2333627258
732 -49.32077762 0.2255904502
733 -50.07291121 0.2180557788
734 -50.821182 0.2107586508
735 -51.56514055 0.2036975673
736 -52.30442374 0.1968697847
737 -53.03874898 0.1902715077
738 -53.76790707 0.1838980796
739 -54.49175389 0.1777441648
740 -55.21020112 0.1718039196
741 -55.92320626 0.1660711517
742 -56.63076205 0.1605394638
743 -57.3328855 0.1552023832
744 -58.02960674 0.1500534739
745 -58.72095795 0.1450864338
746 -59.40696234 0.1402951745
747 -60.08762374 0.1356738857
748 -60.76291667 0.1312170831
749 -61.43277744 0.1269196416
750 -62.09709625 0.1227768131
751 -62.75571077 0.1187842307
752 -63.40840121 0.1149378999
753 -64.05488719 0.1112341786
754 -64.69482654 0.1076697464
755 -65.32781602 0.1042415663
756 -65.95339417 0.1009468399
757 -66.57104598 0.09778295815
758 -67.18020952 0.09474745113
759 -67.7802841 0.09183793687
760 -68.37063976 0.08905207327
761 -68.95062787 0.08638751366
762 -69.51959223 0.08384186798
763 -70.07688058 0.08141267056
764 -70.6218559 0.07909735513
765 -71.15390726 0.07689323753
