0 -57.43372628 0.1544694489
1 -58.15027003 0.1491971049
2 -58.86140872 0.1441144525
3 -59.56713701 0.1392152634
4 -60.26742992 0.1344935724
5 -60.96223185 0.1299437336
6 -61.65144652 0.1255604602
7 -62.33492824 0.1213388463
8 -63.01247453 0.1172743746
9 -63.68382062 0.1133629083
10 -64.34863586 0.109600671
11 -65.00652236 0.1059842147
12 -65.65701584 0.1025103788
13 -66.29958884 0.09917624188
14 -66.93365619 0.09597906906
15 -67.55858256 0.09291625706
16 -68.17369196 0.0899852797
17 -68.77827866 0.08718363591
18 -69.37161943 0.08450880243
19 -69.95298643 0.08195819292
20 -70.52166033 0.07952912447
21 -71.07694333 0.07721879251
22 -71.61817152 0.0750242543
23 -72.14472624 0.07294242083
24 -72.65604408 0.07097005655
25 -73.15162542 0.06910378618
26 -73.63104116 0.06734010733
27 -74.09393768 0.06567540796
28 -74.54003995 0.06410598717
29 -74.96915301 0.06262807835
30 -75.38116166 0.06123787342
31 -75.77602883 0.0599315472
32 -76.15379261 0.05870528114
33 -76.51456219 0.05755528567
34 -76.85851303 0.05647782082
35 -77.18588131 0.05546921452
36 -77.49695799 0.05452587875
37 -77.79208258 0.05364432308
38 -78.07163686 0.05282116591
39 -78.33603861 0.05205314335
40 -78.58573551 0.05133711594
41 -78.82119931 0.05067007334
42 -79.04292023 0.05004913753
43 -79.25140119 0.04947156554
44 -79.44714765 0.04893476172
45 -79.63061797 0.04843637637
46 -79.801843 0.04797512681
47 -79.95727401 0.0475576222
48 -80.06331327 0.04725541525
49 -79.83271349 0.04768994463
50 -76.83152357 0.05457420824
51 -50.89276268 0.1580692099
52 33.36016343 0.9900186859
53 38.25657989 0.999936641
54 37.07810983 0.9999258316
55 34.61601139 0.9998848409
56 31.22930805 0.9997867988
57 27.28333693 0.9995617503
58 23.13106546 0.9990678742
59 19.02754636 0.998052545
60 15.129993 0.9961300954
61 11.52785147 0.9928150715
62 8.267658597 0.9876383003
63 5.36668683 0.9803165768
64 2.820093606 0.9708828529
65 0.6064402299 0.9596908632
66 -1.306497732 0.9472964815
67 -2.956016359 0.9342969358
68 -4.379862837 0.9212084651
69 -5.613222087 0.9084113497
70 -6.68719947 0.8961483712
71 -7.628375931 0.8845501626
72 -8.458992488 0.8736671301
73 -9.197432795 0.863497643
74 -9.858799288 0.8540092728
75 -10.45547461 0.8451533544
76 -10.9976204 0.8368743202
77 -11.49359895 0.8291153462
78 -11.95031976 0.8218215558
79 -12.37351965 0.8149416776
80 -12.76798735 0.808428761
81 -13.13774275 0.8022403401
82 -13.48617981 0.7963382894
83 -13.81618077 0.7906885226
84 -14.13020761 0.7852606228
85 -14.43037548 0.780027455
86 -14.71851209 0.7749647907
87 -14.99620583 0.7700509579
88 -15.26484501 0.7652665231
89 -15.52565003 0.7605940069
90 -15.77969989 0.756017632
91 -16.02795413 0.751523102
92 -16.27127114 0.7470974058
93 -16.51042347 0.7427286481
94 -16.74611075 0.7384058993
95 -16.97897057 0.734119065
96 -17.20958784 0.7298587709
97 -17.43850274 0.7256162614
98 -17.66621759 0.7213833107
99 -17.89320279 0.7171521434
100 -18.11990208 0.712915364
101 -18.34673706 0.7086658945
102 -18.57411125 0.704396918
103 -18.80241371 0.7001018282
104 -19.03202226 0.6957741836
105 -19.26330642 0.6914076664
106 -19.49663006 0.6869960446
107 -19.73235389 0.6825331378
108 -19.97083767 0.6780127866
109 -20.21244235 0.6734288233
110 -20.45753204 0.668775047
111 -20.70647584 0.6640452005
112 -20.95964958 0.6592329493
113 -21.21743747 0.6543318647
114 -21.48023358 0.6493354084
115 -21.74844336 0.6442369215
116 -22.02248484 0.6390296162
117 -22.3027899 0.6337065721
118 -22.58980527 0.6282607368
119 -22.88399341 0.6226849325
120 -23.18583316 0.6169718682
121 -23.49582018 0.6111141589
122 -23.81446703 0.6051043539
123 -24.142303 0.5989349739
124 -24.47987346 0.592598558
125 -24.82773874 0.5860877239
126 -25.18647247 0.5793952403
127 -25.55665926 0.5725141133
128 -25.93889173 0.5654376889
129 -26.33376661 0.5581597707
130 -26.74188009 0.5506747542
131 -27.16382218 0.5429777769
132 -27.60017004 0.5350648838
133 -28.05148036 0.5269332055
134 -28.51828071 0.5185811471
135 -29.00106003 0.5100085824
136 -29.50025817 0.5012170499
137 -30.01625492 0.4922099414
138 -30.54935858 0.4829926778
139 -31.09979439 0.4735728615
140 -31.66769334 0.4639603965
141 -32.25308157 0.4541675671
142 -32.85587102 0.4442090646
143 -33.47585165 0.4341019564
144 -34.11268585 0.4238655889
145 -34.76590531 0.4135214233
146 -35.43491089 0.4030928028
147 -36.11897547 0.3926046557
148 -36.81725026 0.3820831412
149 -37.52877415 0.3715552489
150 -38.2524862 0.3610483665
151 -38.98724077 0.35058983
152 -39.73182488 0.340206476
153 -40.48497715 0.3299242108
154 -41.24540773 0.3197676128
155 -42.01181848 0.3097595832
156 -42.78292273 0.2999210531
157 -43.55746398 0.2902707571
158 -44.33423307 0.2808250746
159 -45.11208321 0.2715979397
160 -45.8899427 0.2626008178
161 -46.66682509 0.2538427405
162 -47.44183658 0.2453303946
163 -48.21418086 0.2370682533
164 -48.98316125 0.2290587431
165 -49.74818053 0.2213024348
166 -50.50873852 0.2137982517
167 -51.2644276 0.2065436862
168 -52.01492661 0.1995350183
169 -52.75999319 0.1927675299
170 -53.49945486 0.1862357108
171 -54.23319919 0.1799334526
172 -54.96116305 0.1738542279
173 -55.68332144 0.1679912528
174 -56.3996759 0.1623376314
175 -57.11024289 0.1568864821
176 -57.81504218 0.1516310451
177 -58.51408573 0.1465647701
178 -59.20736701 0.1416813865
179 -59.89485134 0.1369749547
180 -60.57646712 0.1324399002
181 -61.25209853 0.1280710315
182 -61.92157965 0.1238635423
183 -62.58469039 0.1198130007
184 -63.24115413 0.1159153256
185 -63.89063742 0.112166754
186 -64.53275153 0.1085637999
187 -65.16705589 0.1051032085
188 -65.79306335 0.1017819067
189 -66.41024696 0.09859695275
190 -67.01804805 0.09554548835
191 -67.61588542 0.09262469281
192 -68.20316512 0.0898317428
193 -68.77929067 0.08716377805
194 -69.34367324 0.08461787382
195 -69.89574159 0.0821910208
196 -70.43495131 0.07988011212
197 -70.96079333 0.07768193742
198 -71.47280133 0.0755931832
199 -71.97055802 0.0736104387
200 -72.45370014 0.07173020643
201 -72.92192215 0.06994891621
202 -73.37497869 0.06826294191
203 -73.81268584 0.06666861979
204 -74.23492113 0.06516226767
205 -74.64162266 0.06374020416
206 -75.03278726 0.06239876731
207 -75.40846787 0.06113433224
208 -75.76877038 0.05994332732
209 -76.11384989 0.05882224872
210 -76.44390667 0.05776767308
211 -76.75918192 0.05677626839
212 -77.05995331 0.05584480288
213 -77.34653057 0.05497015222
214 -77.61925112 0.05414930494
215 -77.87847578 0.05337936629
216 -78.12458469 0.05265756065
217 -78.35797342 0.05198123272
218 -78.57904938 0.05134784759
219 -78.7882284 0.0507549898
220 -78.98593169 0.05020036165
221 -79.17258303 0.04968178083
222 -79.34860625 0.04919717748
223 -79.51442301 0.04874459089
224 -79.67045083 0.04832216576
225 -79.81710139 0.04792814834
226 -79.95477903 0.04756088232
227 -80.08387955 0.04721880466
228 -80.20478916 0.04690044139
229 -80.31788364 0.04660440339
230 -80.42352766 0.04632938221
231 -80.52207428 0.04607414598
232 -80.61386458 0.04583753539
233 -80.69922737 0.04561845984
234 -80.77847912 0.04541589365
235 -80.85192387 0.04522887247
236 -80.91985326 0.04505648979
237 -80.98254666 0.04489789362
238 -81.04027134 0.04475228336
239 -81.09328266 0.04461890674
240 -81.14182437 0.04449705699
241 -81.18612887 0.04438607012
242 -81.22641756 0.04428532236
243 -81.26290116 0.04419422771
244 -81.29578007 0.04411223569
245 -81.32524473 0.04403882913
246 -81.35147597 0.04397352227
247 -81.37464502 0.04391585952
248 -81.39491076 0.04386542004
249 -81.41239173 0.0438218731
250 -81.42691239 0.04378548869
251 -81.43572291 0.04376172944
252 -81.41305419 0.04380246145
253 -81.12699577 0.04437870192
254 -78.50444937 0.05001616863
255 -55.38553689 0.1317031416
256 33.10715727 0.9848529858
257 38.56804281 0.9999394243
258 37.57463947 0.9999321377
259 35.40801074 0.9999001055
260 32.34540535 0.999825645
261 28.70019786 0.9996602947
262 24.80388032 0.9993081174
263 20.90581054 0.9985995364
264 17.16229658 0.997271535
265 13.66346464 0.9949758173
266 10.45884252 0.9913367043
267 7.572138956 0.9860572905
268 5.008215961 0.9790315912
269 2.756985841 0.9703994832
270 0.797077698 0.9605114225
271 -0.9000601737 0.9498278841
272 -2.366162193 0.9388100288
273 -3.632939202 0.9278444824
274 -4.729970076 0.9172127821
275 -5.683607947 0.9070939657
276 -6.516628885 0.8975835833
277 -7.248335043 0.8887166722
278 -7.894889059 0.8804882178
279 -8.469734697 0.8728689181
280 -8.984021557 0.8658162969
281 -9.446993603 0.859282052
282 -9.866326095 0.853216651
283 -10.2484088 0.8475720413
284 -10.59857965 0.8423031224
285 -10.92131547 0.8373684371
286 -11.22038671 0.8327303868
287 -11.49898274 0.8283551689
288 -11.75981316 0.824212563
289 -12.00519003 0.8202756437
290 -12.2370946 0.8165204661
291 -12.45723168 0.8129257531
292 -12.66707422 0.8094725968
293 -12.8678998 0.8061441849
294 -13.06082085 0.8029255515
295 -13.24680958 0.7998033549
296 -13.42671876 0.7967656812
297 -13.60129911 0.7938018698
298 -13.77121383 0.790902361
299 -13.93705088 0.788058562
300 -14.09933335 0.7852627294
301 -14.25852823 0.782507866
302 -14.41505397 0.7797876312
303 -14.56928685 0.7770962612
304 -14.72156653 0.7744285001
305 -14.87220076 0.7717795382
306 -15.02146948 0.7691449585
307 -15.16962843 0.7665206892
308 -15.31691219 0.7639029613
309 -15.46353695 0.7612882714
310 -15.60970281 0.7586733488
311 -15.75559593 0.7560551255
312 -15.90139036 0.7534307103
313 -16.04724967 0.7507973643
314 -16.19332841 0.7481524802
315 -16.33977341 0.7454935628
316 -16.48672497 0.7428182115
317 -16.63431791 0.740124104
318 -16.78268252 0.7374089823
319 -16.93194545 0.7346706387
320 -17.08223051 0.7319069038
321 -17.23365944 0.7291156344
322 -17.38635255 0.7262947033
323 -17.54042945 0.7234419886
324 -17.69600959 0.7205553643
325 -17.85321288 0.7176326909
326 -18.01216026 0.7146718068
327 -18.17297423 0.7116705197
328 -18.33577938 0.7086265984
329 -18.50070291 0.7055377644
330 -18.66787515 0.7024016847
331 -18.83743006 0.6992159632
332 -19.00950576 0.6959781338
333 -19.184245 0.6926856522
334 -19.36179574 0.6893358887
335 -19.54231164 0.6859261207
336 -19.7259526 0.6824535248
337 -19.91288532 0.6789151701
338 -20.10328388 0.6753080105
339 -20.29733027 0.6716288774
340 -20.49521501 0.6678744728
341 -20.69713777 0.6640413626
342 -20.90330796 0.6601259699
343 -21.11394538 0.6561245686
344 -21.32928084 0.6520332784
345 -21.54955684 0.6478480592
346 -21.7750282 0.6435647071
347 -22.00596272 0.6391788516
348 -22.24264181 0.6346859532
349 -22.48536114 0.6300813037
350 -22.73443118 0.6253600272
351 -22.9901778 0.6205170847
352 -23.25294276 0.6155472803
353 -23.52308407 0.6104452712
354 -23.80097639 0.6052055812
355 -24.08701112 0.5998226192
356 -24.38159651 0.5942907018
357 -24.68515747 0.5886040828
358 -24.99813513 0.5827569882
359 -25.32098625 0.5767436598
360 -25.65418217 0.5705584062
361 -25.99820741 0.5641956629
362 -26.35355791 0.557650063
363 -26.72073871 0.5509165174
364 -27.10026103 0.543990307
365 -27.49263883 0.5368671852
366 -27.89838466 0.5295434925
367 -28.31800474 0.5220162812
368 -28.75199335 0.5142834507
369 -29.20082641 0.5063438904
370 -29.6649543 0.4981976291
371 -30.14479396 0.4898459869
372 -30.64072026 0.4812917263
373 -31.15305692 0.4725391981
374 -31.68206692 0.4635944751
375 -32.22794277 0.4544654689
376 -32.79079693 0.4451620223
377 -33.37065242 0.4356959697
378 -33.96743436 0.4260811605
379 -34.58096248 0.4163334373
380 -35.21094518 0.4064705652
381 -35.85697547 0.3965121078
382 -36.51852911 0.3864792494
383 -37.19496536 0.3763945644
384 -37.88553038 0.3662817372
385 -38.5893635 0.35616524
386 -39.30550636 0.3460699777
387 -40.03291466 0.3360209117
388 -40.7704723 0.3260426746
389 -41.51700749 0.3161591917
390 -42.2713103 0.3063933211
391 -43.03215107 0.2967665266
392 -43.79829906 0.287298594
393 -44.56854063 0.2780073993
394 -45.34169658 0.2689087341
395 -46.11663778 0.2600161918
396 -46.89229901 0.2513411134
397 -47.66769046 0.2428925898
398 -48.44190673 0.2346775169
399 -49.21413327 0.2267006936
400 -49.98365025 0.2189649585
401 -50.74983382 0.2114713543
402 -51.51215513 0.2042193126
403 -52.27017709 0.1972068516
404 -53.02354924 0.1904307791
405 -53.77200087 0.1838868958
406 -54.51533273 0.1775701923
407 -55.25340747 0.1714750376
408 -55.98613915 0.1655953546
409 -56.71348194 0.1599247812
410 -57.43541832 0.1544568154
411 -58.15194697 0.1491849424
412 -58.86307059 0.1441027451
413 -59.56878381 0.1392039955
414 -60.26906159 0.1344827292
415 -60.96384823 0.1299333012
416 -61.65304739 0.1255504256
417 -62.33651323 0.1213291974
418 -63.01404314 0.1172651002
419 -63.6853722 0.1133539982
420 -64.35016963 0.1095921157
421 -65.00803737 0.1059760056
422 -65.658511 0.1025025078
423 -66.30106292 0.09916870152
424 -66.93510785 0.09597185222
425 -67.56001036 0.09290935693
426 -68.17509437 0.0899786896
427 -68.77965411 0.0871773492
428 -69.37296633 0.08450281242
429 -69.95430319 0.08195249275
430 -70.52294541 0.07952370707
431 -71.07819526 0.07721365056
432 -71.61938891 0.07501938019
433 -72.14590782 0.07293780663
434 -72.65718874 0.07096569407
435 -73.15273219 0.06909966694
436 -73.63210924 0.06733622263
437 -74.09496644 0.06567174891
438 -74.54102896 0.06410254473
439 -74.97010201 0.06262484342
440 -75.38207057 0.06123483685
441 -75.77689775 0.05992869987
442 -76.15462179 0.058702614
443 -76.51535205 0.05755278981
444 -76.85926413 0.05647548747
445 -77.18659433 0.05546703515
446 -77.49763372 0.05452384503
447 -77.79272192 0.05364242696
448 -78.0722408 0.05281939962
449 -78.33660819 0.05205149943
450 -78.58627185 0.05133558721
451 -78.82170355 0.05066865297
452 -79.04339356 0.05004781898
453 -79.25184482 0.04947034262
454 -79.44756279 0.04893362855
455 -79.63100582 0.04843532741
456 -79.8022046 0.04797415715
457 -79.95760902 0.04755673004
458 -80.06360951 0.04725462345
459 -79.83285604 0.04768949231
460 -76.83050661 0.05457654805
461 -50.88235414 0.1581294399
462 33.36368999 0.9900332043
463 38.25659158 0.9999366443
464 37.07784462 0.9999258282
465 34.61558949 0.9998848321
466 31.22878847 0.9997867786
467 27.28278184 0.9995617057
468 23.13052274 0.9990677823
469 19.02704518 0.9980523701
470 15.12954842 0.9961297934
471 11.52746972 0.9928146027
472 8.267340491 0.9876376494
473 5.366429703 0.980315769
474 2.819892555 0.9708819541
475 0.6062891386 0.9596899638
476 -1.306605315 0.9472956732
477 -2.956086574 0.9342962943
478 -4.37990114 0.921208043
479 -5.613233105 0.9084111779
480 -6.687187008 0.8961484636
481 -7.628343058 0.8845505217
482 -8.458941654 0.8736677516
483 -9.197365946 0.8634985192
484 -9.858717968 0.8540103943
485 -10.45538004 0.8451547118
486 -10.99751356 0.8368759046
487 -11.49348062 0.8291171493
488 -11.95019054 0.8218235704
489 -12.37338005 0.8149438975
490 -12.76783777 0.808431181
491 -13.1375835 0.8022429557
492 -13.48601113 0.796341097
493 -13.81600285 0.7906915195
494 -14.13002059 0.7852638066
495 -14.43017946 0.7800308243
496 -14.71830714 0.7749683445
497 -14.99599198 0.7700546956
498 -15.26462226 0.7652704448
499 -15.52541836 0.760598113
500 -15.77945924 0.7560219235
501 -16.02770443 0.7515275801
502 -16.2710123 0.7471020724
503 -16.51015538 0.7427335053
504 -16.74583325 0.7384109496
505 -16.97868351 0.7341243114
506 -17.20929104 0.7298642167
507 -17.43819598 0.7256219105
508 -17.66590063 0.7213891673
509 -17.89287539 0.717158212
510 -18.11956395 0.7129216497
511 -18.3463879 0.7086724028
512 -18.57375072 0.7044036549
513 -18.80204145 0.7001088001
514 -19.03163788 0.6957813975
515 -19.2629095 0.6914151298
516 -19.49622014 0.6870037654
517 -19.73193048 0.6825411247
518 -19.97040024 0.6780210486
519 -20.21199034 0.6734373702
520 -20.45706485 0.6687838892
521 -20.70599282 0.6640543488
522 -20.95915004 0.6592424154
523 -21.21692066 0.6543416609
524 -21.47969874 0.6493455476
525 -21.74788963 0.6442474173
526 -22.02191134 0.6390404828
527 -22.30219569 0.6337178244
528 -22.58918936 0.6282723905
529 -22.88335473 0.6226970036
530 -23.1851706 0.6169843733
531 -23.49513257 0.6111271152
532 -23.81375314 0.605117779
533 -24.14156155 0.5989488855
534 -24.47910311 0.592612974
535 -24.8269381 0.5861026623
536 -25.1856401 0.5794107186
537 -25.5557937 0.5725301487
538 -25.93799147 0.5654542977
539 -26.33283013 0.5581769682
540 -26.74090587 0.550692554
541 -27.1628087 0.542996191
542 -27.5991158 0.5350839216
543 -28.05038393 0.5269528738
544 -28.51714073 0.5186014491
545 -28.99987522 0.5100295176
546 -29.4990274 0.5012386132
547 -30.01497721 0.492232123
548 -30.54803313 0.4830154624
549 -31.09842063 0.4735962281
550 -31.66627094 0.4639843181
551 -32.25161048 0.4541920102
552 -32.85435148 0.4442339897
553 -33.47428423 0.4341273175
554 -34.11107145 0.4238913343
555 -34.76424519 0.4135474957
556 -35.43320661 0.4031191402
557 -36.11722895 0.392631192
558 -36.81546372 0.3821098074
559 -37.5269501 0.371581974
560 -38.25062741 0.3610750785
561 -38.9853502 0.3506164574
562 -39.72990568 0.3402329488
563 -40.48303257 0.3299504614
564 -41.24344109 0.3197935773
565 -42.00983311 0.3097852022
566 -42.7809219 0.2999462723
567 -43.55545091 0.2902955281
568 -44.33221082 0.280849355
569 -45.11005467 0.2716216934
570 -45.88791059 0.262624015
571 -46.66479188 0.2538653577
572 -47.43980451 0.245352414
573 -48.21215191 0.2370896631
574 -48.98113715 0.2290795363
575 -49.74616275 0.2213226092
576 -50.50672829 0.2138178092
577 -51.26242591 0.2065626323
578 -52.01293424 0.1995533615
579 -52.75801072 0.192785281
580 -53.49748271 0.1862528827
581 -54.23123762 0.1799500596
582 -54.95921223 0.1738702852
583 -55.68138143 0.1680067762
584 -56.39774674 0.1623526369
585 -57.10832458 0.1569009857
586 -57.81313474 0.1516450622
587 -58.51218921 0.1465783157
588 -59.20548156 0.1416944748
589 -59.89297717 0.1369875988
590 -60.5746046 0.1324521125
591 -61.25024814 0.1280828233
592 -61.91974204 0.123874924
593 -62.58286637 0.1198239816
594 -63.23934467 0.1159259143
595 -63.88884368 0.1121769582
596 -64.53097479 0.1085736269
597 -65.16529762 0.1051126649
598 -65.79132513 0.1017909987
599 -66.40853048 0.09860568662
600 -67.01635508 0.09555387003
601 -67.61421779 0.09263272835
602 -68.2015247 0.08983943843
603 -68.7776793 0.08717114021
604 -69.34209277 0.08462490929
605 -69.89419377 0.08219773669
606 -70.43343782 0.07988651595
607 -70.95931573 0.07768803708
608 -71.47136107 0.07559898698
609 -71.96915639 0.07361595524
610 -72.45233826 0.07173544468
611 -72.92060098 0.0699538854
612 -73.37369902 0.0682676515
613 -73.81144825 0.06667307938
614 -74.23372605 0.06516648698
615 -74.64047033 0.06374419293
