0 -60.72806335 0.1314458889
1 -61.40035633 0.1271266502
2 -62.06711171 0.1229630389
3 -62.72816754 0.1189506494
4 -63.38330415 0.1150854506
5 -64.03224085 0.1113637669
6 -64.67463444 0.1077822482
7 -65.31007984 0.1043378318
8 -65.93811272 0.1010276981
9 -66.55821418 0.09784922077
10 -67.16981723 0.09479991591
11 -67.77231505 0.0918773907
12 -68.36507054 0.08907929418
13 -68.947427 0.08640327207
14 -69.51871946 0.08384692704
15 -70.07828637 0.08140778563
16 -70.6254811 0.07908327253
17 -71.1596831 0.07687069264
18 -71.68030816 0.07476722067
19 -72.18681769 0.07276989813
20 -72.67872663 0.0708756367
21 -73.15560996 0.06908122733
22 -73.61710773 0.06738335398
23 -74.06292845 0.06577861078
24 -74.49285102 0.06426352178
25 -74.90672514 0.0628345624
26 -75.30446949 0.06148818368
27 -75.68606229 0.06022085379
28 -76.05147893 0.05902923368
29 -76.40022171 0.0579113958
30 -76.72763566 0.05687615802
31 -76.99580034 0.0560158235
32 -76.9027556 0.05608276747
33 -74.05393974 0.06351601684
34 -49.95082451 0.1683888081
35 30.95149196 0.986083868
36 37.5977024 0.9999265617
37 36.46018407 0.9999168233
38 33.81251733 0.9998666894
39 30.22730662 0.9997442076
40 26.12590738 0.9994597908
41 21.86803939 0.9988320764
42 17.70136221 0.9975429075
43 13.77527515 0.9951214752
44 10.17320311 0.9910071312
45 6.936019433 0.9847116121
46 4.074522721 0.976018704
47 1.576743518 0.9650961708
48 -0.5854998256 0.9524430089
49 -2.449773802 0.9387178516
50 -4.056876467 0.9245601223
51 -5.446357239 0.9104801945
52 -6.65394055 0.8968271767
53 -7.710479952 0.883805862
54 -8.64188777 0.8715123353
55 -9.46957014 0.8599696859
56 -10.21105725 0.8491564142
57 -10.88065633 0.8390264336
58 -11.49004642 0.8295220808
59 -12.04878602 0.820582069
60 -12.56473106 0.8121460588
61 -13.04437219 0.804157083
62 -13.49310387 0.796562663
63 -13.91543798 0.7893151589
64 -14.3151731 0.782371692
65 -14.69552884 0.7756938439
66 -15.05925278 0.7692472553
67 -15.40870578 0.7630011927
68 -15.74593052 0.7569281235
69 -16.07270682 0.7510033175
70 -16.39059647 0.7452044843
71 -16.7009798 0.7395114491
72 -17.0050858 0.7339058655
73 -17.30401687 0.728370963
74 -17.59876948 0.722891326
75 -17.89025143 0.7174527007
76 -18.17929633 0.7120418258
77 -18.46667596 0.706646285
78 -18.75311072 0.7012543778
79 -19.03927862 0.6958550062
80 -19.32582312 0.6904375757
81 -19.61335985 0.684991908
82 -19.90248251 0.6795081652
83 -20.19376815 0.6739767833
84 -20.4877817 0.6683884139
85 -20.7850801 0.6627338753
86 -21.08621595 0.6570041096
87 -21.3917407 0.6511901481
88 -21.70220758 0.645283084
89 -22.01817409 0.6392740516
90 -22.34020419 0.6331542141
91 -22.66887018 0.6269147584
92 -23.00475422 0.6205468999
93 -23.3484494 0.6140418953
94 -23.70056057 0.6073910665
95 -24.0617045 0.6005858358
96 -24.43250976 0.593617773
97 -24.81361582 0.5864786565
98 -25.20567167 0.5791605486
99 -25.60933364 0.5716558868
100 -26.02526238 0.563957591
101 -26.45411907 0.5560591883
102 -26.89656054 0.5479549545
103 -27.35323344 0.5396400715
104 -27.82476731 0.5311108014
105 -28.31176651 0.5223646714
106 -28.81480115 0.5134006703
107 -29.33439688 0.5042194481
108 -29.87102386 0.4948235156
109 -30.42508501 0.4852174342
110 -30.99690368 0.4754079901
111 -31.58671138 0.4654043398
112 -32.1946356 0.4552181198
113 -32.82068849 0.4448635082
114 -33.46475681 0.4343572289
115 -34.1265937 0.4237184905
116 -34.80581278 0.4129688534
117 -35.50188517 0.4021320223
118 -36.21413981 0.3912335651
119 -36.94176736 0.380300562
120 -37.6838278 0.3693611959
121 -38.43926175 0.3584442953
122 -39.20690529 0.3475788477
123 -39.98550771 0.336793501
124 -40.77375183 0.3261160741
125 -41.5702759 0.315573095
126 -42.37369656 0.3051893849
127 -43.1826317 0.2949877024
128 -43.99572267 0.2849884599
129 -44.81165487 0.2752095177
130 -45.62917622 0.2656660588
131 -46.44711292 0.2563705419
132 -47.26438218 0.2473327279
133 -48.08000166 0.2385597704
134 -48.89309569 0.2300563612
135 -49.7028982 0.2218249187
136 -50.50875259 0.2138658082
137 -51.3101088 0.206177583
138 -52.10651782 0.1987572362
139 -52.897624 0.191600455
140 -53.68315549 0.1847018694
141 -54.4629131 0.1780552898
142 -55.23675795 0.1716539292
143 -56.0045982 0.1654906064
144 -56.76637519 0.1595579279
145 -57.52204928 0.153848447
146 -58.27158572 0.1483547994
147 -59.01494091 0.1430698155
148 -59.75204924 0.1379866084
149 -60.48281108 0.1330986394
150 -61.20708205 0.1283997614
151 -61.92466397 0.123884241
152 -62.63529788 0.1195467621
153 -63.33865922 0.1153824115
154 -64.0343555 0.1113866507
155 -64.72192657 0.1075552744
156 -65.40084747 0.1038843603
157 -66.07053374 0.100370213
158 -66.73034917 0.09700930469
159 -67.37961551 0.09379821576
160 -68.01762391 0.0907335785
161 -68.64364754 0.08781202608
162 -69.25695501 0.08503014866
163 -69.85682396 0.0823844581
164 -70.44255445 0.07987136201
165 -71.01348166 0.07748714732
166 -71.56898738 0.07522797308
167 -72.10851022 0.07308987171
168 -72.63155405 0.07106875766
169 -73.13769472 0.06916044209
170 -73.62658487 0.06736065239
171 -74.09795689 0.06566505481
172 -74.55162414 0.0640692792
173 -74.98748053 0.06256894445
174 -75.40549862 0.06115968364
175 -75.80572653 0.05983716817
176 -76.18828376 0.05859713007
177 -76.55335618 0.05743538214
178 -76.90119046 0.05634783567
179 -77.23208806 0.05533051541
180 -77.546399 0.05437957202
181 -77.84451557 0.05349129188
182 -78.12686604 0.05266210448
183 -78.39390865 0.05188858757
184 -78.6461258 0.0511674703
185 -78.88401855 0.05049563457
186 -79.10810158 0.0498701148
187 -79.31889854 0.04928809647
188 -79.51693777 0.04874691343
189 -79.70274854 0.04824404446
190 -79.87685771 0.047777109
191 -80.03978676 0.04734386244
192 -80.19204931 0.04694219089
193 -80.33414892 0.04657010582
194 -80.46657733 0.04622573835
195 -80.58981298 0.04590733365
196 -80.70431981 0.04561324515
197 -80.81054642 0.04534192897
198 -80.9089253 0.04509193828
199 -80.99987249 0.04486191794
200 -81.08378719 0.04465059924
201 -81.16105174 0.04445679482
202 -81.2320316 0.04427939382
203 -81.29707552 0.04411735724
204 -81.35651576 0.0439697135
205 -81.4106684 0.04383555425
206 -81.4598338 0.04371403035
207 -81.50429695 0.04360434812
208 -81.54432805 0.0435057658
209 -81.58018294 0.04341759014
210 -81.61210369 0.04333917329
211 -81.64031916 0.04326990982
212 -81.66504549 0.04320923393
213 -81.68648674 0.04315661685
214 -81.70483541 0.04311156439
215 -81.720273 0.04307361464
216 -81.73297053 0.04304233584
217 -81.7430891 0.0430173244
218 -81.75078037 0.04299820297
219 -81.75618709 0.04298461876
220 -81.75944355 0.04297624187
221 -81.76067608 0.04297276376
222 -81.76000343 0.04297389587
223 -81.75753725 0.04297936827
224 -81.75338248 0.04298892839
225 -81.74763772 0.04300233996
226 -81.74039561 0.04301938182
227 -81.73174318 0.04303984702
228 -81.72176215 0.04306354184
229 -81.71052925 0.04309028496
230 -81.69811633 0.0431199071
231 -81.68458867 0.04315225397
232 -81.66998834 0.04318721946
233 -81.65418099 0.04322505069
234 -81.63547294 0.04326910712
235 -81.59814046 0.04335078033
236 -81.40004782 0.04375566117
237 -79.76158482 0.04717470488
238 -65.30283975 0.08856485454
239 26.74278145 0.9136750657
240 38.58942628 0.9999257259
241 37.98353199 0.9999367806
242 36.10288842 0.9999118329
243 33.29616373 0.999853292
244 29.84304218 0.9997240244
245 26.07266896 0.9994498446
246 22.24849822 0.9988978691
247 18.5406463 0.9978570389
248 15.04831651 0.9960365967
249 11.82686076 0.9931016522
250 8.904840009 0.9887526219
251 6.292256387 0.9828250096
252 3.984527904 0.9753597848
253 1.965544744 0.9666035013
254 0.2110886038 0.9569401509
255 -1.307537828 0.9467949056
256 -2.620297285 0.9365533615
257 -3.756063059 0.9265171803
258 -4.741204744 0.9168936617
259 -5.598948634 0.9078062775
260 -6.349265463 0.899313601
261 -7.009062666 0.8914286621
262 -7.592520516 0.8841351106
263 -8.111472035 0.8773992898
264 -8.575771755 0.8711786132
265 -8.993627506 0.8654270514
266 -9.371886383 0.8600985378
267 -9.716274958 0.8551489553
268 -10.03159794 0.8505371914
269 -10.32190103 0.8462256054
270 -10.5906037 0.8421801354
271 -10.84060737 0.8383701965
272 -11.07438344 0.8347684656
273 -11.29404511 0.8313506119
274 -11.50140603 0.8280950106
275 -11.69802847 0.8249824595
276 -11.88526288 0.8219959115
277 -12.06428061 0.8191202277
278 -12.23610101 0.8163419542
279 -12.40161398 0.8136491216
280 -12.56159883 0.8110310678
281 -12.71674014 0.8084782805
282 -12.86764101 0.8059822588
283 -13.01483434 0.8035353917
284 -13.15879241 0.8011308512
285 -13.29993496 0.7987624985
286 -13.43863617 0.7964248019
287 -13.57523056 0.7941127641
288 -13.71001815 0.7918218593
289 -13.84326885 0.7895479771
290 -13.97522626 0.787287373
291 -14.10611099 0.7850366256
292 -14.23612353 0.7827925982
293 -14.36544677 0.7805524043
294 -14.49424815 0.7783133785
295 -14.62268166 0.7760730488
296 -14.75088946 0.7738291139
297 -14.87900341 0.771579421
298 -15.00714641 0.7693219477
299 -15.13543351 0.7670547844
300 -15.26397303 0.7647761193
301 -15.39286745 0.7624842244
302 -15.52221426 0.7601774432
303 -15.65210671 0.7578541794
304 -15.78263452 0.7555128862
305 -15.91388445 0.753152057
306 -16.04594095 0.7507702166
307 -16.17888657 0.7483659132
308 -16.31280257 0.7459377105
309 -16.44776926 0.7434841811
310 -16.58386649 0.7410038994
311 -16.72117401 0.7384954354
312 -16.85977188 0.7359573489
313 -16.9997408 0.7333881833
314 -17.14116247 0.7307864601
315 -17.28411995 0.7281506735
316 -17.42869793 0.725479285
317 -17.57498316 0.7227707181
318 -17.72306468 0.7200233527
319 -17.87303418 0.7172355204
320 -18.02498637 0.714405499
321 -18.17901925 0.7115315069
322 -18.33523449 0.708611698
323 -18.49373777 0.7056441564
324 -18.65463915 0.7026268905
325 -18.81805339 0.6995578275
326 -18.98410043 0.6964348079
327 -19.15290568 0.6932555791
328 -19.32460052 0.6900177899
329 -19.49932268 0.6867189842
330 -19.67721671 0.6833565947
331 -19.85843445 0.6799279369
332 -20.0431355 0.6764302024
333 -20.23148774 0.6728604529
334 -20.42366788 0.6692156137
335 -20.61986197 0.6654924673
336 -20.82026597 0.6616876477
337 -21.02508637 0.6577976342
338 -21.23454076 0.6538187462
339 -21.44885843 0.649747138
340 -21.66828104 0.6455787948
341 -21.89306317 0.6413095292
342 -22.12347303 0.6369349787
343 -22.35979297 0.6324506051
344 -22.60232015 0.6278516951
345 -22.85136702 0.623133363
346 -23.10726187 0.6182905565
347 -23.37034924 0.6133180642
348 -23.64099026 0.6082105282
349 -23.91956286 0.6029624598
350 -24.20646186 0.5975682597
351 -24.50209889 0.592022245
352 -24.80690203 0.5863186814
353 -25.12131523 0.5804518226
354 -25.44579744 0.5744159584
355 -25.78082134 0.5682054712
356 -26.12687165 0.5618149017
357 -26.484443 0.555239026
358 -26.85403717 0.5484729429
359 -27.23615988 0.5415121726
360 -27.63131674 0.5343527676
361 -28.04000863 0.5269914338
362 -28.46272627 0.5194256629
363 -28.89994404 0.5116538731
364 -29.35211299 0.5036755575
365 -29.81965319 0.4954914363
366 -30.30294533 0.4871036094
367 -30.80232174 0.4785157053
368 -31.31805706 0.4697330203
369 -31.85035861 0.460762642
370 -32.39935684 0.451613551
371 -32.96509603 0.4422966928
372 -33.54752573 0.4328250139
373 -34.14649321 0.4232134548
374 -34.76173727 0.4134788962
375 -35.3928839 0.4036400517
376 -36.03944407 0.3937173089
377 -36.70081391 0.3837325156
378 -37.37627758 0.3737087179
379 -38.06501287 0.3636698536
380 -38.76609951 0.3536404107
381 -39.47853021 0.3436450627
382 -40.20122388 0.3337082915
383 -40.93304091 0.3238540125
384 -41.67279996 0.3141052157
385 -42.41929554 0.3044836345
386 -43.17131609 0.2950094546
387 -43.92766166 0.2857010701
388 -44.68716086 0.2765748953
389 -45.44868642 0.2676452331
390 -46.21116902 0.2589242019
391 -46.97360907 0.2504217178
392 -47.73508615 0.242145529
393 -48.4947661 0.2341012945
394 -49.25190566 0.2262927008
395 -50.00585471 0.2187216095
396 -50.75605634 0.2113882265
397 -51.5020448 0.2042912864
398 -52.2434416 0.1974282446
399 -52.97994994 0.1907954722
400 -53.71134773 0.1843884469
401 -54.43747942 0.1782019375
402 -55.15824673 0.1722301783
403 -55.87359876 0.1664670301
404 -56.58352127 0.160906128
405 -57.28802577 0.1555410131
406 -57.98713821 0.1503652482
407 -58.68088775 0.1453725174
408 -59.36929569 0.1405567091
409 -60.05236476 0.1359119827
410 -60.73006906 0.1314328189
411 -61.40234493 0.1271140549
412 -62.06908283 0.1229509043
413 -62.73012062 0.1189389624
414 -63.38523849 0.1150741995
415 -64.03415554 0.1113529407
416 -64.67652841 0.1077718371
417 -65.31195183 0.1043278267
418 -65.9399613 0.1010180906
419 -66.56003778 0.09784000282
420 -67.17161415 0.09479108
421 -67.77408348 0.09186892946
422 -68.3668086 0.08907120032
423 -68.94913277 0.08639553823
424 -69.52039102 0.08383954573
425 -70.07992181 0.08140074908
426 -70.6270786 0.07907657269
427 -71.16124091 0.07686432108
428 -71.68182467 0.07476116862
429 -72.18829141 0.07276415642
430 -72.68015624 0.07087019582
431 -73.15699435 0.06907607746
432 -73.61844597 0.06737848501
433 -74.0642198 0.0657740124
434 -74.49409498 0.06425918351
435 -74.90792139 0.06283047366
436 -75.30561792 0.06148433386
437 -75.68716298 0.06021723232
438 -76.05253215 0.05902583008
439 -76.40122776 0.05790819998
440 -76.72859391 0.05687316227
441 -76.99670063 0.05601304037
442 -76.90350288 0.05608039247
443 -74.05370243 0.06351614855
444 -49.94284718 0.1684365955
445 30.95555359 0.9861020036
446 37.59796156 0.9999265703
447 36.46009884 0.9999168223
448 33.81230959 0.9998666845
449 30.22704411 0.9997441953
450 26.12563589 0.9994597639
451 21.8677884 0.998832023
452 17.70114746 0.9975428126
453 13.77510312 0.9951213271
454 10.1730748 0.9910069318
455 6.935932719 0.9847113875
456 4.074473797 0.9760185054
457 1.576727856 0.9650960645
458 -0.5854867732 0.9524430606
459 -2.449736148 0.9387181137
460 -4.056817672 0.9245606295
461 -5.446280066 0.9104809653
462 -6.653847129 0.8968282179
463 -7.710371885 0.8838071732
464 -8.64176624 0.8715139124
465 -9.469436009 0.8599715232
466 -10.21091113 0.8491585062
467 -10.88049866 0.839028775
468 -11.4898775 0.8295246672
469 -12.04860604 0.8205848971
470 -12.56454012 0.8121491264
471 -13.04417034 0.8041603886
472 -13.4928911 0.7965662059
473 -13.91521423 0.7893189394
474 -14.31493828 0.7823757109
475 -14.69528283 0.7756981029
476 -15.05899542 0.7692517564
477 -15.40843687 0.7630059387
478 -15.74564987 0.7569331177
479 -16.07241418 0.7510085638
480 -16.39029156 0.7452099872
481 -16.70066234 0.7395172136
482 -17.00475546 0.733911897
483 -17.30367329 0.7283772676
484 -17.59841228 0.7228979104
485 -17.88988018 0.7174595721
486 -18.17891059 0.712048992
487 -18.46627524 0.7066537544
488 -18.75269449 0.7012621595
489 -19.03884633 0.6958631098
490 -19.32537415 0.6904460116
491 -19.61289355 0.6850006872
492 -19.9019982 0.6795172995
493 -20.19326507 0.673986285
494 -20.48725906 0.6683982963
495 -20.78453706 0.6627441523
496 -21.0856516 0.6570147958
497 -21.39115409 0.651201259
498 -21.70159768 0.6452946356
499 -22.01753981 0.6392860607
500 -22.33954439 0.6331666982
501 -22.66818366 0.6269277357
502 -23.00403968 0.6205603891
503 -23.34770551 0.6140559155
504 -23.69978591 0.6074056372
505 -24.0608976 0.6006009768
506 -24.43166907 0.593633504
507 -24.81273976 0.5864949971
508 -25.20475859 0.5791775181
509 -25.60838184 0.5716735036
510 -26.02427014 0.5639758726
511 -26.45308464 0.5560781508
512 -26.89548216 0.547974612
513 -27.35210937 0.539660436
514 -27.82359583 0.5311318817
515 -28.31054597 0.5223864733
516 -28.81352996 0.5134231954
517 -29.33307358 0.5042426934
518 -29.86964714 0.4948474729
519 -30.42365371 0.4852420897
520 -30.99541689 0.4754333236
521 -31.58516843 0.4654303246
522 -32.19303608 0.4552447221
523 -32.81903235 0.444890687
524 -33.46304433 0.434384936
525 -34.12482552 0.4237466708
526 -34.80398994 0.4129974451
527 -35.5000091 0.4021609578
528 -36.21221235 0.3912627713
529 -36.93979071 0.3803299617
530 -37.68180453 0.3693907089
531 -38.43719477 0.3584738396
532 -39.20479778 0.3476083408
533 -39.9833631 0.3368228616
534 -40.77157372 0.3261452232
535 -41.56806801 0.3156019571
536 -42.37146267 0.3052178893
537 -43.18037558 0.2950157841
538 -43.99344801 0.2850160604
539 -44.80936525 0.2752365855
540 -45.62687504 0.2656925498
541 -46.44480337 0.2563964193
542 -47.26206717 0.2473579624
543 -48.07768385 0.2385843398
544 -48.89077745 0.23008025
545 -49.7005816 0.2218481175
546 -50.50643939 0.2138883131
547 -51.30780048 0.2061993951
548 -52.1042156 0.1987783609
549 -52.89532884 0.1916209011
550 -53.68086814 0.1847216485
551 -54.46063412 0.1780744158
552 -55.23448777 0.1716724176
553 -56.00233712 0.1655084736
554 -56.76412346 0.159575191
555 -57.51980711 0.153865123
556 -58.26935336 0.1483709052
557 -59.01271865 0.1430853675
558 -59.74983747 0.138001622
559 -60.48061033 0.1331131292
560 -61.20489301 0.1284137408
561 -61.92248753 0.1238977223
562 -62.63313513 0.1195597566
563 -63.33651147 0.1153949294
564 -64.03222429 0.1113987013
565 -64.71981368 0.1075668661
566 -65.39875486 0.103895501
567 -66.06846359 0.1003809102
568 -66.72830381 0.09701956539
569 -67.37759741 0.09380804704
570 -68.01563561 0.09074298751
571 -68.64169166 0.08782102019
572 -69.25503415 0.08503873562
573 -69.85494069 0.08239264612
574 -70.44071128 0.07987915984
575 -71.01168094 0.07749456428
576 -71.56723134 0.07523501905
577 -72.10680087 0.07309655716
578 -72.6298932 0.07107509356
579 -73.13608394 0.06916643989
580 -73.62502547 0.06736632392
581 -74.09644993 0.06567041222
582 -74.55017041 0.06407433487
583 -74.98608055 0.06257371089
584 -75.40415267 0.06116417341
585 -75.80443464 0.0598413938
586 -76.18704571 0.05860110399
587 -76.55217155 0.05743911661
588 -76.90005863 0.05635134269
589 -77.23100824 0.05533380672
590 -77.54537022 0.05438265903
591 -77.84353672 0.05349418562
592 -78.12593591 0.05266481559
593 -78.39302591 0.05189112629
594 -78.64528904 0.05116984644
595 -78.8832263 0.0504978575
596 -79.10735233 0.04987219347
597 -79.31819072 0.04929003938
598 -79.5162698 0.04874872865
599 -79.70211884 0.04824573965
600 -79.87626469 0.0477786914
601 -80.03922885 0.04734533889
602 -80.19152495 0.04694356786
603 -80.33365658 0.04657138939
604 -80.46611552 0.04622693427
605 -80.58938023 0.04590844731
606 -80.70391471 0.04561428163
607 -80.81016758 0.04534289303
608 -80.90857141 0.0450928344
609 -80.99954225 0.04486275032
610 -81.08347937 0.04465137182
611 -81.16076516 0.0444575113
612 -81.23176514 0.04428005766
613 -81.29682808 0.04411797169
614 -81.35628631 0.0439702816
615 -81.41045596 0.04383607885
