0 -77.35472246 0.054945204
1 -54.78009642 0.1486848599
2 24.17415726 0.8757653037
3 43.08657752 0.9999599118
4 47.29589257 0.9999878179
5 54.17863903 0.9999965884
6 45.56091645 0.999986567
7 40.08088679 0.9999608135
8 35.26733494 0.9999021592
9 30.64479465 0.9997673326
10 26.16028814 0.9994664398
11 21.84542438 0.9988280368
12 17.74370036 0.9975578709
13 13.89662786 0.995214954
14 10.34083137 0.99124724
15 7.105005964 0.9851211589
16 4.205724368 0.9765183017
17 1.644126186 0.9654925593
18 -0.5943637174 0.9524780223
19 -2.536853471 0.9381428893
20 -4.217806557 0.9231901906
21 -5.673915606 0.9082099617
22 -6.940344072 0.8936190921
23 -8.048619703 0.8796677392
24 -9.02583999 0.8664762091
25 -9.894693663 0.854076475
26 -10.67389122 0.8424465431
27 -11.37874322 0.8315349513
28 -12.02174473 0.8212766697
29 -12.61310137 0.811602699
30 -13.16117546 0.8024454686
31 -13.672852 0.7937415983
32 -14.15383337 0.7854330867
33 -14.60887412 0.7774676013
34 -15.04196718 0.769798286
35 -15.45649142 0.7623833326
36 -15.85532859 0.7551854578
37 -16.24095646 0.7481713639
38 -16.61552315 0.7413112239
39 -16.9809068 0.7345782108
40 -17.33876378 0.7279480771
41 -17.69056774 0.7213987847
42 -18.0376416 0.7149101837
43 -18.38118379 0.7084637337
44 -18.7222899 0.7020422644
45 -19.06197075 0.6956297696
46 -19.40116749 0.6892112317
47 -19.74076422 0.6827724715
48 -20.08159877 0.6763000221
49 -20.42447165 0.6697810224
50 -20.77015384 0.6632031294
51 -21.11939319 0.6565544477
52 -21.47291995 0.6498234743
53 -21.83145132 0.6429990587
54 -22.19569519 0.6360703774
55 -22.56635313 0.6290269234
56 -22.94412259 0.6218585091
57 -23.32969843 0.6145552845
58 -23.72377372 0.6071077709
59 -24.12703971 0.5995069088
60 -24.54018513 0.5917441231
61 -24.96389459 0.5838114031
62 -25.39884616 0.5757013999
63 -25.84570804 0.5674075389
64 -26.30513428 0.5589241482
65 -26.77775958 0.5502466008
66 -27.26419307 0.541371469
67 -27.76501117 0.5322966878
68 -28.28074954 0.5230217239
69 -28.81189421 0.5135477459
70 -29.35887205 0.5038777879
71 -29.92204073 0.4940169026
72 -30.50167845 0.4839722941
73 -31.09797373 0.4737534224
74 -31.71101557 0.463372072
75 -32.34078447 0.4528423765
76 -32.9871446 0.4421807907
77 -33.64983767 0.4314060052
78 -34.32847888 0.4205388003
79 -35.02255526 0.4096018366
80 -35.73142681 0.3986193854
81 -36.45433057 0.3876170032
82 -37.19038776 0.3766211593
83 -37.93861392 0.3656588273
84 -38.69793178 0.3547570547
85 -39.46718669 0.3439425254
86 -40.24516399 0.3332411315
87 -41.03060782 0.3226775701
88 -41.82224078 0.3122749788
89 -42.61878365 0.3020546228
90 -43.4189747 0.292035641
91 -44.22158773 0.2822348591
92 -45.02544864 0.2726666693
93 -45.8294497 0.2633429781
94 -46.6325616 0.254273216
95 -47.43384278 0.2454644041
96 -48.2324461 0.2369212688
97 -49.02762286 0.2286463973
98 -49.81872418 0.2206404212
99 -50.60520007 0.2129022231
100 -51.38659622 0.2054291544
101 -52.16254885 0.1982172583
102 -52.93277796 0.1912614918
103 -53.69707898 0.1845559397
104 -54.45531338 0.1780940185
105 -55.20739825 0.1718686653
106 -55.95329516 0.1658725107
107 -56.69299859 0.1600980336
108 -57.42652397 0.1545376974
109 -58.15389576 0.1491840668
110 -58.87513564 0.144029906
111 -59.59025107 0.1390682572
112 -60.29922448 0.1342925018
113 -61.0020034 0.129696403
114 -61.6984916 0.125274132
115 -62.38854167 0.1210202788
116 -63.07194918 0.1169298473
117 -63.74844867 0.1129982387
118 -64.41771158 0.1092212226
119 -65.07934626 0.1055948993
120 -65.73290015 0.1021156543
121 -66.37786401 0.09878010864
122 -67.01367815 0.09558506573
123 -67.63974045 0.09252745851
124 -68.25541584 0.08960429815
125 -68.8600471 0.0868126267
126 -69.45296631 0.0841494751
127 -70.03350683 0.08161182789
128 -70.60101524 0.07919659546
129 -71.15486288 0.07690059409
130 -71.69445669 0.0747205339
131 -72.21924896 0.07265301424
132 -72.72874584 0.07069452587
133 -73.22251435 0.06884145899
134 -73.70018785 0.06709011607
135 -74.16146988 0.06543672835
136 -74.60613646 0.06387747503
137 -75.03403687 0.06240850387
138 -75.44509301 0.06102595248
139 -75.83929759 0.05972596938
140 -76.21671121 0.05850473417
141 -76.57745857 0.05735847638
142 -76.92172398 0.05628349252
143 -77.24974638 0.05527616112
144 -77.56181391 0.05433295578
145 -77.85825844 0.05345045592
146 -78.13944986 0.05262535549
147 -78.40579059 0.05185446974
148 -78.65771007 0.05113474002
149 -78.89565964 0.05046323696
150 -79.12010761 0.04983716209
151 -79.33153467 0.04925384816
152 -79.53042971 0.04871075835
153 -79.717286 0.04820548443
154 -79.8925977 0.04773574418
155 -80.05685689 0.04729937818
156 -80.2105508 0.04689434606
157 -80.35415956 0.04651872231
158 -80.48815416 0.04617069194
159 -80.61299484 0.04584854582
160 -80.7291297 0.04555067596
161 -80.83699356 0.04527557078
162 -80.93700718 0.04502181031
163 -81.02957655 0.04478806147
164 -81.11509245 0.04457307351
165 -81.19393022 0.04437567346
166 -81.26644959 0.04419476176
167 -81.33299468 0.04402930809
168 -81.39389413 0.04387834727
169 -81.44946129 0.04374097545
170 -81.4999945 0.04361634636
171 -81.54577744 0.04350366782
172 -81.58707951 0.04340219841
173 -81.62415629 0.0433112443
174 -81.65724996 0.04323015625
175 -81.68658982 0.04315832682
176 -81.71239282 0.04309518766
177 -81.73486398 0.04304020707
178 -81.754197 0.0429928876
179 -81.77057471 0.04295276386
180 -81.78416958 0.04291940044
181 -81.79514427 0.04289238995
182 -81.80365204 0.04287135124
183 -81.80983731 0.04285592763
184 -81.81383603 0.04284578537
185 -81.81577621 0.04284061211
186 -81.81577828 0.04284011552
187 -81.81395557 0.04284402197
188 -81.81041463 0.04285207531
189 -81.80525568 0.04286403573
190 -81.79857291 0.04287967871
191 -81.79045487 0.042898794
192 -81.78098476 0.0429211847
193 -81.77024079 0.04294666638
194 -81.7582964 0.04297506632
195 -81.7452206 0.04300622268
196 -81.73107822 0.04303998383
197 -81.71593014 0.04307620771
198 -81.69983354 0.04311476119
199 -81.68284213 0.04315551949
200 -81.66500633 0.04319836565
201 -81.6463735 0.04324319007
202 -81.62698812 0.04328988996
203 -81.60689193 0.04333836899
204 -81.58612413 0.04338853683
205 -81.56472154 0.04344030877
206 -59.14635727 0.1213878113
207 20.32405671 0.8069015161
208 42.46447506 0.9999487605
209 45.87878305 0.9999842663
210 51.99915115 0.9999948623
211 43.83840979 0.9999810487
212 39.27052085 0.9999535067
213 35.28816443 0.999900948
214 31.39625169 0.9997946395
215 27.55431966 0.9995812088
216 23.80221979 0.9991666134
217 20.18530742 0.9983970888
218 16.74275344 0.9970446267
219 13.50777966 0.9948113066
220 10.50808087 0.9913688018
221 7.764621979 0.9864371537
222 5.289579656 0.979879548
223 3.084772875 0.9717666579
224 1.14162687 0.9623724655
225 -0.5571105413 0.9521035982
226 -2.034504277 0.9414013737
227 -3.316354819 0.9306601539
228 -4.428641301 0.9201833605
229 -5.39579302 0.9101745957
230 -6.239753141 0.9007502431
231 -6.979636561 0.8919603124
232 -7.631762791 0.8838092056
233 -8.209889131 0.8762727298
234 -8.725527227 0.8693105703
235 -9.188274163 0.8628747636
236 -9.606122423 0.8569151054
237 -9.985733402 0.8513823976
238 -10.33267052 0.8462302485
239 -10.65159379 0.8414159498
240 -10.94642014 0.8369007847
241 -11.22045452 0.8326500033
242 -11.47649681 0.8286326143
243 -11.71692877 0.8248210862
244 -11.94378488 0.8211910142
245 -12.15881008 0.8177207857
246 -12.36350705 0.8143912617
247 -12.55917492 0.8111854831
248 -12.74694121 0.8080884064
249 -12.92778815 0.8050866666
250 -13.10257461 0.8021683698
251 -13.27205425 0.7993229091
252 -13.4368908 0.7965408049
253 -13.59767084 0.7938135644
254 -13.7549146 0.79113356
255 -13.90908504 0.7884939223
256 -14.06059565 0.7858884468
257 -14.20981702 0.7833115134
258 -14.35708255 0.7807580146
259 -14.50269324 0.7782232933
260 -14.64692192 0.7757030886
261 -14.79001686 0.773193487
262 -14.93220491 0.7706908807
263 -15.07369422 0.7681919297
264 -15.21467666 0.7656935289
265 -15.35532989 0.7631927787
266 -15.49581922 0.7606869585
267 -15.63629921 0.7581735038
268 -15.77691516 0.7556499849
269 -15.91780435 0.753114088
270 -16.05909721 0.7505635985
271 -16.20091837 0.7479963854
272 -16.34338753 0.7454103872
273 -16.48662036 0.7428035994
274 -16.63072926 0.7401740626
275 -16.77582403 0.7375198515
276 -16.92201257 0.734839065
277 -17.06940141 0.732129817
278 -17.21809637 0.7293902271
279 -17.36820301 0.7266184129
280 -17.51982714 0.7238124817
281 -17.67307536 0.720970523
282 -17.82805544 0.7180906016
283 -17.98487682 0.7151707503
284 -18.14365103 0.7122089634
285 -18.30449209 0.7092031899
286 -18.46751697 0.7061513273
287 -18.63284599 0.7030512152
288 -18.80060323 0.6999006287
289 -18.97091696 0.6966972733
290 -19.14392006 0.6934387775
291 -19.31975043 0.690122688
292 -19.49855146 0.6867464633
293 -19.68047243 0.6833074677
294 -19.86566897 0.6798029664
295 -20.05430352 0.6762301193
296 -20.24654577 0.6725859762
297 -20.44257315 0.6688674714
298 -20.64257129 0.6650714195
299 -20.8467345 0.6611945109
300 -21.05526625 0.6572333081
301 -21.26837961 0.6531842427
302 -21.4862978 0.6490436133
303 -21.70925454 0.6448075839
304 -21.93749458 0.6404721843
305 -22.17127408 0.6360333109
306 -22.41086097 0.6314867301
307 -22.65653531 0.6268280833
308 -22.90858959 0.6220528938
309 -23.16732886 0.617156577
310 -23.43307091 0.6121344535
311 -23.70614624 0.6069817655
312 -23.98689793 0.6016936977
313 -24.27568137 0.5962654018
314 -24.57286375 0.5906920271
315 -24.87882342 0.5849687563
316 -25.19394887 0.5790908471
317 -25.51863761 0.5730536805
318 -25.85329453 0.5668528168
319 -26.19833006 0.5604840584
320 -26.55415786 0.5539435201
321 -26.92119207 0.547227708
322 -27.29984416 0.5403336053
323 -27.69051927 0.5332587653
324 -28.093612 0.5260014117
325 -28.50950178 0.5185605428
326 -28.93854768 0.5109360408
327 -29.38108278 0.5031287825
328 -29.8374081 0.4951407483
329 -30.30778622 0.4869751293
330 -30.79243457 0.4786364249
331 -31.2915187 0.4701305312
332 -31.80514547 0.4614648128
333 -32.33335654 0.4526481556
334 -32.87612218 0.4436909953
335 -33.43333581 0.4346053182
336 -34.00480929 0.4254046309
337 -34.59026937 0.4161038956
338 -35.18935545 0.4067194301
339 -35.80161877 0.3972687725
340 -36.42652334 0.3877705111
341 -37.06344854 0.3782440826
342 -37.71169361 0.3687095433
343 -38.37048388 0.3591873188
344 -39.03897872 0.3496979389
345 -39.71628095 0.3402617666
346 -40.40144765 0.3308987281
347 -41.09350194 0.3216280529
348 -41.79144542 0.3124680326
349 -42.49427096 0.3034358037
350 -43.20097557 0.2945471616
351 -43.9105727 0.2858164099
352 -44.62210404 0.2772562466
353 -45.33465024 0.2688776905
354 -46.04734044 0.260690044
355 -46.75936043 0.2527008935
356 -47.46995928 0.2449161425
357 -48.17845449 0.2373400735
358 -48.88423546 0.2299754348
359 -49.58676554 0.2228235467
360 -50.28558252 0.2158844231
361 -50.98029788 0.2091569028
362 -51.67059465 0.2026387871
363 -52.35622433 0.1963269795
364 -53.03700265 0.1902176246
365 -53.71280461 0.1843062435
366 -54.38355868 0.1785878629
367 -55.04924041 0.1730571377
368 -55.70986551 0.1677084643
369 -56.3654825 0.1625360857
370 -57.01616501 0.1575341856
371 -57.6620038 0.1526969737
372 -58.3030987 0.1480187601
373 -58.93955039 0.14349402
374 -59.57145233 0.1391174479
375 -60.19888274 0.1348840023
376 -60.82189694 0.1307889405
377 -61.44052014 0.1268278431
378 -62.0547408 0.1229966302
379 -62.66450468 0.1192915672
380 -63.26970995 0.1157092626
381 -63.87020324 0.1122466569
382 -64.46577699 0.1089010045
383 -65.05616811 0.105669848
384 -65.64105812 0.1025509872
385 -66.22007472 0.09954244269
386 -66.79279493 0.09664241684
387 -67.35874956 0.09384925189
388 -67.91742912 0.09116138784
389 -68.46829089 0.08857732101
390 -69.01076691 0.08609556463
391 -69.5442728 0.08371461279
392 -70.06821702 0.0814329087
393 -70.5820103 0.07924881795
394 -71.08507504 0.0771606074
395 -71.57685436 0.07516642994
396 -72.05682051 0.07326431491
397 -72.52448253 0.0714521642
398 -72.97939296 0.06972775338
399 -73.42115339 0.06808873738
400 -73.84941891 0.06653265993
401 -74.26390136 0.06505696604
402 -74.6643714 0.06365901685
403 -75.05065938 0.06233610586
404 -75.42265526 0.06108547615
405 -75.78030748 0.05990433774
406 -76.12362105 0.05878988472
407 -76.45265488 0.05773931161
408 -76.76751859 0.05674982873
409 -77.06836876 0.05581867623
410 -77.35540499 0.0549431367
411 -54.78083054 0.1486799067
412 24.17373346 0.8757561594
413 43.08645475 0.9999599103
414 47.29560335 0.9999878172
415 54.17819103 0.9999965881
416 45.56049326 0.9999865659
417 40.08056215 0.999960811
418 35.26709655 0.9999021546
419 30.64462751 0.9997673251
420 26.16018108 0.9994664287
421 21.84536914 0.9988280239
422 17.74369028 0.9975578641
423 13.89665694 0.9952149734
424 10.34089384 0.9912473232
425 7.105096109 0.985121361
426 4.205836762 0.976518687
427 1.644256001 0.9654931863
428 -0.5942204066 0.9524789312
429 -2.536699553 0.9381440979
430 -4.217643941 0.9231916985
431 -5.673745396 0.908211758
432 -6.94016678 0.8936211622
433 -8.048435439 0.8796700692
434 -9.02564861 0.8664787877
435 -9.894494871 0.8540792943
436 -10.67368463 0.842449598
437 -11.37852841 0.8315382395
438 -12.02152125 0.8212801907
439 -12.61286878 0.8116064544
440 -13.16093329 0.8024494609
441 -13.6725998 0.7937458312
442 -14.15357068 0.7854375649
443 -14.60860048 0.77747233
444 -15.04168213 0.7698032711
445 -15.45619447 0.7623885808
446 -15.85501926 0.7551909763
447 -16.24063425 0.7481771603
448 -16.61518752 0.7413173065
449 -16.98055721 0.7345845885
450 -17.33839965 0.7279547593
451 -17.69018846 0.7214057814
452 -18.03724655 0.7149175056
453 -18.38077228 0.7084713921
454 -18.72186122 0.7020502711
455 -19.06152415 0.6956381373
456 -19.40070217 0.6892199735
457 -19.74027935 0.6827816015
458 -20.08109343 0.676309555
459 -20.42394491 0.6697909735
460 -20.7696047 0.6632135147
461 -21.11882058 0.6565652839
462 -21.47232277 0.6498347786
463 -21.83082839 0.6430108489
464 -22.19504528 0.636082672
465 -22.56567493 0.629039741
466 -22.94341476 0.6218718687
467 -23.32895956 0.6145692054
468 -23.72300234 0.607122272
469 -24.12623432 0.5995220092
470 -24.53934416 0.5917598411
471 -24.96301644 0.5838277563
472 -25.39792921 0.5757184049
473 -25.84475065 0.5674252107
474 -26.30413482 0.5589425002
475 -26.77671642 0.5502656439
476 -27.26310462 0.5413912113
477 -27.7638759 0.5323171341
478 -28.279566 0.5230428754
479 -28.81066105 0.5135695993
480 -29.35758805 0.5039003351
481 -29.92070485 0.4940401302
482 -30.50028984 0.4839961829
483 -31.09653176 0.4737779471
484 -31.70951988 0.4633972011
485 -32.33923496 0.452868072
486 -32.9855415 0.442207008
487 -33.64818152 0.4314326936
488 -34.32677058 0.4205659031
489 -35.02079603 0.4096292918
490 -35.72961822 0.3986471263
491 -36.45247455 0.3876449593
492 -37.18848656 0.3766492573
493 -37.93667006 0.3656869921
494 -38.69594805 0.3547852109
495 -39.4651661 0.3439705979
496 -40.24310971 0.3332690473
497 -41.02852317 0.322705259
498 -41.82012913 0.3123023746
499 -42.6166484 0.3020816639
500 -43.41681919 0.2920622715
501 -44.21941525 0.2822610289
502 -45.02326231 0.2726923349
503 -45.8272525 0.2633681024
504 -46.6303563 0.2542977685
505 -47.43163191 0.2454883606
506 -48.23023197 0.2369446115
507 -49.0254075 0.2286691137
508 -49.81650936 0.2206625045
509 -50.60298732 0.2129236709
510 -51.38438678 0.2054499686
511 -52.16034378 0.1982374444
512 -52.93057805 0.1912810583
513 -53.69488486 0.1845748975
514 -54.45312551 0.1781123803
515 -55.20521694 0.1718864452
516 -55.95112064 0.1658897237
517 -56.690831 0.1601146953
518 -57.42436342 0.1545538235
519 -58.15174237 0.1491996727
520 -58.87298957 0.1440450066
521 -59.58811254 0.1390828667
522 -60.29709383 0.1343066336
523 -60.9998811 0.1297100694
524 -61.69637828 0.1252873445
525 -62.38643815 0.1210330476
526 -63.06985648 0.1169421816
527 -63.74636801 0.1130101469
528 -64.41564441 0.109232712
529 -65.07729424 0.1056059765
530 -65.73086515 0.1021263254
531 -66.37584807 0.09879037926
532 -67.0116835 0.0955949412
533 -67.63776942 0.09253694404
534 -68.2534709 0.08961339902
535 -68.85813076 0.08682134838
536 -69.45108112 0.08415782336
537 -70.03165532 0.08161980894
538 -70.5991999 0.079204216
539 -71.15308609 0.07690786136
540 -71.69272071 0.07472745571
541 -72.21755589 0.07265959897
542 -72.72709759 0.07070078247
543 -73.22091263 0.06884739689
544 -73.69863412 0.06709574517
545 -74.15996538 0.06544205894
546 -74.60468218 0.06388251772
547 -75.03263354 0.06241326951
548 -75.44374112 0.06103045207
549 -75.83799739 0.05973021401
550 -76.21546272 0.05850873495
551 -76.57626159 0.05736224435
552 -76.92057811 0.05628703859
553 -77.24865102 0.05527949605
554 -77.56076832 0.0543360901
555 -77.8572617 0.05345339987
556 -78.13850093 0.05262811905
557 -78.40488831 0.05185706254
558 -78.6568532 0.05113717135
559 -78.89484685 0.05046551574
560 -79.1193375 0.04983929689
561 -79.3308058 0.04925584716
562 -79.52974061 0.04871262935
563 -79.71663517 0.04820723486
564 -79.89198364 0.0477373811
565 -80.05627809 0.0473009083
566 -80.21000576 0.04689577571
567 -80.3536468 0.0465200575
568 -80.48767223 0.04617193834
569 -80.61254231 0.04584970877
570 -80.72870517 0.04555176053
571 -80.83659568 0.04527658171
572 -80.93663464 0.04502275206
573 -81.02922806 0.04478893827
574 -81.1147668 0.04457388931
575 -81.19362623 0.04437643198
576 -81.26616612 0.04419546649
577 -81.33273065 0.04402996231
578 -81.39364849 0.04387895406
579 -81.44923306 0.04374153769
580 -81.49978273 0.04361686677
581 -81.54558122 0.04350414893
582 -81.58689799 0.04340264261
583 -81.62398864 0.04331165381
584 -81.65709542 0.04323053317
585 -81.68644766 0.04315867311
586 -81.71226233 0.04309550516
587 -81.73474451 0.0430404975
588 -81.75408793 0.04299315258
589 -81.77047543 0.0429530049
590 -81.78407956 0.04291961896
591 -81.79506296 0.04289258728
592 -81.80357897 0.04287152862
593 -81.80977198 0.04285608624
594 -81.81377802 0.0428459263
595 -81.81572509 0.04284073638
596 -81.81573367 0.0428402241
597 -81.81391709 0.04284411576
598 -81.81038194 0.04285215515
599 -81.80522845 0.04286410242
600 -81.79855083 0.042879733
601 -81.79043764 0.04289883658
602 -81.78097212 0.04292121622
603 -81.77023247 0.04294668747
604 -81.75829216 0.04297507755
605 -81.74522021 0.04300622459
606 -81.73108147 0.04303997693
607 -81.71593682 0.04307619248
608 -81.69984347 0.04311473808
609 -81.68285512 0.04315548891
610 -81.66502222 0.04319832801
611 -81.64639213 0.04324314573
612 -81.62700934 0.04328983928
613 -81.60691559 0.04333831229
614 -81.58615011 0.04338847442
615 -81.56474971 0.04344024094
