0 -81.36608439 0.0439261151
1 -77.78417462 0.05230377095
2 -73.10018842 0.06695381576
3 -66.57576449 0.09275024997
4 -42.44150112 0.225469077
5 39.78545837 0.9985986565
6 38.72349361 0.9999447214
7 37.14902031 0.999927112
8 34.56022947 0.9998838172
9 31.0932917 0.99978144
10 27.13247207 0.9995488764
11 23.05546236 0.9990519785
12 19.1110025 0.998071538
13 15.42882507 0.9963021668
14 12.06653774 0.9933914887
15 9.044703037 0.9890260007
16 6.364197205 0.9830385031
17 4.013073039 0.9754833543
18 1.969684131 0.9666342939
19 0.2054650223 0.9569070033
20 -1.311911332 0.9467521607
21 -2.615495096 0.9365684551
22 -3.736723462 0.926658007
23 -4.704003944 0.9172195428
24 -5.542106662 0.9083634232
25 -6.272118365 0.9001341647
26 -6.911716919 0.892531978
27 -7.475588739 0.8855299158
28 -7.97587948 0.8790861497
29 -8.42261963 0.8731521385
30 -8.824099498 0.8676777396
31 -9.187186734 0.8626142146
32 -9.517588884 0.857915855
33 -9.820067495 0.8535407419
34 -10.09861138 0.8494509817
35 -10.35657632 0.8456126388
36 -10.5967977 0.8419955067
37 -10.8216813 0.8385728004
38 -11.03327687 0.8353208224
39 -11.23333773 0.8322186294
40 -11.42336946 0.8292477189
41 -11.60466964 0.826391739
42 -11.77836063 0.8236362276
43 -11.94541657 0.8209683797
44 -12.10668578 0.8183768418
45 -12.26290945 0.8158515302
46 -12.41473725 0.8133834726
47 -12.56274045 0.8109646693
48 -12.70742297 0.8085879716
49 -12.84923075 0.8062469762
50 -12.98855972 0.8039359321
51 -13.1257625 0.8016496601
52 -13.26115428 0.7993834821
53 -13.39501774 0.7971331587
54 -13.52760733 0.7948948356
55 -13.65915296 0.792664995
56 -13.78986322 0.7904404146
57 -13.91992813 0.7882181298
58 -14.04952156 0.7859954017
59 -14.17880335 0.7837696876
60 -14.30792116 0.7815386158
61 -14.43701211 0.7792999626
62 -14.56620419 0.7770516315
63 -14.69561757 0.7747916358
64 -14.8253657 0.7725180811
65 -14.95555636 0.7702291515
66 -15.08629253 0.7679230952
67 -15.21767323 0.7655982129
68 -15.34979426 0.7632528463
69 -15.48274889 0.7608853675
70 -15.61662846 0.7584941699
71 -15.75152296 0.7560776586
72 -15.88752161 0.7536342426
73 -16.02471328 0.7511623262
74 -16.16318706 0.7486603017
75 -16.30303263 0.7461265418
76 -16.44434077 0.7435593926
77 -16.58720373 0.7409571667
78 -16.7317157 0.7383181361
79 -16.87797316 0.7356405254
80 -17.02607535 0.7329225051
81 -17.17612466 0.7301621847
82 -17.32822704 0.7273576056
83 -17.48249243 0.7245067342
84 -17.63903522 0.7216074547
85 -17.79797466 0.7186575615
86 -17.95943535 0.7156547521
87 -18.12354773 0.7125966187
88 -18.29044857 0.7094806404
89 -18.46028149 0.7063041748
90 -18.63319754 0.7030644498
91 -18.80935576 0.699758554
92 -18.98892379 0.6963834281
93 -19.1720785 0.6929358553
94 -19.35900669 0.6894124517
95 -19.54990578 0.6858096563
96 -19.74498452 0.6821237213
97 -19.94446381 0.6783507019
98 -20.14857749 0.6744864464
99 -20.35757317 0.670526586
100 -20.57171308 0.6664665258
101 -20.79127502 0.6623014354
102 -21.01655322 0.6580262408
103 -21.24785929 0.6536356171
104 -21.48552314 0.6491239829
105 -21.72989394 0.644485496
106 -21.98134095 0.6397140524
107 -22.24025443 0.6348032868
108 -22.50704641 0.6297465785
109 -22.78215136 0.6245370602
110 -23.06602677 0.619167633
111 -23.3591535 0.6136309878
112 -23.66203596 0.607919634
113 -23.97520199 0.6020259372
114 -24.29920234 0.5959421675
115 -24.63460985 0.5896605586
116 -24.98201797 0.5831733819
117 -25.34203884 0.5764730333
118 -25.71530055 0.5695521382
119 -26.10244367 0.562403673
120 -26.50411687 0.5550211053
121 -26.92097152 0.5473985531
122 -27.35365524 0.5395309637
123 -27.80280419 0.5314143097
124 -28.26903424 0.5230458016
125 -28.75293089 0.5144241134
126 -29.25503793 0.5055496164
127 -29.77584505 0.4964246151
128 -30.31577457 0.4870535769
129 -30.87516736 0.4774433476
130 -31.45426861 0.4676033395
131 -32.05321352 0.4575456819
132 -32.67201373 0.447285322
133 -33.31054493 0.4368400617
134 -33.96853633 0.4262305227
135 -34.64556264 0.4154800287
136 -35.34103916 0.4046144011
137 -36.0542206 0.3936616663
138 -36.78420404 0.3826516791
139 -37.52993616 0.3716156705
140 -38.29022502 0.3605857351
141 -39.06375594 0.3495942764
142 -39.8491112 0.3386734307
143 -40.64479299 0.3278544965
144 -41.44924845 0.3171673896
145 -42.26089621 0.3066401493
146 -43.07815315 0.2962985126
147 -43.89946047 0.2861655723
148 -44.723308 0.2762615262
149 -45.54825614 0.2666035238
150 -46.3729546 0.2572056045
151 -47.19615756 0.2480787253
152 -48.01673508 0.239230864
153 -48.83368059 0.2306671876
154 -49.6461147 0.2223902709
155 -50.45328546 0.2144003519
156 -51.25456549 0.2066956096
157 -52.04944633 0.1992724532
158 -52.83753047 0.1921258113
159 -53.6185214 0.185249413
160 -54.39221219 0.1786360546
161 -55.15847294 0.1722778472
162 -55.91723735 0.1661664409
163 -56.66848885 0.1602932252
164 -57.41224655 0.1546495041
165 -58.14855114 0.1492266456
166 -58.87745118 0.1440162063
167 -59.59898987 0.1390100323
168 -60.31319266 0.1342003368
169 -61.02005579 0.1295797571
170 -61.71953621 0.1251413905
171 -62.41154288 0.1208788123
172 -63.09592986 0.1167860773
173 -63.77249134 0.1128577057
174 -64.44095866 0.1090886566
175 -65.10099961 0.1054742909
176 -65.75221991 0.1020103255
177 -66.39416691 0.09869278167
178 -67.02633541 0.09551793006
179 -67.64817534 0.09248223436
180 -68.25910109 0.08958229645
181 -68.85850212 0.08681480481
182 -69.44575456 0.0841764879
183 -70.02023321 0.08166407407
184 -70.58132367 0.07927425884
185 -71.12843414 0.07700368013
186 -71.6610065 0.07484890147
187 -72.17852634 0.07280640295
188 -72.68053175 0.07087257929
189 -73.16662053 0.06904374416
190 -73.63645587 0.06731613972
191 -74.0897704 0.06568595033
192 -74.52636849 0.06414931917
193 -74.94612715 0.06270236693
194 -75.34899534 0.06134121137
195 -75.73499215 0.06006198698
196 -76.10420379 0.05886086412
197 -76.45677966 0.05773406697
198 -76.79292779 0.05667788988
199 -77.11290968 0.05568871196
200 -77.4170348 0.05476300964
201 -77.70565492 0.05389736714
202 -77.97915837 0.05308848494
203 -78.23796442 0.05233318632
204 -78.48251772 0.05162842202
205 -78.71328314 0.05097127324
206 -78.93074081 0.05035895321
207 -79.13538154 0.04978880734
208 -79.32770266 0.04925831229
209 -79.50820425 0.04876507412
210 -79.67738572 0.04830682557
211 -79.83574287 0.04788142274
212 -79.98376529 0.04748684125
213 -80.12193409 0.04712117199
214 -80.2507201 0.04678261668
215 -80.37058223 0.04646948312
216 -80.48196625 0.04618018039
217 -80.58530381 0.04591321405
218 -80.68101165 0.04566718128
219 -80.76949105 0.04544076612
220 -80.85112755 0.04523273475
221 -80.92629068 0.045041931
222 -80.99533398 0.04486727188
223 -81.05859505 0.04470774336
224 -81.11639574 0.04456239626
225 -81.16904241 0.04443034236
226 -81.21682632 0.04431075065
227 -81.26002396 0.04420284385
228 -81.29889755 0.04410589497
229 -81.33369545 0.04401922422
230 -81.36465277 0.04394219593
231 -81.39199177 0.04387421577
232 -81.41592247 0.04381472806
233 -81.43664316 0.04376321328
234 -81.45434093 0.04371918571
235 -81.46919219 0.04368219122
236 -81.4813632 0.04365180519
237 -81.49101059 0.04362763058
238 -81.49828182 0.04360929613
239 -81.5033157 0.04359645463
240 -81.50624284 0.04358878135
241 -81.50718606 0.04358597256
242 -81.50626089 0.04358774411
243 -81.50357592 0.0435938302
244 -81.4992332 0.04360398209
245 -81.49332867 0.04361796705
246 -81.48595242 0.04363556725
247 -81.47718913 0.04365657881
248 -81.4671183 0.04368081087
249 -81.45581464 0.04370808472
250 -81.44334826 0.04373823306
251 -81.42978505 0.04377109919
252 -81.41518684 0.04380653636
253 -81.3996117 0.04384440711
254 -81.38311415 0.04388458266
255 -81.36574538 0.04392694236
256 -77.78381148 0.05230480096
257 -73.09976835 0.06695528639
258 -66.57517621 0.09275289484
259 -42.43861462 0.2254894633
260 39.78548253 0.9985991426
261 38.72350354 0.9999447216
262 37.14905961 0.9999271124
263 34.56034461 0.9998838194
264 31.09353611 0.9997814493
265 27.13288269 0.9995489087
266 23.05605064 0.9990520755
267 19.11175913 0.998071789
268 15.429728 0.9963027312
269 12.06755844 0.9933926023
270 9.045810881 0.9890279503
271 6.365362867 0.9830415695
272 4.014271173 0.9754877456
273 1.97089509 0.966640105
274 0.2066753728 0.9569142157
275 -1.310709361 0.9467606749
276 -2.614304789 0.9365781324
277 -3.735544951 0.9266687037
278 -4.702835393 0.9172311305
279 -5.540945167 0.9083757968
280 -6.270960585 0.9001472433
281 -6.910559465 0.8925457019
282 -7.474428407 0.8855442416
283 -7.974713364 0.879101047
284 -8.421445169 0.8731675858
285 -8.822914484 0.8676937216
286 -9.185989288 0.8626307204
287 -9.51637743 0.8579328766
288 -9.818840725 0.8535582733
289 -10.09736822 0.8494690179
290 -10.35531589 0.8456311757
291 -10.59551929 0.8420145406
292 -10.82038435 0.8385923282
293 -11.03196092 0.8353408408
294 -11.23200244 0.8322391356
295 -11.42201454 0.8292687102
296 -11.60329488 0.8264132128
297 -11.77696587 0.8236581817
298 -11.94400167 0.8209908121
299 -12.10525064 0.8183997506
300 -12.26145398 0.8158749139
301 -12.41326137 0.8134073302
302 -12.56124409 0.8109890001
303 -12.70590606 0.8086127754
304 -12.84769322 0.8062722529
305 -12.98700146 0.8039616824
306 -13.12418342 0.8016758852
307 -13.25955425 0.7994101835
308 -13.39339662 0.7971603386
309 -13.52596496 0.7949224965
310 -13.65748916 0.7926931403
311 -13.78817777 0.790469048
312 -13.9182208 0.7882472558
313 -14.04779207 0.7860250253
314 -14.17705141 0.7837998145
315 -14.30614644 0.7815692523
316 -14.43521425 0.7793311156
317 -14.56438279 0.7770833088
318 -14.69377219 0.7748238457
319 -14.82349588 0.7725508329
320 -14.95366158 0.770262455
321 -15.08437224 0.7679569611
322 -15.21572683 0.7656326528
323 -15.34782112 0.7632878724
324 -15.48074832 0.7609209932
325 -15.61459972 0.7585304093
326 -15.74946527 0.756114527
327 -15.88543413 0.753671756
328 -16.02259511 0.7512005019
329 -16.16103725 0.7486991579
330 -16.30085016 0.746166098
331 -16.44212456 0.7435996695
332 -16.58495263 0.7409981863
333 -16.72942848 0.7383599217
334 -16.87564853 0.7356831017
335 -17.02371193 0.7329658984
336 -17.17372097 0.7302064227
337 -17.32578153 0.7274027178
338 -17.48000345 0.7245527519
339 -17.636501 0.7216544109
340 -17.79539334 0.7187054913
341 -17.95680495 0.7157036925
342 -18.12086614 0.7126466091
343 -18.28771355 0.7095317223
344 -18.45749067 0.7063563924
345 -18.6303484 0.7031178497
346 -18.80644561 0.6998131857
347 -18.98594978 0.6964393438
348 -19.1690376 0.6929931103
349 -19.35589569 0.6894711045
350 -19.54672124 0.685869769
351 -19.74172281 0.6821853593
352 -19.94112108 0.6784139344
353 -20.14514961 0.6745513464
354 -20.35405578 0.6705932307
355 -20.56810154 0.6665349966
356 -20.7875644 0.6623718181
357 -21.01273828 0.6580986256
358 -21.24393447 0.6537100991
359 -21.48148255 0.6492006616
360 -21.72573132 0.6445644761
361 -21.97704968 0.6397954431
362 -22.23582751 0.6348872023
363 -22.50247642 0.6298331374
364 -22.77743049 0.6246263858
365 -23.06114678 0.6192598527
366 -23.35410573 0.6137262328
367 -23.65681131 0.6080180386
368 -23.96979095 0.6021276384
369 -24.29359498 0.5960473035
370 -24.62879584 0.5897692683
371 -24.97598663 0.5832858031
372 -25.33577914 0.5765893012
373 -25.70880121 0.5696723835
374 -26.09569318 0.5625280193
375 -26.49710362 0.5551496667
376 -26.91368387 0.5475314314
377 -27.34608164 0.5396682449
378 -27.79493336 0.5315560604
379 -28.2608553 0.5231920651
380 -28.74443356 0.5145749057
381 -29.24621272 0.5057049219
382 -29.76668355 0.4965843824
383 -30.30626961 0.4872177151
384 -30.86531333 0.4776117222
385 -31.44406166 0.4677757693
386 -32.04265185 0.457721937
387 -32.66109781 0.4474651221
388 -33.29927771 0.4370230759
389 -33.95692342 0.4264163707
390 -34.63361242 0.4156682836
391 -35.32876283 0.4048045935
392 -36.04163223 0.39385329
393 -36.77132041 0.3828441984
394 -37.51677668 0.3718085287
395 -38.27681141 0.3607783639
396 -39.05011198 0.3497861055
397 -39.83526237 0.3388638986
398 -40.63076597 0.32804306
399 -41.43507074 0.3173535332
400 -42.24659565 0.3068233934
401 -43.06375741 0.2964784207
402 -43.88499662 0.2863417558
403 -44.70880213 0.276433649
404 -45.53373295 0.2667713034
405 -46.35843711 0.2573688132
406 -47.18166688 0.2482371887
407 -48.00229021 0.2393844588
408 -48.81929836 0.2308158383
409 -49.6318097 0.2225339459
410 -50.43907005 0.2145390584
411 -51.24044989 0.2068293891
412 -52.03543874 0.1994013762
413 -52.82363719 0.192249972
414 -53.60474706 0.1853689249
415 -54.37855995 0.1787510459
416 -55.1449447 0.1723884564
417 -55.90383401 0.1662728131
418 -56.65521056 0.160395509
419 -57.39909294 0.1547478485
420 -58.13552158 0.1493211975
421 -58.86454503 0.1441071086
422 -59.58620669 0.1390974221
423 -60.30053244 0.1342843447
424 -61.00751915 0.1296605058
425 -61.70712455 0.1252189944
426 -62.39925851 0.1209533778
427 -63.08377617 0.1168577021
428 -63.76047279 0.1129264798
429 -64.42908088 0.1091546627
430 -65.08926936 0.105537605
431 -65.74064505 0.1020710179
432 -66.38275632 0.09875091787
433 -67.01509885 0.09557357168
434 -67.6371233 0.09253544025
435 -68.24824462 0.08963312365
436 -68.84785264 0.08686330938
437 -69.43532362 0.08422272573
438 -70.01003228 0.08170810152
439 -70.57136394 0.07931613326
440 -71.11872629 0.07704346025
441 -71.65156051 0.0748866476
442 -72.16935133 0.07284217708
443 -72.67163582 0.0709064451
444 -73.15801065 0.06907576685
445 -73.6281378 0.0673463858
446 -74.08174861 0.06571448735
447 -74.51864614 0.0641762154
448 -74.93870608 0.062727691
449 -75.34187611 0.06136503189
450 -75.72817407 0.06008437222
451 -76.09768497 0.05888188164
452 -76.45055711 0.05775378329
453 -76.78699749 0.05669637025
454 -77.10726668 0.05570602005
455 -77.41167332 0.05477920736
456 -77.70056846 0.05391251443
457 -77.97433982 0.05310263967
458 -78.23340612 0.05234640416
459 -78.47821162 0.05164075636
460 -78.70922084 0.05098277517
461 -78.92691366 0.05036967146
462 -79.13178073 0.04979878831
463 -79.3243193 0.04926760008
464 -79.5050294 0.04877371055
465 -79.67441048 0.04831485022
466 -79.83295842 0.04788887304
467 -79.98116293 0.04749375252
468 -80.1195053 0.04712757756
469 -80.24845652 0.04678854791
470 -80.36847575 0.04647496954
471 -80.480009 0.04618524976
472 -80.58348816 0.04591789244
473 -80.67933024 0.04567149316
474 -80.76793682 0.04544473445
475 -80.8496937 0.04523638106
476 -80.9249707 0.04504527546
477 -80.99412164 0.0448703334
478 -81.05748442 0.04471053964
479 -81.11538115 0.04456494386
480 -81.16811849 0.04443265679
481 -81.21598794 0.04431284643
482 -81.25926626 0.04420473454
483 -81.29821592 0.04410759329
484 -81.33308554 0.04402074204
485 -81.36411044 0.04394354437
486 -81.39151312 0.04387540521
487 -81.41550382 0.04381576822
488 -81.43628102 0.04376411325
489 -81.45403202 0.04371995398
490 -81.46893341 0.04368283574
491 -81.48115163 0.04365233339
492 -81.49084347 0.04362804943
493 -81.49815658 0.04360961212
494 -81.50322989 0.04359667384
495 -81.50619417 0.04358890948
496 -81.50717237 0.04358601492
497 -81.50628016 0.04358770569
498 -81.50362623 0.04359371566
499 -81.49931276 0.0436037958
500 -81.49343579 0.04361771309
501 -81.48608553 0.04363524945
502 -81.47734673 0.04365620074
503 -81.467299 0.04368037588
504 -81.45601712 0.04370759596
505 -81.44357129 0.04373769347
506 -81.43002747 0.04377051152
507 -81.41544756 0.04380590319
508 -81.3998897 0.04384373086
509 -81.38340847 0.04388386559
510 -81.36605512 0.0439261866
511 -77.78414365 0.05230385893
512 -73.10015307 0.0669539397
513 -66.57571567 0.0927504698
514 -42.4412649 0.225470748
515 39.78546009 0.998598696
516 38.7234938 0.9999447214
517 37.1490222 0.999927112
518 34.56023651 0.9998838173
519 31.09330804 0.9997814406
520 27.1325007 0.9995488786
521 23.05550431 0.9990519854
522 19.11105719 0.9980715561
523 15.42889091 0.9963022079
524 12.06661261 0.9933915703
525 9.044784644 0.9890261443
526 6.364283346 0.9830387296
527 4.013161792 0.9754836795
528 1.969773999 0.9666347251
529 0.2055549702 0.9569075392
530 -1.311821914 0.946752794
531 -2.615406479 0.9365691755
532 -3.736635676 0.9266588038
533 -4.703916869 0.9172204063
534 -5.542020091 0.9083643455
535 -6.272032059 0.9001351397
536 -6.91163063 0.8925330012
537 -7.475502231 0.8855309839
538 -7.975792539 0.8790872605
539 -8.422532065 0.8731532903
540 -8.824011144 0.8676789313
541 -9.187097451 0.8626154453
542 -9.517498552 0.8579171242
543 -9.819976017 0.8535420493
544 -10.09851867 0.8494523268
545 -10.35648232 0.8456140213
546 -10.59670234 0.8419969264
547 -10.82158455 0.8385742572
548 -11.03317869 0.8353223159
549 -11.23323809 0.8322201596
550 -11.42326834 0.8292492855
551 -11.60456702 0.8263933419
552 -11.77825651 0.8236378666
553 -11.94531093 0.8209700548
554 -12.1065786 0.8183785527
555 -12.26280073 0.8158532769
556 -12.41462699 0.813385255
557 -12.56262863 0.8109664874
558 -12.70730959 0.8085898255
559 -12.84911581 0.8062488658
560 -12.9884432 0.8039378575
561 -13.1256444 0.8016516215
562 -13.26103459 0.7993854795
563 -13.39489645 0.7971351923
564 -13.52748442 0.7948969056
565 -13.65902842 0.7926671018
566 -13.78973704 0.7904425583
567 -13.91980028 0.7882203109
568 -14.04939202 0.7859976206
569 -14.1786721 0.7837719447
570 -14.30778817 0.7815409116
571 -14.43687735 0.7793022976
572 -14.56606764 0.7770540064
573 -14.69547919 0.7747940511
574 -14.82522546 0.7725205376
575 -14.95541422 0.77023165
576 -15.08614844 0.7679256365
577 -15.21752714 0.7656007979
578 -15.34964613 0.7632554758
579 -15.48259866 0.7608880427
580 -15.61647607 0.7584968918
581 -15.75136837 0.7560804285
582 -15.88736474 0.7536370617
583 -16.02455407 0.7511651958
584 -16.16302542 0.7486632231
585 -16.3028685 0.7461295166
586 -16.44417405 0.7435624224
587 -16.58703435 0.7409602532
588 -16.73154355 0.738321281
589 -16.87779815 0.7356437307
590 -17.02589737 0.7329257728
591 -17.1759436 0.7301655169
592 -17.32804277 0.7273610046
593 -17.48230484 0.7245102025
594 -17.63884416 0.7216109947
595 -17.79777999 0.718661176
596 -17.95923692 0.715658444
597 -18.12334538 0.7126003909
598 -18.29024212 0.7094844961
599 -18.46007077 0.7063081175
600 -18.63298235 0.703068483
601 -18.80913589 0.6997626816
602 -18.98869902 0.6963876541
603 -19.1718486 0.6929401839
604 -19.35877141 0.6894168874
605 -19.54966485 0.685814204
606 -19.74473767 0.682128386
607 -19.94421074 0.6783554889
608 -20.14831788 0.6744913613
609 -20.35730668 0.6705316349
610 -20.57143937 0.6664717149
611 -20.7909937 0.6623067713
612 -21.01626388 0.6580317305
613 -21.2475615 0.653641268
614 -21.48521646 0.6491298026
615 -21.72957787 0.6444914927
616 -21.98101498 0.6397202344
617 -22.23991803 0.634809663
618 -22.50669901 0.6297531581
619 -22.78179235 0.6245438527
620 -23.06565551 0.6191746482
621 -23.35876933 0.613638236
622 -23.66163818 0.6079271255
623 -23.97478985 0.6020336827
624 -24.29877509 0.5959501776
625 -24.63416668 0.5896688443
626 -24.98155806 0.5831819537
627 -25.34156133 0.5764819017
628 -25.71480457 0.5695613135
629 -26.10192833 0.5624131648
630 -26.50358127 0.5550309224
631 -26.92041477 0.5474087035
632 -27.35307643 0.5395414543
633 -27.80220245 0.5314251456
634 -28.26840873 0.5230569863
635 -28.75228081 0.5144356483
636 -29.25436254 0.5055615005
637 -29.77514369 0.4964368445
638 -30.31504668 0.4870661448
639 -30.87441252 0.4774562438
640 -31.4534865 0.4676165501
641 -32.05240399 0.4575591895
642 -32.67117681 0.447299105
643 -33.30968085 0.4368540948
644 -33.96764551 0.4262447767
645 -34.64464571 0.4154944708
646 -35.34009698 0.4046289952
647 -36.05325426 0.3936763736
648 -36.78321481 0.3826664582
649 -37.52892555 0.3716304786
650 -38.28919469 0.3606005286
651 -39.0627077 0.3496090111
652 -39.84804704 0.3386880635
653 -40.64371494 0.3278689854
654 -41.44815864 0.3171816949
655 -42.25979678 0.306654234
656 -43.07704624 0.2963123429
657 -43.89834815 0.2861791182
658 -44.7221923 0.2762747617
659 -45.54713896 0.266616427
660 -46.37183771 0.2572181577
661 -47.1950426 0.2480909151
662 -48.01562351 0.2392426806
663 -48.83257371 0.2306786251
664 -49.64501364 0.2224013268
665 -50.45219118 0.2144110265
666 -51.25347878 0.2067059061
667 -52.04836784 0.199282377
668 -52.83646067 0.1921353694
669 -53.61746066 0.1852586141
670 -54.39116076 0.1786449085
671 -55.15743097 0.1722863644
672 -55.91620491 0.1661746325
673 -56.66746596 0.1603011026
674 -57.41123319 0.1546570787
675 -58.14754726 0.1492339287
676 -58.87645673 0.1440232088
677 -59.59800482 0.1390167647
678 -60.31221702 0.1342068091
679 -61.01908961 0.1295859787
680 -61.7185796 0.1251473702
681 -62.41059602 0.1208845583
682 -63.09499302 0.116791597
683 -63.77156487 0.112863006
684 -64.44004299 0.1090937438
685 -65.10009526 0.1054791709
686 -65.75132749 0.1020150037
687 -66.39328711 0.09869726308
688 -67.025469 0.09552221939
689 -67.64732312 0.09248633611
690 -68.2582639 0.08958621501
691 -68.85768086 0.08681854448
692 -69.44495013 0.08418005296
693 -70.01944648 0.08166746885
694 -70.58055551 0.07927748774
695 -71.12768538 0.07700674767
696 -71.66027791 0.07485181228
697 -72.17781864 0.0728091618
698 -72.67984555 0.07087519107
699 -73.16595636 0.06904621389
700 -73.6358142 0.06731847253
701 -74.08915156 0.0656881514
702 -74.52577274 0.06415139376
703 -74.94555462 0.06270432033
704 -75.34844608 0.06134304886
705 -75.73446611 0.06006371381
706 -76.10370082 0.0588624855
707 -76.45629954 0.05773558802
708 -76.79247021 0.05667931563
709 -77.11247426 0.05569004732
710 -77.41662109 0.05476425937
711 -77.70526241 0.05389853586
712 -77.97878653 0.05308957711
713 -78.23761265 0.05233420623
714 -78.48218541 0.05162937378
715 -78.71296964 0.0509721608
716 -78.93044545 0.05035978032
717 -79.13510364 0.04978957756
718 -79.32744154 0.04925902904
719 -79.50795922 0.04876574061
720 -79.67715609 0.04830744486
721 -79.83552797 0.04788199771
722 -79.98356444 0.04748737462
723 -80.12174664 0.04712166635
724 -80.2505454 0.04678307443
725 -80.37041965 0.04646990653
726 -80.4818152 0.04618057162
727 -80.58516369 0.0459135751
728 -80.68088188 0.04566751404
729 -80.76937111 0.04544107235
730 -80.8510169 0.04523301612
731 -80.92618883 0.04504218907
732 -80.99524044 0.04486750811
733 -81.05850936 0.04470795911
734 -81.11631746 0.0445625928
735 -81.16897114 0.04443052089
736 -81.21676166 0.04431091229
737 -81.25996553 0.04420298965
738 -81.29884499 0.04410602592
739 -81.33364844 0.04401934122
740 -81.36461098 0.04394229985
741 -81.3919549 0.0438743074
742 -81.41589024 0.04381480816
743 -81.43661529 0.04376328255
744 -81.45431718 0.0437192448
745 -81.46917231 0.04368224074
746 -81.48134697 0.04365184572
747 -81.49099779 0.04362766266
748 -81.49827226 0.04360932026
749 -81.50330919 0.04359647128
750 -81.5062392 0.04358879096
751 -81.50718513 0.04358597553
752 -81.5062625 0.04358774084
753 -81.50357993 0.04359382104
754 -81.49923948 0.04360396738
755 -81.49333707 0.04361794711
756 -81.48596284 0.04363554237
757 -81.47720144 0.04365654927
758 -81.4671324 0.04368077692
759 -81.45583042 0.04370804662
760 -81.44336564 0.04373819102
761 -81.42980392 0.04377105343
762 -81.41520713 0.04380648708
763 -81.39963332 0.04384435449
764 -81.38313704 0.04388452688
765 -81.36576947 0.04392688359
