0 -80.67722577 0.0456768973
1 -80.76561657 0.04545070833
2 -80.84733688 0.04524246407
3 -80.92273558 0.04505106588
4 -80.99214708 0.04487548278
5 -81.05589144 0.04471474757
6 -81.1142744 0.04456795315
7 -81.16758768 0.04443424903
8 -81.21610913 0.04431283798
9 -81.26010318 0.04420297285
10 -81.29982108 0.04410395349
11 -81.33550141 0.04401512392
12 -81.36737043 0.04393586959
13 -81.39564255 0.04386561479
14 -81.4205208 0.04380382023
15 -81.44219728 0.04374998076
16 -81.46085361 0.04370362322
17 -81.47666144 0.04366430438
18 -81.48978286 0.04363160905
19 -81.50037089 0.04360514832
20 -81.50856989 0.04358455785
21 -81.51451602 0.04356949628
22 -81.51833765 0.04355964383
23 -81.52015575 0.04355470084
24 -81.52008427 0.04355438658
25 -81.51823029 0.04355843843
26 -81.51469248 0.04356661467
27 -81.50954404 0.04357872816
28 -81.50267667 0.04359495951
29 -81.49239072 0.04361868886
30 -81.46268693 0.0436820559
31 -81.26876447 0.04407783173
32 -79.60695086 0.04756603208
33 -64.88475917 0.09019966889
34 27.17347974 0.919419199
35 38.58206905 0.9999267871
36 37.95825281 0.9999364977
37 36.06158313 0.9999111746
38 33.23957467 0.9998517751
39 29.77481615 0.9997205742
40 25.99690971 0.9994422431
41 22.16850973 0.9988819686
42 18.4588594 0.9978259505
43 14.96656928 0.9959803677
44 11.74661154 0.9930081122
45 8.827239457 0.9886096883
46 6.218135004 0.9826237561
47 3.914372843 0.9750967727
48 1.899511778 0.9662811748
49 0.1490573723 0.9565653415
50 -1.365883145 0.9463764937
51 -2.67538567 0.936100205
52 -3.808368941 0.9260368449
53 -4.791200573 0.91639194
54 -5.64707623 0.9072872306
55 -6.395921611 0.898779849
56 -7.054594198 0.8908817398
57 -7.637225043 0.8835757926
58 -8.155601672 0.8768278512
59 -8.619538138 0.8705950219
60 -9.037207128 0.8648311023
61 -9.415425706 0.8594899428
62 -9.759895053 0.8545273998
63 -10.07539858 0.8499023696
64 -10.36596418 0.8455772391
65 -10.63499654 0.8415179834
66 -10.88538483 0.8376940576
67 -11.1195903 0.8340781774
68 -11.33971778 0.830646048
69 -11.54757409 0.8273760759
70 -11.74471585 0.8242490854
71 -11.93248897 0.8212480512
72 -12.11206108 0.818357851
73 -12.28444857 0.8155650435
74 -12.450539 0.8128576677
75 -12.61110986 0.8102250663
76 -12.76684432 0.8076577285
77 -12.91834445 0.8051471522
78 -13.06614244 0.8026857229
79 -13.21071011 0.8002666065
80 -13.35246696 0.7978836567
81 -13.4917871 0.7955313323
82 -13.62900519 0.7932046253
83 -13.76442148 0.790898998
84 -13.89830624 0.7886103267
85 -14.03090353 0.7863348532
86 -14.16243453 0.784069141
87 -14.29310034 0.7818100377
88 -14.42308454 0.7795546406
89 -14.55255535 0.7773002669
90 -14.68166756 0.7750444273
91 -14.8105642 0.7727848018
92 -14.93937806 0.770519219
93 -15.06823297 0.7682456368
94 -15.19724501 0.7659621253
95 -15.32652356 0.7636668519
96 -15.4561722 0.7613580672
97 -15.58628955 0.7590340924
98 -15.71697008 0.7566933081
99 -15.84830475 0.7543341437
100 -15.98038162 0.7519550679
101 -16.11328649 0.7495545799
102 -16.24710335 0.7471312011
103 -16.38191491 0.7446834677
104 -16.51780307 0.7422099233
105 -16.65484928 0.7397091122
106 -16.79313501 0.737179573
107 -16.93274209 0.7346198325
108 -17.0737531 0.7320283998
109 -17.21625173 0.7294037604
110 -17.36032311 0.7267443707
111 -17.50605414 0.7240486525
112 -17.65353385 0.7213149875
113 -17.80285375 0.7185417121
114 -17.95410811 0.7157271117
115 -18.10739435 0.7128694157
116 -18.26281338 0.7099667914
117 -18.42046992 0.7070173392
118 -18.58047289 0.7040190865
119 -18.74293578 0.700969982
120 -18.90797702 0.6978678903
121 -19.07572038 0.6947105856
122 -19.2462954 0.6914957458
123 -19.4198378 0.6882209463
124 -19.59648995 0.6848836539
125 -19.77640128 0.6814812201
126 -19.95972885 0.6780108753
127 -20.14663779 0.6744697217
128 -20.33730183 0.6708547272
129 -20.5319039 0.6671627192
130 -20.73063661 0.6633903779
131 -20.93370291 0.6595342305
132 -21.14131664 0.6555906455
133 -21.35370317 0.6515558277
134 -21.57109999 0.6474258128
135 -21.79375739 0.6431964645
136 -22.02193902 0.6388634708
137 -22.25592257 0.6344223431
138 -22.49600035 0.6298684158
139 -22.74247981 0.6251968484
140 -22.99568415 0.6204026299
141 -23.2559527 0.6154805856
142 -23.52364136 0.6104253877
143 -23.79912283 0.6052315697
144 -24.08278676 0.5998935453
145 -24.3750397 0.5944056326
146 -24.67630487 0.5887620841
147 -24.9870217 0.5829571245
148 -25.30764496 0.576984995
149 -25.63864372 0.5708400074
150 -25.98049975 0.5645166068
151 -26.33370553 0.558009445
152 -26.69876173 0.5513134648
153 -27.07617408 0.5444239953
154 -27.46644964 0.5373368594
155 -27.87009231 0.5300484923
156 -28.28759764 0.5225560708
157 -28.71944685 0.5148576528
158 -29.16610012 0.5069523242
159 -29.62798904 0.4988403511
160 -30.10550841 0.4905233339
161 -30.59900744 0.4820043591
162 -31.10878044 0.4732881432
163 -31.63505722 0.4643811626
164 -32.17799347 0.4552917641
165 -32.73766133 0.4460302474
166 -33.31404056 0.4366089137
167 -33.90701061 0.4270420731
168 -34.51634402 0.4173460058
169 -35.14170145 0.4075388718
170 -35.78262885 0.3976405669
171 -36.43855692 0.3876725258
172 -37.10880314 0.3776574732
173 -37.79257664 0.3676191292
174 -38.48898573 0.3575818771
175 -39.19704811 0.3475704031
176 -39.91570356 0.3376093208
177 -40.64382863 0.3277227938
178 -41.38025303 0.3179341695
179 -42.12377702 0.3082656384
180 -42.87318937 0.2987379284
181 -43.62728522 0.2893700463
182 -44.38488321 0.2801790717
183 -45.14484153 0.2711800073
184 -45.90607221 0.2623856884
185 -46.66755355 0.2538067481
186 -47.42834025 0.245451636
187 -48.18757118 0.2373266833
188 -48.94447477 0.229436209
189 -49.698372 0.2217826573
190 -50.44867713 0.2143667613
191 -51.1948963 0.2071877224
192 -51.93662422 0.2002434005
193 -52.67353922 0.1935305074
194 -53.40539668 0.1870447997
195 -54.13202132 0.180781265
196 -54.85329838 0.1747342991
197 -55.56916391 0.1688978714
198 -56.27959449 0.1632656768
199 -56.98459636 0.1578312724
200 -57.68419439 0.1525881981
201 -58.37842086 0.147530082
202 -59.06730437 0.1426507284
203 -59.75085909 0.1379441902
204 -60.42907454 0.1334048249
205 -61.10190612 0.129027335
206 -61.76926666 0.1248067932
207 -62.43101924 0.1207386534
208 -63.08697149 0.1168187481
209 -63.73687154 0.1130432733
210 -64.38040588 0.1094087631
211 -65.01719912 0.1059120543
212 -65.64681585 0.1025502447
213 -66.26876446 0.09932064561
214 -66.88250285 0.09622073113
215 -67.48744592 0.09324808747
216 -68.08297452 0.09040036279
217 -68.66844556 0.08767522065
218 -69.243203 0.08507029819
219 -69.80658922 0.08258317056
220 -70.35795655 0.08021132228
221 -70.89667838 0.07795212629
222 -71.4221597 0.07580283051
223 -71.93384668 0.07376055181
224 -72.43123501 0.07182227673
225 -72.91387698 0.06998486818
226 -73.381387 0.0682450771
227 -73.83344568 0.06659955803
228 -74.26980235 0.06504488763
229 -74.69027616 0.06357758496
230 -75.09475592 0.06219413265
231 -75.48319859 0.06089099824
232 -75.85562689 0.05966465488
233 -76.21212593 0.0585116008
234 -76.5528392 0.05742837739
235 -76.87796395 0.05641158535
236 -77.1877463 0.05545789882
237 -77.48247603 0.05456407755
238 -77.76248134 0.05372697692
239 -78.02812357 0.05294355603
240 -78.27979204 0.05221088392
241 -78.51789915 0.05152614404
242 -78.74287563 0.05088663717
243 -78.95516614 0.05028978299
244 -79.1552252 0.04973312042
245 -79.34351343 0.0492143069
246 -79.52049422 0.04873111685
247 -79.68663066 0.04828143934
248 -79.84238288 0.04786327527
249 -79.98820575 0.04747473398
250 -80.12454684 0.04711402958
251 -80.25184472 0.04677947698
252 -80.37052756 0.04646948779
253 -80.48101191 0.04618256608
254 -80.58370182 0.04591730408
255 -80.67898811 0.04567237792
256 -80.76724781 0.04544654342
257 -80.84884385 0.04523863188
258 -80.92412479 0.04504754606
259 -80.99342481 0.04487225623
260 -81.05706367 0.04471179637
261 -81.11534685 0.04456526048
262 -81.16856579 0.04443179915
263 -81.21699809 0.04431061612
264 -81.26090792 0.04420096517
265 -81.30054629 0.04410214703
266 -81.33615153 0.04401350653
267 -81.36794968 0.04393442988
268 -81.39615492 0.04386434209
269 -81.42097007 0.04380270457
270 -81.44258702 0.04374901278
271 -81.46118721 0.04370279416
272 -81.47694208 0.04366360602
273 -81.49001356 0.04363103371
274 -81.50055449 0.04360468879
275 -81.50870908 0.04358420738
276 -81.51461333 0.04356924855
277 -81.51839546 0.04355949291
278 -81.52017631 0.04355464118
279 -81.52006969 0.04355441298
280 -81.51818258 0.04355854602
281 -81.51461349 0.04356679887
282 -81.50943555 0.0435789847
283 -81.50254028 0.04359528451
284 -81.49222739 0.0436190798
285 -81.46249235 0.04368252115
286 -81.26848546 0.04407848186
287 -79.60607512 0.04756802579
288 -64.8785479 0.09022280675
289 27.18252615 0.91952498
290 38.58222649 0.9999268111
291 37.95811317 0.9999364962
292 36.06135524 0.9999111709
293 33.23933376 0.9998517684
294 29.7746404 0.9997205646
295 25.99685698 0.999442236
296 22.16860903 0.9988819845
297 18.45911656 0.9978260409
298 14.96697536 0.9959806343
299 11.74714927 0.9930087186
300 8.827887699 0.9886108518
301 6.218871964 0.9826257143
302 3.915178456 0.9750997366
303 1.900369245 0.9662852902
304 0.1499538151 0.9565706755
305 -1.364956797 0.9463830446
306 -2.674435253 0.9361079246
307 -3.807397821 0.9260456618
308 -4.790210373 0.9164017767
309 -5.646067439 0.9072980136
310 -6.394894035 0.8987915135
311 -7.053547279 0.8908942312
312 -7.636158066 0.8835890656
313 -8.154513897 0.8768418684
314 -8.618428875 0.8706097525
315 -9.036075775 0.8648465206
316 -9.41427177 0.8595060267
317 -9.758718151 0.8545441306
318 -10.07419843 0.8499197307
319 -10.3647406 0.8455952157
320 -10.63374944 0.8415365622
321 -10.88411416 0.8377132264
322 -11.1182961 0.834097925
323 -11.33840013 0.830666364
324 -11.54623308 0.8273969507
325 -11.74335164 0.8242705102
326 -11.93110169 0.8212700177
327 -12.11065092 0.8183803517
328 -12.28301569 0.8155880713
329 -12.44908357 0.8128812163
330 -12.60963205 0.8102491299
331 -12.76534428 0.807682302
332 -12.91682232 0.8051722312
333 -13.06459835 0.8027113033
334 -13.20914416 0.8002926852
335 -13.35087924 0.797910231
336 -13.49017768 0.7955584001
337 -13.62737409 0.7932321852
338 -13.76276873 0.7909270491
339 -13.89663182 0.7886388689
340 -14.0292074 0.7863638869
341 -14.16071661 0.7840986673
342 -14.29136054 0.7818400582
343 -14.42132272 0.7795851575
344 -14.55077136 0.7773312833
345 -14.6798612 0.7750759467
346 -14.80873524 0.7728168285
347 -14.93752623 0.7705517579
348 -15.06635799 0.7682786932
349 -15.19534656 0.7659957056
350 -15.32460127 0.763700963
351 -15.45422565 0.7613927167
352 -15.58431832 0.7590692886
353 -15.71497369 0.75672906
354 -15.84628267 0.7543704611
355 -15.97833331 0.7519919614
356 -16.11121134 0.7495920607
357 -16.24500071 0.7471692815
358 -16.37978411 0.7447221606
359 -16.51564335 0.7422492426
360 -16.65265986 0.7397490726
361 -16.79091505 0.7372201903
362 -16.93049071 0.7346611234
363 -17.07146935 0.7320703819
364 -17.2139346 0.7294464525
365 -17.35797153 0.7267877926
366 -17.50366698 0.7240928252
367 -17.65110991 0.7213599332
368 -17.80039176 0.7185874543
369 -17.95160672 0.7157736752
370 -18.10485215 0.7129168267
371 -18.26022885 0.7100150775
372 -18.41784147 0.7070665295
373 -18.57779884 0.7040692116
374 -18.74021434 0.7010210745
375 -18.9052063 0.6979199843
376 -19.07289839 0.6947637171
377 -19.24342002 0.6915499527
378 -19.4169068 0.6882762686
379 -19.59350096 0.6849401336
380 -19.7733518 0.6815389016
381 -19.95661624 0.678069805
382 -20.14345925 0.6745299487
383 -20.3340544 0.6709163032
384 -20.52858445 0.6672256981
385 -20.72724183 0.6634548166
386 -20.9302293 0.6596001887
387 -21.1377605 0.6556581859
388 -21.35006059 0.6516250157
389 -21.56736684 0.6474967171
390 -21.7899293 0.6432691567
391 -22.01801139 0.6389380259
392 -22.25189055 0.634498839
393 -22.49185881 0.6299469337
394 -22.73822337 0.6252774725
395 -22.99130713 0.6204854474
396 -23.25144916 0.6155656865
397 -23.51900504 0.6105128647
398 -23.79434717 0.6053215178
399 -24.07786492 0.5999860614
400 -24.36996455 0.5945008151
401 -24.67106898 0.5888600324
402 -24.98161735 0.5830579382
403 -25.3020642 0.577088773
404 -25.63287833 0.5709468469
405 -25.97454132 0.5646266023
406 -26.32754546 0.5581226869
407 -26.69239132 0.5514300375
408 -27.06958456 0.544543976
409 -27.45963225 0.5374603156
410 -27.86303838 0.5301754801
411 -28.28029868 0.5226866324
412 -28.71189468 0.5149918139
413 -29.15828698 0.5070900915
414 -29.61990771 0.4989817097
415 -30.09715239 0.4906682447
416 -30.5903711 0.4821527558
417 -31.09985916 0.4734399303
418 -31.62584758 0.4645362132
419 -32.1684934 0.4554499181
420 -32.7278703 0.4461913104
421 -33.30395969 0.4367726564
422 -33.89664282 0.4272082317
423 -34.50569412 0.4175142829
424 -35.13077623 0.4077089384
425 -35.77143709 0.3978120655
426 -36.42710937 0.387845074
427 -37.0971125 0.3778306685
428 -37.78065743 0.3677925546
429 -38.47685413 0.357755107
430 -39.18472178 0.3477430094
431 -39.90320138 0.33778088
432 -40.63117047 0.327892893
433 -41.3674594 0.318102413
434 -42.11086881 0.3084316529
435 -42.86018754 0.2989013681
436 -43.61421044 0.2895305973
437 -44.37175564 0.2803364544
438 -45.13168051 0.2713339792
439 -45.89289604 0.2625360448
440 -46.6543793 0.2539533225
441 -47.41518359 0.245594299
442 -48.17444628 0.2374653416
443 -48.93139423 0.2295708028
444 -49.68534679 0.2219131583
445 -50.43571662 0.2144931691
446 -51.18200828 0.2073100616
447 -51.92381501 0.2003617173
448 -52.66081372 0.1936448663
449 -53.39275853 0.1871552803
450 -54.11947303 0.1808879586
451 -54.84084149 0.1748373058
452 -55.55679918 0.1689972975
453 -56.26732205 0.1633616321
454 -56.97241593 0.157923868
455 -57.67210547 0.1526775447
456 -58.36642291 0.1476162878
457 -59.055397 0.142733898
458 -59.73904228 0.1380244235
459 -60.41734876 0.1334822159
460 -61.09027252 0.1291019716
461 -61.75772719 0.1248787568
462 -62.41957679 0.1208080187
463 -63.07562994 0.1168855835
464 -63.72563584 0.1131076409
465 -64.36928205 0.1094707195
466 -65.00619427 0.1059716514
467 -65.63593811 0.10260753
468 -66.25802287 0.09937566349
469 -66.87190731 0.09627352359
470 -67.47700699 0.09329869501
471 -68.07270327 0.09044882529
472 -68.65835339 0.08772157813
473 -69.23330143 0.08511459149
474 -69.79688973 0.08262544188
475 -70.34847033 0.08025161566
476 -70.88741617 0.07799048788
477 -71.41313161 0.07583930874
478 -71.92506202 0.07379519743
479 -72.42270216 0.07185514278
480 -72.9056033 0.07001600979
481 -73.37337872 0.06827455125
482 -73.82570784 0.06662742328
483 -74.26233878 0.06507120376
484 -74.68308949 0.06360241259
485 -75.08784755 0.0622175329
486 -75.47656876 0.06091303234
487 -75.84927473 0.05968538379
488 -76.2060495 0.05853108495
489 -76.54703557 0.05744667633
490 -76.87242931 0.05642875748
491 -77.18247602 0.05547400117
492 -77.47746477 0.0545791656
493 -77.75772312 0.05374110441
494 -78.02361187 0.05295677488
495 -78.27551992 0.05222324408
496 -78.51385929 0.05153769346
497 -78.73906043 0.05089742175
498 -78.95156778 0.05029984657
499 -79.15183573 0.04974250478
500 -79.34032483 0.04922305176
501 -79.51749843 0.04873925992
502 -79.68381964 0.04828901638
503 -79.83974869 0.04787032011
504 -79.98574053 0.04748127861
505 -80.12224289 0.04712010419
506 -80.2496945 0.04678511005
507 -80.36852371 0.04647470616
508 -80.4791473 0.04618739502
509 -80.58196954 0.04592176735
510 -80.67738147 0.04567649788
511 -80.76576037 0.04545034106
512 -80.84746942 0.04524212693
513 -80.92285743 0.04505075702
514 -80.99225883 0.04487520048
515 -81.05599362 0.0447144902
516 -81.11436755 0.04456771918
517 -81.16767227 0.04443403703
518 -81.21618565 0.04431264662
519 -81.26017207 0.04420280087
520 -81.29988277 0.04410379972
521 -81.3355563 0.04401498726
522 -81.3674189 0.043935749
523 -81.39568496 0.0438655093
524 -81.4205575 0.04380372895
525 -81.44222859 0.04374990285
526 -81.46087984 0.04370355787
527 -81.47668287 0.04366425085
528 -81.48979978 0.04363156665
529 -81.50038354 0.04360511639
530 -81.50857852 0.04358453578
531 -81.51452087 0.04356948351
532 -81.51833892 0.04355963981
533 -81.52015365 0.04355470508
534 -81.52007899 0.0435543986
535 -81.51822202 0.0435584578
536 -81.51468137 0.04356664097
537 -81.50953027 0.043578761
538 -81.50266037 0.04359499855
539 -81.492372 0.04361873386
540 -81.4626654 0.04368210758
541 -81.26873551 0.04407789979
542 -79.60686965 0.04756621856
543 -64.88420924 0.09020172029
544 27.17427748 0.9194285347
545 38.58208313 0.9999267892
546 37.95824107 0.9999364975
547 36.06156425 0.9999111743
548 33.23955558 0.9998517746
549 29.77480396 0.9997205735
550 25.99690959 0.9994422429
551 22.16852421 0.9988819711
552 18.45888887 0.997825961
553 14.96661279 0.9959803965
554 11.74666739 0.9930081754
555 8.827305584 0.9886098073
556 6.21820931 0.9826239539
557 3.91445341 0.9750970695
558 1.899597013 0.9662815844
559 0.1491460672 0.9565658696
560 -1.365791829 0.9463771399
561 -2.675292261 0.9361009641
562 -3.80827373 0.9260377097
563 -4.791103687 0.9163929029
564 -5.646977691 0.9072882843
565 -6.395821378 0.8987809871
566 -7.054492199 0.8908829571
567 -7.637121195 0.8835770848
568 -8.155495889 0.8768292146
569 -8.619430344 0.8705964536
570 -9.037097254 0.8648325999
571 -9.415313698 0.8594915042
572 -9.759780867 0.8545290233
573 -10.07528218 0.8499040535
574 -10.36584555 0.8455789821
575 -10.63487567 0.8415197843
576 -10.8852617 0.8376959152
577 -11.11946492 0.8340800907
578 -11.33959015 0.830648016
579 -11.54744421 0.8273780977
580 -11.74458375 0.8242511602
581 -11.93235465 0.8212501781
582 -12.11192456 0.8183600294
583 -12.28430986 0.8155672727
584 -12.45039812 0.8128599471
585 -12.61096683 0.8102273954
586 -12.76669915 0.8076601068
587 -12.91819715 0.8051495793
588 -13.06599303 0.8026881983
589 -13.21055858 0.8002691301
590 -13.35231333 0.7978862281
591 -13.49163138 0.7955339513
592 -13.62884738 0.7932072919
593 -13.76426157 0.790901712
594 -13.89814424 0.7886130882
595 -14.03073944 0.7863376621
596 -14.16226833 0.7840719976
597 -14.29293203 0.781812942
598 -14.4229141 0.7795575928
599 -14.55238278 0.7773032674
600 -14.68149282 0.7750474764
601 -14.81038728 0.7727879
602 -14.93919893 0.7705223666
603 -15.0680516 0.7682488344
604 -15.19706138 0.7659653735
605 -15.32633763 0.7636701514
606 -15.45598392 0.7613614188
607 -15.58609889 0.7590374968
608 -15.71677699 0.7566967662
609 -15.84810917 0.7543376564
610 -15.98018351 0.7519586363
611 -16.11308578 0.749558205
612 -16.24689999 0.7471348842
613 -16.38170883 0.74468721
614 -16.5175942 0.742213726
615 -16.65463754 0.7397129769
616 -16.79292031 0.7371835012
617 -16.93252436 0.7346238258
618 -17.07353225 0.7320324598
619 -17.21602766 0.729407889
620 -17.36009571 0.7267485697
621 -17.5058233 0.724052924
622 -17.65329947 0.7213193337
623 -17.80261569 0.7185461352
624 -17.95386624 0.7157316141
625 -18.10714855 0.7128739999
626 -18.26256349 0.7099714601
627 -18.42021579 0.7070220951
628 -18.58021437 0.7040239326
629 -18.74267268 0.7009749215
630 -18.90770917 0.6978729264
631 -19.07544758 0.6947157218
632 -19.24601745 0.6915009858
633 -19.41955449 0.6882262939
634 -19.59620104 0.684889113
635 -19.77610655 0.6814867952
636 -19.95942803 0.6780165707
637 -20.14633061 0.6744755422
638 -20.33698802 0.6708606778
639 -20.53158314 0.667168805
640 -20.73030859 0.6633966043
641 -20.9333673 0.6595406033
642 -21.14097308 0.6555971708
643 -21.35335128 0.6515625117
644 -21.57073938 0.6474326621
645 -21.79338763 0.643203486
646 -22.02155968 0.6388706716
647 -22.25553318 0.6344297308
648 -22.49560041 0.6298759981
649 -22.74206882 0.6252046334
650 -22.99526155 0.6204106259
651 -23.25551793 0.6154888012
652 -23.52319382 0.6104338318
653 -23.79866189 0.6052402514
654 -24.08231176 0.5999024739
655 -24.37454996 0.5944148174
656 -24.67579969 0.5887715347
657 -24.98650032 0.5829668503
658 -25.30710664 0.5769950055
659 -25.63808766 0.5708503118
660 -25.97992515 0.5645272142
661 -26.33311157 0.5580203639
662 -26.69814757 0.5513247032
663 -27.07553889 0.5444355605
664 -27.46579259 0.5373487578
665 -27.86941256 0.5300607291
666 -28.28689439 0.5225686499
667 -28.71871933 0.5148705767
668 -29.16534758 0.5069655932
669 -29.62721079 0.4988539637
670 -30.10470384 0.4905372862
671 -30.59817602 0.4820186447
672 -31.10792173 0.4733027526
673 -31.6341709 0.4643960835
674 -32.17707935 0.455306981
675 -32.73671937 0.4460457416
676 -33.31307087 0.436624663
677 -33.90601349 0.4270580521
678 -34.51531992 0.417362186
679 -35.14065104 0.4075552214
680 -35.78155297 0.3976570516
681 -36.4374566 0.3876891089
682 -37.10767961 0.3776741161
683 -37.79143129 0.367635792
684 -38.48782011 0.357598519
685 -39.19586392 0.347586983
686 -39.91450261 0.3376257983
687 -40.64261282 0.3277391293
688 -41.37902431 0.3179503253
689 -42.1225374 0.3082815786
690 -42.87194085 0.2987536202
691 -43.62602978 0.2893854597
692 -44.38362278 0.2801941799
693 -45.14357795 0.2711947873
694 -45.90480723 0.2624001207
695 -46.66628879 0.2538208168
696 -47.42707721 0.2454653289
697 -48.18631122 0.2373399915
698 -48.94321908 0.2294491268
699 -49.69712164 0.2217951822
700 -50.44743298 0.2143788933
701 -51.1936591 0.207199464
702 -51.93539459 0.200254756
703 -52.67231761 0.1935414831
704 -53.40418343 0.1870554034
705 -54.13081669 0.1807915054
706 -54.8521025 0.1747441857
707 -55.56797685 0.1689074146
708 -56.27841626 0.1632748871
709 -56.98342694 0.1578401603
710 -57.68303373 0.1525967743
711 -58.37726891 0.1475383569
712 -59.06616108 0.1426587121
713 -59.74972447 0.1379518923
714 -60.42794864 0.1334122543
715 -61.10078904 0.1290345002
716 -61.76815858 0.1248137019
717 -62.42992045 0.1207453129
718 -63.08588236 0.1168251649
719 -63.73579253 0.1130494534
720 -64.37933757 0.1094147119
721 -65.01614219 0.1059177768
722 -65.64577108 0.1025557455
723 -66.26773272 0.09932592895
724 -66.88148508 0.09622580106
725 -67.48644313 0.09325294789
726 -68.08198776 0.09040501754
727 -68.66747593 0.08767967358
728 -69.24225159 0.08507455324
729 -69.80565714 0.08258723177
730 -70.35704486 0.08021519389
731 -70.89578812 0.07795581273
732 -71.42129183 0.07580633643
733 -71.93300209 0.07376388207
734 -72.43041451 0.07182543641
735 -72.91308127 0.06998786257
736 -73.38061669 0.06824791165
737 -73.83270125 0.06660223835
738 -74.26908416 0.06504741945
739 -74.68958448 0.06357997407
740 -75.09409087 0.06219638491
741 -75.48256021 0.0608931195
742 -75.8550151 0.05966665097
743 -76.21154056 0.05851347751
744 -76.55227996 0.05743014042
745 -76.87743048 0.05641324027
746 -77.18723817 0.05545945109
747 -77.48199273 0.05456553248
748 -77.7620223 0.05372833965
749 -78.02768817 0.05294483153
750 -78.27937962 0.05221207697
751 -78.51750902 0.05152725923
752 -78.74250706 0.05088767889
753 -78.95481839 0.05029075544
754 -79.1548975 0.04973402759
755 -79.34320503 0.0492151526
756 -79.52020435 0.04873190468
757 -79.68635854 0.04828217274
758 -79.84212776 0.04786395748
759 -79.98796688 0.04747536806
760 -80.12432348 0.04711461842
761 -80.25163616 0.04678002331
762 -80.37033308 0.04646999419
763 -80.48083084 0.04618303497
764 -80.58353349 0.04591773773
765 -80.67883188 0.04567277849
