0 -60.91073194 0.1302575803
1 -61.57854228 0.1259998477
2 -62.24076868 0.1218955079
3 -62.89723904 0.1179402693
4 -63.54772332 0.1141302091
5 -64.19193083 0.1104617506
6 -64.82950946 0.1069316311
7 -65.46004683 0.1035368623
8 -66.08307351 0.1002746843
9 -66.69806809 0.097142517
10 -67.30446411 0.09413790877
11 -67.90165842 0.0912584868
12 -68.48902092 0.08850190961
13 -69.06590512 0.08586582397
14 -69.6316594 0.08334782751
15 -70.18563829 0.08094543818
16 -70.72721366 0.07865607085
17 -71.25578536 0.07647702164
18 -71.77079101 0.07440545946
19 -72.27171464 0.07243842461
20 -72.75809415 0.0705728334
21 -73.22952721 0.0688054881
22 -73.6856758 0.06713309106
23 -74.12626919 0.0655522621
24 -74.55110551 0.0640595579
25 -74.96005193 0.06265149276
26 -75.35304369 0.06132455953
27 -75.73008194 0.06007525033
28 -76.09123077 0.05890007618
29 -76.43661341 0.05779558531
30 -76.76640791 0.05675837975
31 -77.08084235 0.05578512995
32 -77.38018979 0.05487258743
33 -77.66476313 0.05401759539
34 -77.93490986 0.05321709734
35 -78.19100696 0.05246814386
36 -78.43345592 0.05176789754
37 -78.66267805 0.05111363644
38 -78.87910995 0.05050275602
39 -79.08319941 0.04993276995
40 -79.27540159 0.04940130964
41 -79.45617555 0.0489061231
42 -79.62598116 0.04844507282
43 -79.78527632 0.04801613315
44 -79.93451454 0.04761738716
45 -80.07414285 0.04724702307
46 -80.2046 0.04690333044
47 -80.32631494 0.04658469617
48 -80.4397056 0.04628960029
49 -80.54517787 0.0460166118
50 -80.6431248 0.04576438439
51 -80.73392604 0.04553165225
52 -80.81794737 0.04531722594
53 -80.89554048 0.04511998833
54 -80.96704284 0.04493889064
55 -81.03277765 0.04477294865
56 -81.09305394 0.04462123901
57 -81.14816674 0.04448289576
58 -81.19839733 0.0443571069
59 -81.24401351 0.04424311121
60 -81.28526998 0.04414019517
61 -81.32240867 0.04404769011
62 -81.35565921 0.04396496939
63 -81.3852393 0.04389144586
64 -81.41135521 0.04382656936
65 -81.4342022 0.04376982443
66 -81.45396498 0.04372072813
67 -81.4708182 0.04367882798
68 -81.48492685 0.04364370002
69 -81.49644678 0.04361494702
70 -81.50552506 0.04359219679
71 -81.51230048 0.04357510053
72 -81.51690393 0.04356333139
73 -81.5194588 0.04355658306
74 -81.5200814 0.04355456847
75 -81.51888114 0.04355701881
76 -81.51595989 0.04356368457
77 -81.51140247 0.0435743541
78 -81.50518867 0.04358902996
79 -81.49639736 0.04360952718
80 -81.47603041 0.04365389862
81 -81.3623489 0.0438869566
82 -80.41874184 0.04583373756
83 -72.05054481 0.06657730573
84 -3.671300255 0.5945982013
85 38.1602097 0.9997945702
86 38.27344484 0.9999397241
87 36.65205898 0.9999201011
88 34.04846359 0.9998720941
89 30.71838973 0.9997649313
90 26.99278496 0.9995350068
91 23.15768513 0.9990651643
92 19.40535336 0.9981633331
93 15.84988185 0.9965547777
94 12.55551306 0.9939074946
95 9.556389181 0.9899025508
96 6.866545246 0.9843337712
97 4.48455856 0.9771905187
98 2.39666867 0.9686761891
99 0.5801206636 0.959152954
100 -0.993172054 0.9490469402
101 -2.353242012 0.9387603307
102 -3.529479197 0.9286177507
103 -4.549001033 0.9188489126
104 -5.435853965 0.9095956496
105 -6.210803156 0.9009299452
106 -6.891474359 0.8928737803
107 -7.492671024 0.8854162795
108 -8.026753209 0.8785267837
109 -8.504014304 0.872164048
110 -8.933024314 0.8662823364
111 -9.320927873 0.8608352509
112 -9.673695622 0.8557779967
113 -9.996332616 0.8510686176
114 -10.29304933 0.8466685723
115 -10.5674012 0.8425429069
116 -10.82240225 0.8386601898
117 -11.0606175 0.8349923135
118 -11.28423836 0.8315142333
119 -11.49514411 0.8282036811
120 -11.69495233 0.825040879
121 -11.88506033 0.822008267
122 -12.06667929 0.8190902506
123 -12.24086259 0.8162729712
124 -12.40852935 0.8135441009
125 -12.57048407 0.8108926591
126 -12.72743305 0.8083088507
127 -12.87999833 0.8057839237
128 -13.02872928 0.8033100431
129 -13.1741126 0.8008801815
130 -13.31658069 0.7984880216
131 -13.45651888 0.7961278721
132 -13.59427156 0.7937945926
133 -13.73014751 0.7914835282
134 -13.86442442 0.7891904525
135 -13.99735285 0.7869115161
136 -14.12915965 0.7846432024
137 -14.26005091 0.782382288
138 -14.39021458 0.780125808
139 -14.51982271 0.7778710246
140 -14.64903342 0.7756153999
141 -14.7779927 0.7733565715
142 -14.9068359 0.7710923305
143 -15.0356891 0.7688206022
144 -15.16467034 0.7665394283
145 -15.29389068 0.7642469516
146 -15.42345515 0.7619414014
147 -15.55346367 0.7596210809
148 -15.68401173 0.7572843555
149 -15.81519119 0.754929642
150 -15.94709086 0.7525553988
151 -16.07979713 0.7501601172
152 -16.21339444 0.7477423127
153 -16.34796585 0.7453005176
154 -16.48359346 0.7428332731
155 -16.62035885 0.7403391233
156 -16.75834349 0.7378166079
157 -16.89762914 0.7352642565
158 -17.0382982 0.7326805824
159 -17.18043407 0.7300640767
160 -17.32412154 0.727413203
161 -17.46944708 0.7247263915
162 -17.61649918 0.7220020339
163 -17.76536874 0.7192384777
164 -17.91614935 0.7164340208
165 -18.06893766 0.7135869065
166 -18.22383369 0.7106953174
167 -18.38094123 0.7077573703
168 -18.54036815 0.7047711106
169 -18.70222683 0.7017345065
170 -18.86663446 0.6986454432
171 -19.03371349 0.6955017172
172 -19.20359204 0.6923010299
173 -19.37640431 0.689040982
174 -19.55229101 0.6857190668
175 -19.73139984 0.682332664
176 -19.91388599 0.6788790337
177 -20.09991259 0.6753553092
178 -20.28965127 0.6717584914
179 -20.48328268 0.6680854415
180 -20.68099707 0.6643328755
181 -20.88299485 0.6604973577
182 -21.08948719 0.6565752949
183 -21.30069665 0.6525629312
184 -21.51685775 0.648456343
185 -21.73821767 0.644251435
186 -21.96503681 0.6399439371
187 -22.19758944 0.6355294025
188 -22.43616432 0.6310032072
189 -22.68106525 0.6263605515
190 -22.93261162 0.621596464
191 -23.19113889 0.6167058072
192 -23.45699899 0.6116832879
193 -23.73056058 0.6065234701
194 -24.01220931 0.6012207928
195 -24.30234771 0.5957695928
196 -24.6013951 0.5901641338
197 -24.90978712 0.5843986415
198 -25.22797502 0.5784673469
199 -25.5564246 0.5723645375
200 -25.89561481 0.5660846182
201 -26.24603581 0.5596221821
202 -26.60818663 0.552972092
203 -26.98257214 0.5461295734
204 -27.36969949 0.5390903187
205 -27.77007377 0.5318506036
206 -28.18419306 0.524407414
207 -28.61254254 0.5167585829
208 -29.05558802 0.5089029363
209 -29.51376854 0.5008404442
210 -29.98748833 0.492572375
211 -30.47710813 0.4841014484
212 -30.98293595 0.4754319813
213 -31.50521756 0.4665700227
214 -32.04412682 0.4575234686
215 -32.59975615 0.4483021525
216 -33.17210755 0.4389179022
217 -33.76108439 0.4293845583
218 -34.36648447 0.4197179459
219 -34.98799463 0.4099357973
220 -35.62518738 0.4000576208
221 -36.27751977 0.3901045158
222 -36.94433486 0.3800989356
223 -37.62486585 0.3700644033
224 -38.31824302 0.3600251865
225 -39.02350335 0.3500059434
226 -39.73960261 0.3400313487
227 -40.46542969 0.3301257154
228 -41.19982258 0.3203126249
229 -41.94158564 0.3106145785
230 -42.68950745 0.3010526824
231 -43.44237877 0.2916463776
232 -44.19900987 0.2824132204
233 -44.95824693 0.2733687196
234 -45.71898674 0.2645262318
235 -46.48018961 0.2558969135
236 -47.24089007 0.2474897283
237 -48.0002052 0.239311501
238 -48.75734059 0.2313670151
239 -49.51159388 0.2236591437
240 -50.26235602 0.2161890073
241 -51.00911041 0.2089561504
242 -51.75142998 0.2019587294
243 -52.48897266 0.195193706
244 -53.22147522 0.1886570403
245 -53.94874583 0.1823438787
246 -54.67065547 0.1762487336
247 -55.38712859 0.1703656515
248 -56.09813286 0.1646883678
249 -56.80366861 0.1592104474
250 -57.50375777 0.1539254089
251 -58.19843284 0.1488268335
252 -58.88772577 0.1439084572
253 -59.57165718 0.1391642467
254 -60.25022605 0.1345884596
255 -60.92340009 0.1301756885
256 -61.59110709 0.1259208904
257 -62.25322739 0.1218194009
258 -62.90958781 0.1178669357
259 -63.55995721 0.1140595787
260 -64.20404372 0.1103937593
261 -64.84149407 0.1068662205
262 -65.47189476 0.1034739786
263 -66.09477534 0.1002142778
264 -66.70961347 0.09708454058
265 -67.31584191 0.09408231744
266 -67.91285691 0.09120523653
267 -68.50002794 0.0884509565
268 -69.07670834 0.08581712348
269 -69.64224647 0.08330133387
270 -70.19599709 0.08090110381
271 -70.73733252 0.07861384605
272 -71.26565323 0.07643685431
273 -71.78039763 0.07436729508
274 -72.28105072 0.07240220621
275 -72.76715147 0.07053850174
276 -73.23829874 0.06877298186
277 -73.69415574 0.06710234721
278 -74.13445306 0.06552321619
279 -74.55899012 0.06403214447
280 -74.96763541 0.06262564573
281 -75.36032542 0.06130021262
282 -75.73706254 0.06005233742
283 -76.09791201 0.05887853166
284 -76.44299815 0.05777534445
285 -76.77249999 0.05673937897
286 -77.08664651 0.05576730706
287 -77.38571159 0.0548558819
288 -77.67000882 0.0540019485
289 -77.93988629 0.05320245234
290 -78.19572151 0.05245444604
291 -78.43791638 0.05175509437
292 -78.66689254 0.05110167758
293 -78.88308683 0.05049159338
294 -79.08694723 0.04992235764
295 -79.278929 0.04939160401
296 -79.45949126 0.04889708267
297 -79.62909384 0.04843665825
298 -79.78819459 0.04800830719
299 -79.93724692 0.04761011458
300 -80.07669772 0.04724027059
301 -80.20698556 0.04689706666
302 -80.32853921 0.04657889149
303 -80.44177637 0.04628422683
304 -80.54710269 0.04601164332
305 -80.64491098 0.04575979621
306 -80.73558062 0.04552742118
307 -80.81947714 0.04531333019
308 -80.89695196 0.04511640743
309 -80.96834227 0.04493560538
310 -81.033971 0.04476994101
311 -81.09414692 0.0446184921
312 -81.14916481 0.04448039372
313 -81.19930567 0.04435483486
314 -81.24483707 0.04424105524
315 -81.28601344 0.04413834222
316 -81.32307649 0.04404602793
317 -81.35625562 0.04396348653
318 -81.3857683 0.04389013156
319 -81.4118206 0.04382541356
320 -81.43460757 0.0437688177
321 -81.45431373 0.04371986163
322 -81.47111354 0.04367809342
323 -81.48517181 0.04364308965
324 -81.49664421 0.04361445358
325 -81.50567768 0.04359181345
326 -81.51241082 0.04357482092
327 -81.5169744 0.04356314953
328 -81.51949167 0.04355649334
329 -81.5200788 0.04355456563
330 -81.51884508 0.04355709793
331 -81.51589227 0.04356384103
332 -81.51130505 0.04357458359
333 -81.50506305 0.04358932863
334 -81.49624419 0.04360989304
335 -81.47584291 0.04365434493
336 -81.36205234 0.04388763552
337 -80.41764001 0.04583614007
338 -72.04230615 0.0666012315
339 -3.611351484 0.5952532098
340 38.1612254 0.9997950784
341 38.2731005 0.9999397209
342 36.65136053 0.9999200911
343 34.04753212 0.9998720722
344 30.71737416 0.9997648871
345 26.99182305 0.9995349237
346 23.15686724 0.9990650225
347 19.40472422 0.9981631196
348 15.84945524 0.9965545059
349 12.55528448 0.9939072303
350 9.556343919 0.9899024306
351 6.866663259 0.9843339991
352 4.484817788 0.9771913345
353 2.397047472 0.9686778221
354 0.5805994957 0.9591555838
355 -0.9926097439 0.9490506783
356 -2.352609561 0.9387652242
357 -3.528786963 0.9286237975
358 -4.548256857 0.9188560793
359 -5.435063698 0.9096038864
360 -6.209971135 0.9009391968
361 -6.890603808 0.8928839914
362 -7.491764368 0.8854273985
363 -8.025812304 0.8785387637
364 -8.503040608 0.8721768472
365 -8.932019005 0.866295918
366 -9.319891934 0.860849582
367 -9.672629903 0.8557930483
368 -9.995237869 0.8510843637
369 -10.29192624 0.8466849896
370 -10.56625039 0.8425599746
371 -10.82122431 0.8386778888
372 -11.05941299 0.8350106266
373 -11.2830078 0.8315331448
374 -11.49388801 0.8282231765
375 -11.69367116 0.8250609453
376 -11.88375452 0.8220288923
377 -12.06534927 0.8191114238
378 -12.23950875 0.8162946825
379 -12.40715206 0.8135663412
380 -12.56908365 0.8109154202
381 -12.72600982 0.8083321255
382 -12.87855255 0.8058077056
383 -13.0272612 0.8033343266
384 -13.17262244 0.8009049616
385 -13.31506863 0.7985132942
386 -13.45498506 0.7961536338
387 -13.59271611 0.7938208407
388 -13.72857052 0.7915102608
389 -13.86282593 0.7892176682
390 -13.99573289 0.7869392144
391 -14.1275182 0.7846713834
392 -14.25838793 0.7824109526
393 -14.38852999 0.7801549575
394 -14.51811639 0.7779006611
395 -14.64730524 0.7756455262
396 -14.77624247 0.7733871911
397 -14.9050634 0.7711234474
398 -15.03389408 0.7688522212
399 -15.16285251 0.766571555
400 -15.29204972 0.764279592
401 -15.42159071 0.7619745625
402 -15.55157534 0.7596547702
403 -15.68209909 0.7573185812
404 -15.81325375 0.7549644131
405 -15.94512812 0.7525907252
406 -16.07780852 0.7501960094
407 -16.21137937 0.747778782
408 -16.34592367 0.745337576
409 -16.48152348 0.7428709338
410 -16.61826034 0.7403774001
411 -16.75621566 0.7378555156
412 -16.89547114 0.7353038108
413 -17.03610914 0.7327207999
414 -17.17821302 0.7301049752
415 -17.32186748 0.7274548012
416 -17.46715893 0.7247687093
417 -17.61417582 0.7220450923
418 -17.76300897 0.7192822989
419 -17.91375189 0.7164786284
420 -18.06650116 0.7136323252
421 -18.22135672 0.7107415734
422 -18.37842228 0.7078044912
423 -18.53780563 0.7048191257
424 -18.69961904 0.7017834465
425 -18.86397961 0.6986953406
426 -19.03100968 0.6955526061
427 -19.20083728 0.6923529464
428 -19.37359646 0.689093964
429 -19.54942783 0.6857731542
430 -19.72847897 0.6823878991
431 -19.91090491 0.6789354607
432 -20.09686864 0.6754129747
433 -20.28654164 0.6718174444
434 -20.48010439 0.6681457335
435 -20.67774699 0.6643945606
436 -20.87966965 0.6605604928
437 -21.08608336 0.6566399395
438 -21.29721046 0.6526291478
439 -21.51328529 0.6485241969
440 -21.73455479 0.6443209945
441 -21.96127912 0.6400152736
442 -22.19373234 0.6356025903
443 -22.43220293 0.6310783238
444 -22.67699445 0.6264376774
445 -22.92842601 0.6216756824
446 -23.1868328 0.6167872043
447 -23.45256646 0.6117669523
448 -23.72599539 0.6066094928
449 -24.00750492 0.6013092667
450 -24.29749732 0.5958606125
451 -24.59639162 0.5902577949
452 -24.90462319 0.5844950399
453 -25.22264302 0.5785665781
454 -25.55091668 0.5724666958
455 -25.8899229 0.5661897953
456 -26.24015168 0.5597304661
457 -26.60210191 0.5530835659
458 -26.9762784 0.5462443132
459 -27.36318827 0.5392083921
460 -27.7633367 0.5319720675
461 -28.17722191 0.5245323123
462 -28.60532935 0.5168869445
463 -29.04812521 0.5090347723
464 -29.50604902 0.5009757455
465 -29.97950566 0.4927111096
466 -30.46885667 0.4842435589
467 -30.97441102 0.4755773827
468 -31.49641558 0.4667186
469 -32.03504548 0.4576750754
470 -32.59039458 0.4484566094
471 -33.16246644 0.4390749963
472 -33.75116614 0.4295440431
473 -34.3562933 0.4198795424
474 -34.97753662 0.4100991956
475 -35.61447055 0.4002224825
476 -36.26655406 0.3902704778
477 -36.93313207 0.3802656142
478 -37.61343958 0.3702313994
479 -38.30660851 0.3601920915
480 -39.01167731 0.3501723447
481 -39.727603 0.3401968366
482 -40.45327546 0.3302898891
483 -41.18753341 0.3204750986
484 -41.92918161 0.3107749869
485 -42.67700878 0.3012106857
486 -43.42980548 0.2918016656
487 -44.18638156 0.2825655158
488 -44.94558245 0.2735177802
489 -45.706304 0.2646718515
490 -46.46750538 0.2560389232
491 -47.2282198 0.247627995
492 -47.98756292 0.2394459267
493 -48.74473881 0.2314975348
494 -49.49904358 0.2237857231
495 -50.24986662 0.21631164
496 -50.99668979 0.2090748547
497 -51.73908458 0.2020735451
498 -52.47670755 0.1953046915
499 -53.20929421 0.1887642691
500 -53.93665159 0.1824474364
501 -54.65864973 0.176348715
502 -55.37521224 0.1704621579
503 -56.08630618 0.1647815046
504 -56.7919314 0.1593003217
505 -57.49210959 0.1540121278
506 -58.18687314 0.1489105023
507 -58.87625412 0.1439891778
508 -59.56027342 0.1392421168
509 -60.23893047 0.1346635715
510 -60.91219357 0.1302481289
511 -61.57999126 0.1259907395
512 -62.24220472 0.1218867328
513 -62.89866172 0.1179318181
514 -63.5491321 0.1141220733
515 -64.19332505 0.1104539223
516 -64.83088831 0.1069241033
517 -65.46140938 0.1035296284
518 -66.0844187 0.1002677382
519 -66.69939479 0.09713585297
520 -67.30577106 0.09413152129
521 -67.90294432 0.0912523705
522 -68.49028441 0.08849605915
523 -69.06714483 0.08586023395
524 -69.63287394 0.08334249243
525 -70.18682631 0.08094035232
526 -70.72837385 0.0786512283
527 -71.2569165 0.0764724162
528 -71.77189195 0.07440108471
529 -72.27278435 0.07243427384
530 -72.75913171 0.07056889968
531 -73.23053185 0.06880176425
532 -73.68664687 0.06712956975
533 -74.1272062 0.06554893583
534 -74.55200811 0.06405641909
535 -74.96091994 0.06264853375
536 -75.35387704 0.06132177266
537 -75.73088072 0.06007262797
538 -76.0919952 0.05889761076
539 -76.43734382 0.05779326939
540 -76.76710476 0.056756206
541 -77.08150618 0.05578309122
542 -77.38082124 0.05487067677
543 -77.66536293 0.05401580606
544 -77.93547879 0.05321542283
545 -78.19154587 0.05246657789
546 -78.43396571 0.05176643408
547 -78.66315964 0.05111226973
548 -78.87956431 0.05050148055
549 -79.08362751 0.04993158046
550 -79.27580442 0.04940020114
551 -79.45655411 0.04890509083
552 -79.62633644 0.04844411228
553 -79.78560931 0.04801524009
554 -79.93482621 0.04761655753
555 -80.07443415 0.04724625307
556 -80.20487188 0.04690261649
557 -80.32656831 0.04658403487
558 -80.43994136 0.04628898845
559 -80.54539688 0.04601604642
560 -80.64332789 0.04576386265
561 -80.73411401 0.04553117149
562 -80.81812101 0.04531678368
563 -80.89570054 0.04511958222
564 -80.96719002 0.04493851848
565 -81.03291263 0.04477260838
566 -81.09317738 0.0446209287
567 -81.14827927 0.0444826136
568 -81.19849954 0.04435685118
569 -81.24410597 0.04424288033
570 -81.28535322 0.04413998765
571 -81.3224832 0.04404750453
572 -81.35572552 0.04396480446
573 -81.38529784 0.04389130033
574 -81.41140642 0.04382644208
575 -81.43424649 0.04376971433
576 -81.45400275 0.04372063419
577 -81.47084981 0.04367874924
578 -81.48495265 0.04364363561
579 -81.49646709 0.0436148961
580 -81.5055402 0.04359215857
581 -81.51231074 0.04357507428
582 -81.51690958 0.04356331644
583 -81.51946011 0.04355657875
584 -81.52007861 0.0435545742
585 -81.51887448 0.04355703402
586 -81.51594958 0.04356370872
587 -81.51138872 0.0435743867
588 -81.50517166 0.04358907056
589 -81.49637717 0.04360957553
590 -81.4760064 0.04365395598
591 -81.36231367 0.04388703808
592 -80.41862601 0.0458339922
593 -72.04971507 0.06657971815
594 -3.665282768 0.5946639564
595 38.16031248 0.9997946214
596 38.27341166 0.9999397238
597 36.65199169 0.9999201002
598 34.04837508 0.999872092
599 30.71829547 0.9997649272
600 26.99269899 0.9995349994
601 23.15761644 0.9990651523
602 19.40530619 0.9981633168
603 15.84985721 0.996554761
604 12.55551005 0.9939074883
605 9.556405857 0.9899025734
606 6.866579165 0.9843338482
607 4.484607138 0.9771906783
608 2.396729452 0.9686764565
609 0.5801915006 0.9591533478
610 -0.9930929252 0.9490474704
611 -2.353155965 0.9387610003
612 -3.529387261 0.9286185571
613 -4.548903954 0.9188498506
614 -5.435752276 0.9095967121
615 -6.210697232 0.9009311254
616 -6.891364464 0.8928750714
617 -7.492557346 0.8854176754
618 -8.026635885 0.8785282791
619 -8.503893438 0.8721656382
620 -8.932899987 0.8662840173
621 -9.320800152 0.8608370189
622 -9.673564568 0.8557798486
623 -9.996198284 0.8510705506
624 -10.29291177 0.8466705838
625 -10.56726047 0.8425449949
626 -10.82225839 0.838662352
627 -11.06047056 0.8349945481
628 -11.28408839 0.8315165386
629 -11.49499115 0.8282060555
630 -11.69479644 0.8250433211
631 -11.88490154 0.8220107755
632 -12.06651764 0.8190928243
633 -12.24069812 0.816275609
634 -12.40836211 0.8135468019
635 -12.57031407 0.8108954223
636 -12.72726035 0.8083116753
637 -12.87982294 0.805786809
638 -13.02855123 0.8033129885
639 -13.17393191 0.8008831864
640 -13.31639738 0.7984910857
641 -13.45633296 0.7961309949
642 -13.59408305 0.7937977738
643 -13.72995642 0.7914867678
644 -13.86423074 0.7891937502
645 -13.99715659 0.7869148718
646 -14.12896081 0.7846466163
647 -14.25984948 0.7823857602
648 -14.39001055 0.7801293387
649 -14.51961606 0.777874614
650 -14.64882414 0.7756190484
651 -14.77778076 0.7733602795
652 -14.90662127 0.7710960986
653 -15.03547175 0.7688244308
654 -15.16445024 0.7665433183
655 -15.29366778 0.7642509036
656 -15.42322943 0.7619454163
657 -15.55323505 0.7596251597
658 -15.68378018 0.7572884991
659 -15.81495664 0.7549338515
660 -15.94685326 0.7525596754
661 -16.0795564 0.7501644622
662 -16.21315051 0.7477467275
663 -16.34771864 0.7453050036
664 -16.48334289 0.742837832
665 -16.62010483 0.7403437567
666 -16.75808593 0.7378213176
667 -16.89736793 0.7352690444
668 -17.03803323 0.7326854505
669 -17.18016524 0.7300690271
670 -17.32384871 0.727418238
671 -17.46917013 0.7247315136
672 -17.61621797 0.7220072456
673 -17.76508313 0.7192437816
674 -17.91585918 0.7164394199
675 -18.06864276 0.7135924036
676 -18.2235339 0.7107009158
677 -18.38063636 0.7077630733
678 -18.54005802 0.7047769217
679 -18.70191122 0.7017404295
680 -18.86631316 0.698651482
681 -19.03338628 0.6955078758
682 -19.20325867 0.6923073128
683 -19.37606452 0.6890473937
684 -19.55194453 0.6857256121
685 -19.73104639 0.6823393481
686 -19.91352526 0.6788858619
687 -20.09954425 0.6753622872
688 -20.28927499 0.6717656249
689 -20.48289811 0.6680927368
690 -20.68060382 0.6643403392
691 -20.88259252 0.6605049966
692 -21.08907537 0.6565831162
693 -21.30027487 0.6525709424
694 -21.51642556 0.648464552
695 -21.73777455 0.6442598501
696 -21.96458224 0.6399525668
697 -22.19712286 0.6355382558
698 -22.43568515 0.6310122934
699 -22.68057286 0.6263698803
700 -22.93210538 0.6216060454
701 -23.1906181 0.6167156516
702 -23.45646293 0.611693406
703 -23.73000852 0.6065338728
704 -24.01164044 0.6012314912
705 -24.30176122 0.5957805984
706 -24.60079015 0.590175458
707 -24.90916281 0.5844102959
708 -25.22733043 0.5784793429
709 -25.55575879 0.5723768864
710 -25.89492681 0.5660973311
711 -26.24532464 0.5596352695
712 -26.60745127 0.5529855639
713 -26.98181158 0.5461434387
714 -27.36891271 0.5391045857
715 -27.76925977 0.531865279
716 -28.18335084 0.524422503
717 -28.61167116 0.5167740889
718 -29.05468657 0.5089188605
719 -29.51283616 0.5008567855
720 -29.98652425 0.4925891294
721 -30.47611167 0.4841186089
722 -30.98190655 0.4754495377
723 -31.5041548 0.4665879609
724 -32.04303042 0.457541771
725 -32.598626 0.4483207974
726 -33.17094374 0.438936864
727 -33.75988721 0.4294038071
728 -34.36525442 0.4197374482
729 -34.98673245 0.4099555158
730 -35.62389403 0.4000775147
731 -36.27619645 0.3901245414
732 -36.94298298 0.3801190468
733 -37.62348705 0.370084552
734 -38.31683912 0.3600453237
735 -39.02207635 0.3500260194
736 -39.73815467 0.3400513143
737 -40.46396308 0.3301455225
738 -41.19833967 0.3203322271
739 -41.94008883 0.3106339318
740 -42.68799917 0.3010717461
741 -43.44086141 0.2916651145
742 -44.19748579 0.2824315972
743 -44.95671838 0.2733867072
744 -45.71745586 0.2645438054
745 -46.47865842 0.2559140529
746 -47.23936042 0.2475064175
747 -47.99867876 0.2393277282
748 -48.75581887 0.2313827725
749 -49.51007819 0.2236744273
750 -50.26084749 0.2162038163
751 -51.00760998 0.2089704869
752 -51.74993842 0.2019725982
753 -52.48749058 0.1952071142
754 -53.22000307 0.1886699966
755 -53.94728392 0.1823563935
756 -54.66920403 0.1762608182
757 -55.3856877 0.170377318
758 -56.09670257 0.164699629
759 -56.80224888 0.159221316
760 -57.50234856 0.1539358978
761 -58.19703408 0.1488369554
762 -58.88633741 0.1439182242
763 -59.57027919 0.1391736706
764 -60.24885848 0.1345975514
765 -60.92204305 0.1301844586
