0 -81.32008007 0.0440533763
1 -81.35316343 0.04397105859
2 -81.38258542 0.04389791567
3 -81.40855234 0.04383339753
4 -81.43125939 0.043776989
5 -81.45089122 0.0437282075
6 -81.46762235 0.04368660099
7 -81.48161763 0.04365174601
8 -81.49303269 0.04362324588
9 -81.50201441 0.04360072897
10 -81.50870135 0.04358384713
11 -81.51322413 0.04357227415
12 -81.5157059 0.04356570437
13 -81.51626269 0.04356385138
14 -81.51500379 0.04356644676
15 -81.51203215 0.04357323891
16 -81.50744468 0.04358399204
17 -81.50133262 0.04359848508
18 -81.49378186 0.04361651079
19 -81.48487319 0.04363787485
20 -81.47468265 0.04366239504
21 -81.46328177 0.04368990048
22 -81.45073785 0.0437202309
23 -81.43711417 0.04375323598
24 -81.42247022 0.04378877475
25 -81.40686167 0.04382671555
26 -81.39033831 0.04386693997
27 -81.37292382 0.04390938372
28 -81.35442966 0.04395441258
29 -81.33276168 0.04400624964
30 -81.28852037 0.04410419838
31 -81.04503012 0.04460888393
32 -78.99849131 0.0489837638
33 -60.78864756 0.1065813366
34 30.87112097 0.9635335394
35 38.63902403 0.9999362243
36 37.86545462 0.9999354938
37 35.91504821 0.9999087651
38 33.08176165 0.9998473159
39 29.65079019 0.9997137787
40 25.94002584 0.9994354521
41 22.19567386 0.9988851725
42 18.57390566 0.997865176
43 15.16503701 0.9961077021
44 12.01936965 0.9933082526
45 9.162929202 0.9891963117
46 6.604910007 0.9836228382
47 4.341187575 0.9766223493
48 2.356973945 0.968414729
49 0.6298186723 0.9593472904
50 -0.8671381733 0.9498102146
51 -2.162213136 0.9401631141
52 -3.282950047 0.9306924047
53 -4.254725962 0.9215990182
54 -5.100072018 0.9130059161
55 -5.838499231 0.904974321
56 -6.486628686 0.8975211977
57 -7.058475295 0.8906343188
58 -7.565787487 0.8842837984
59 -8.018386833 0.8784302658
60 -8.424479597 0.8730303296
61 -8.790929074 0.868040043
62 -9.12348688 0.8634169775
63 -9.426985953 0.8591213675
64 -9.705499912 0.8551166552
65 -9.962473864 0.8513696625
66 -10.20083147 0.8478505402
67 -10.42306253 0.8445325914
68 -10.63129471 0.8413920315
69 -10.82735232 0.8384077238
70 -11.01280478 0.8355609115
71 -11.18900644 0.8328349623
72 -11.35712971 0.8302151289
73 -11.51819247 0.8276883325
74 -11.67308098 0.8252429659
75 -11.82256903 0.8228687189
76 -11.96733402 0.8205564234
77 -12.10797056 0.818297916
78 -12.24500191 0.8160859175
79 -12.37888973 0.8139139266
80 -12.51004235 0.8117761266
81 -12.63882188 0.8096673035
82 -12.76555026 0.8075827741
83 -12.89051444 0.8055183231
84 -13.01397091 0.803470147
85 -13.13614956 0.8014348057
86 -13.25725703 0.7994091793
87 -13.3774796 0.7973904303
88 -13.49698579 0.7953759698
89 -13.61592849 0.7933634287
90 -13.73444697 0.7913506304
91 -13.8526685 0.7893355688
92 -13.9707099 0.7873163866
93 -14.08867882 0.7852913579
94 -14.2066749 0.783258871
95 -14.32479079 0.7812174144
96 -14.44311308 0.7791655636
97 -14.56172308 0.7771019691
98 -14.68069757 0.7750253461
99 -14.80010941 0.7729344647
100 -14.92002816 0.7708281416
101 -15.04052058 0.7687052317
102 -15.16165111 0.7665646213
103 -15.28348232 0.7644052214
104 -15.40607526 0.7622259616
105 -15.52948988 0.7600257842
106 -15.65378533 0.7578036394
107 -15.77902025 0.7555584799
108 -15.90525315 0.7532892567
109 -16.03254258 0.750994914
110 -16.16094746 0.7486743857
111 -16.29052731 0.7463265909
112 -16.42134252 0.7439504299
113 -16.55345451 0.7415447805
114 -16.68692606 0.7391084942
115 -16.82182147 0.7366403922
116 -16.95820681 0.7341392618
117 -17.09615015 0.7316038529
118 -17.23572177 0.7290328736
119 -17.37699444 0.7264249868
120 -17.52004358 0.7237788062
121 -17.66494761 0.7210928922
122 -17.81178808 0.7183657479
123 -17.96065005 0.7155958149
124 -18.11162226 0.7127814689
125 -18.26479748 0.7099210154
126 -18.42027278 0.7070126845
127 -18.57814983 0.7040546271
128 -18.73853523 0.701044909
129 -18.90154086 0.6979815062
130 -19.06728424 0.6948622999
131 -19.23588886 0.6916850705
132 -19.40748464 0.6884474923
133 -19.58220828 0.6851471275
134 -19.76020376 0.6817814208
135 -19.94162273 0.6783476928
136 -20.12662504 0.6748431343
137 -20.31537921 0.6712648001
138 -20.50806297 0.6676096028
139 -20.70486378 0.6638743069
140 -20.90597942 0.6600555229
141 -21.11161854 0.656149702
142 -21.32200129 0.6521531304
143 -21.53735989 0.6480619252
144 -21.75793928 0.6438720302
145 -21.9839977 0.6395792133
146 -22.21580734 0.6351790643
147 -22.45365491 0.6306669949
148 -22.6978422 0.6260382404
149 -22.94868663 0.6212878632
150 -23.20652171 0.6164107593
151 -23.47169742 0.6114016679
152 -23.74458055 0.606255185
153 -24.02555478 0.6009657808
154 -24.31502078 0.5955278228
155 -24.61339595 0.5899356043
156 -24.92111403 0.5841833797
157 -25.23862437 0.5782654076
158 -25.56639091 0.5721760016
159 -25.90489073 0.5659095912
160 -26.25461216 0.5594607916
161 -26.61605245 0.5528244855
162 -26.98971476 0.545995915
163 -27.3761046 0.5389707856
164 -27.77572559 0.5317453818
165 -28.18907442 0.5243166929
166 -28.61663513 0.51668255
167 -29.05887259 0.5088417705
168 -29.51622517 0.5007943085
169 -29.98909678 0.4925414087
170 -30.47784818 0.4840857584
171 -30.98278785 0.4754316334
172 -31.50416248 0.4665850321
173 -32.04214733 0.4575537912
174 -32.59683678 0.4483476755
175 -33.16823532 0.4389784366
176 -33.7562494 0.4294598311
177 -34.36068039 0.4198075952
178 -34.98121925 0.4100393679
179 -35.61744305 0.4001745627
180 -36.2688138 0.3902341847
181 -36.93467979 0.3802405965
182 -37.61427966 0.3702172357
183 -38.3067492 0.3601882934
184 -39.01113084 0.3501783613
185 -39.72638562 0.3402120604
186 -40.45140741 0.3303136642
187 -41.18503874 0.3205067293
188 -41.92608802 0.3108137475
189 -42.67334728 0.3012558309
190 -43.42561009 0.2918524406
191 -44.18168889 0.2826211664
192 -44.94043133 0.2735775618
193 -45.70073503 0.2647350379
194 -46.46156055 0.2561048135
195 -47.2219421 0.2476959195
196 -47.98099596 0.239515252
197 -48.73792655 0.2315676666
198 -49.49203002 0.2238561086
199 -50.24269561 0.2163817689
200 -50.98940485 0.2091442593
201 -51.7317288 0.2021417996
202 -52.46932348 0.1953714104
203 -53.20192384 0.1888291056
204 -53.92933631 0.1825100803
205 -54.65143036 0.1764088901
206 -55.36812903 0.17051962
207 -56.07939884 0.1648360393
208 -56.7852391 0.1593517423
209 -57.48567094 0.1540602732
210 -58.18072617 0.148955236
211 -58.87043619 0.1440303862
212 -59.55482111 0.1392797087
213 -60.23387942 0.1346974772
214 -60.90757827 0.1302782998
215 -61.57584475 0.1260171483
216 -62.23855832 0.1219093732
217 -62.89554464 0.117950705
218 -63.54657105 0.1141372428
219 -64.1913438 0.1104654319
220 -64.82950728 0.1069320316
221 -65.46064521 0.1035340749
222 -66.08428383 0.1002688226
223 -66.69989708 0.09713371419
224 -67.30691351 0.09412631628
225 -67.90472479 0.09124427264
226 -68.49269549 0.08848525638
227 -69.07017379 0.08584692657
228 -69.63650275 0.08332689077
229 -70.19103178 0.08092267423
230 -70.73312791 0.07863169655
231 -71.26218647 0.07645125593
232 -71.77764103 0.07437852087
233 -72.27897207 0.07241052886
234 -72.76571448 0.07054419125
235 -73.23746356 0.06877630339
236 -73.69387949 0.06710355907
237 -74.13469041 0.06552256812
238 -74.55969388 0.06402987615
239 -74.96875715 0.06262198552
240 -75.36181603 0.06129537662
241 -75.7388728 0.06004652873
242 -76.0999931 0.05887193992
243 -76.44530216 0.05776814557
244 -76.77498032 0.05673173504
245 -77.08925826 0.05575936652
246 -77.3884119 0.05484777973
247 -77.67275711 0.05399380662
248 -77.9426445 0.05319438007
249 -78.19845424 0.05244654068
250 -78.44059102 0.05174744175
251 -78.66947932 0.05109435275
252 -78.88555888 0.05048466124
253 -79.08928052 0.04991587365
254 -79.28110234 0.04938561486
255 -79.46148618 0.04889162694
256 -79.63089457 0.04843176708
257 -79.78978788 0.04800400493
258 -79.93862195 0.04760641937
259 -80.07784593 0.04723719497
260 -80.20790054 0.04689461812
261 -80.32921652 0.04657707299
262 -80.44221339 0.0462830373
263 -80.54729848 0.04601107812
264 -80.64486611 0.04575984755
265 -80.73529702 0.04552807853
266 -80.81895796 0.04531458065
267 -80.89620145 0.04511823607
268 -80.9673656 0.04493799554
269 -81.03277417 0.0447728746
270 -81.09273663 0.04462194985
271 -81.14754834 0.04448435543
272 -81.19749081 0.04435927959
273 -81.24283198 0.04424596153
274 -81.28382659 0.04414368826
275 -81.32071657 0.04405179171
276 -81.35373147 0.04396964595
277 -81.38308885 0.04389666461
278 -81.4089948 0.04383229839
279 -81.43164434 0.04377603272
280 -81.45122192 0.04372738559
281 -81.46790187 0.0436859055
282 -81.48184888 0.0436511695
283 -81.49321843 0.04362278137
284 -81.50215723 0.04360036993
285 -81.50880368 0.04358358743
286 -81.51328829 0.04357210806
287 -81.51573406 0.04356562652
288 -81.51625689 0.04356385673
289 -81.51496596 0.04356653058
290 -81.5119641 0.04357339679
291 -81.50734812 0.04358421983
292 -81.50120916 0.04359877889
293 -81.49363301 0.04361686697
294 -81.48470038 0.04363828998
295 -81.47448721 0.04366286592
296 -81.46306498 0.0436904241
297 -81.45050088 0.04372080445
298 -81.43685814 0.0437538568
299 -81.42219617 0.04378944037
300 -81.40657059 0.04382742363
301 -81.39003113 0.04386768834
302 -81.3726014 0.04391017034
303 -81.35409274 0.04395523571
304 -81.33241026 0.04400710909
305 -81.28814785 0.04410510808
306 -81.04456758 0.04460999212
307 -78.99728227 0.04898662562
308 -60.7806368 0.1066156779
309 30.87568399 0.9635855222
310 38.63907622 0.9999362347
311 37.86527455 0.9999354918
312 35.91477045 0.9999087605
313 33.08145822 0.9998473072
314 29.65053861 0.9997137648
315 25.93988336 0.9994354358
316 22.1956698 0.998885168
317 18.57404732 0.997865222
318 15.16531786 0.9961078775
319 12.01977534 0.9933086876
320 9.163441582 0.9891971827
321 6.605509922 0.9836243435
322 4.341856942 0.9766246722
323 2.357697148 0.9684180045
324 0.6305832565 0.9593515902
325 -0.8663414432 0.9498155515
326 -2.161390651 0.9401694575
327 -3.282105928 0.9306996997
328 -4.253862658 0.9216072005
329 -5.099190825 0.9130149213
330 -5.837600701 0.9049840905
331 -6.485712925 0.8975316801
332 -7.057542168 0.8906454702
333 -7.56483675 0.8842955817
334 -8.017418222 0.8784426496
335 -8.423492874 0.8730432872
336 -8.789924054 0.8680535512
337 -9.122463442 0.8634310161
338 -9.425944044 0.8591359185
339 -9.704439543 0.8551317027
340 -9.961395101 0.8513851919
341 -10.19973443 0.8478665382
342 -10.42194737 0.8445490456
343 -10.6301616 0.8414089306
344 -10.8262015 0.8384250572
345 -11.01163645 0.8355786694
346 -11.18782086 0.8328531355
347 -11.35592712 0.8302337092
348 -11.51697311 0.8277073118
349 -11.6718451 0.825262337
350 -11.82131685 0.8228884753
351 -11.96606578 0.820576559
352 -12.10668646 0.8183184253
353 -12.24370215 0.8161067955
354 -12.37757448 0.8139351689
355 -12.50871178 0.8117977292
356 -12.63747614 0.8096892632
357 -12.76418945 0.8076050881
358 -12.88913868 0.8055409889
359 -13.01258028 0.8034931629
360 -13.13474411 0.8014581702
361 -13.25583679 0.7994328916
362 -13.3760446 0.79741449
363 -13.49553601 0.795400377
364 -13.61446391 0.7933881838
365 -13.73296752 0.7913757346
366 -13.85117411 0.7893610234
367 -13.96920048 0.7873421936
368 -14.08715423 0.7853175195
369 -14.20513501 0.7832853901
370 -14.32323542 0.7812442942
371 -14.44154204 0.7791928079
372 -14.56013616 0.777129582
373 -14.67909452 0.7750533322
374 -14.79848996 0.7729628291
375 -14.91839203 0.7708568898
376 -15.03886745 0.7687343698
377 -15.15998065 0.7665941557
378 -15.28179415 0.7644351592
379 -15.40436899 0.7622563103
380 -15.52776509 0.7600565518
381 -15.65204155 0.7578348344
382 -15.77725702 0.7555901116
383 -15.90346995 0.7533213345
384 -16.03073886 0.7510274484
385 -16.15912265 0.7487073875
386 -16.28868081 0.7463600715
387 -16.41947366 0.7439844016
388 -16.55156263 0.7415792561
389 -16.68501042 0.7391434872
390 -16.81988132 0.7366759169
391 -16.95624133 0.7341753334
392 -17.09415849 0.7316404871
393 -17.23370304 0.7290700872
394 -17.37494768 0.7264627975
395 -17.51796781 0.7238172324
396 -17.66284175 0.7211319535
397 -17.80965104 0.718405465
398 -17.95848064 0.7156362093
399 -18.10941924 0.7128225634
400 -18.26255955 0.7099628339
401 -18.41799856 0.7070552524
402 -18.57583786 0.7040979707
403 -18.73618397 0.7010890563
404 -18.8991487 0.6980264867
405 -19.06484945 0.6949081444
406 -19.23340964 0.6917318115
407 -19.40495908 0.6884951639
408 -19.57963436 0.6851957658
409 -19.75757934 0.6818310635
410 -19.93894557 0.6783983796
411 -20.12389275 0.6748949071
412 -20.31258928 0.6713177026
413 -20.50521274 0.6676636811
414 -20.70195044 0.6639296093
415 -20.903 0.6601121002
416 -21.10856991 0.6562076072
417 -21.31888013 0.6522124192
418 -21.5341627 0.6481226558
419 -21.75466237 0.6439342634
420 -21.98063719 0.6396430126
421 -22.21235911 0.6352444959
422 -22.45011463 0.6307341277
423 -22.69420531 0.6261071458
424 -22.94494834 0.6213586151
425 -23.20267698 0.6164834342
426 -23.46774097 0.6114763445
427 -23.74050684 0.606331944
428 -24.02135802 0.6010447047
429 -24.31069493 0.5956089954
430 -24.60893473 0.5900191103
431 -24.91651091 0.5842693041
432 -25.2338726 0.5783538351
433 -25.56148352 0.5722670157
434 -25.89982057 0.5660032731
435 -26.24937195 0.5595572193
436 -26.61063477 0.5529237325
437 -26.98411213 0.5460980487
438 -27.37030955 0.5390758658
439 -27.76973069 0.5318534587
440 -28.18287239 0.5244278057
441 -28.61021892 0.5167967242
442 -29.05223547 0.5089590158
443 -29.50936089 0.500914617
444 -29.98199962 0.492664752
445 -30.47051315 0.4842120859
446 -30.97521079 0.4755608699
447 -31.49634021 0.466717076
448 -32.0340778 0.457688513
449 -32.58851921 0.4484849166
450 -33.15967032 0.4391180088
451 -33.74743908 0.4296015165
452 -34.35162845 0.4199511469
453 -34.97193108 0.4101845118
454 -35.60792572 0.4003209995
455 -36.25907609 0.390381593
456 -36.92473214 0.3803886368
457 -37.60413409 0.3703655547
458 -38.29641919 0.3603365291
459 -39.00063118 0.3503261485
460 -39.71573221 0.340359036
461 -40.44061702 0.330459473
462 -41.1741288 0.3206510291
463 -41.91507632 0.3109562144
464 -42.66225175 0.3013961633
465 -43.41444848 0.2919903633
466 -44.17047858 0.2827564329
467 -44.92918904 0.2737099568
468 -45.68947667 0.2648643783
469 -46.450301 0.2562309488
470 -47.21069508 0.2478187313
471 -47.96977393 0.2396346526
472 -48.72674064 0.2316835981
473 -49.48088998 0.2239685402
474 -50.23160981 0.2164906943
475 -50.97838033 0.2092496945
476 -51.72077128 0.2022437798
477 -52.45843747 0.1954699871
478 -53.19111272 0.1889243438
479 -53.91860248 0.1826020558
480 -54.64077535 0.1764976871
481 -55.35755364 0.1706053284
482 -56.06890331 0.1649187527
483 -56.77482326 0.1594315557
484 -57.47533437 0.154137282
485 -58.1704684 0.1490295335
486 -58.8602568 0.1441020633
487 -59.54471996 0.139348852
488 -60.22385674 0.134764169
489 -60.89763484 0.1303426171
490 -61.565982 0.1260791625
491 -62.22877842 0.1219691501
492 -62.88585062 0.1180083048
493 -63.5369668 0.1141927205
494 -64.18183417 0.1105188375
495 -64.820098 0.1069834108
496 -65.45134291 0.1035834694
497 -66.07509596 0.1003162715
498 -66.69083181 0.09717925398
499 -67.29797964 0.09416998213
500 -67.89593159 0.09128609889
501 -68.48405256 0.08852527728
502 -69.06169089 0.0858851769
503 -69.62818964 0.08336340631
504 -70.18289803 0.0809574922
505 -70.72518275 0.07866485587
506 -71.25443865 0.07648279742
507 -71.77009865 0.07440848732
508 -72.27164249 0.072438965
509 -72.75860419 0.07057114362
510 -73.23057812 0.06880182019
511 -73.68722348 0.06712768988
512 -74.12826736 0.06554536364
513 -74.55350632 0.0640513879
514 -74.96280655 0.06264226553
515 -75.35610287 0.06131447707
516 -75.73339658 0.0600645017
517 -76.09475242 0.05888883708
518 -76.44029475 0.0577840179
519 -76.77020314 0.05674663264
520 -77.08470756 0.05577333836
521 -77.38408328 0.05486087349
522 -77.66864563 0.05400606856
523 -77.93874473 0.0532058549
524 -78.19476035 0.05245727147
525 -78.43709686 0.05175746987
526 -78.66617848 0.05110371784
527 -78.88244473 0.05049340118
528 -79.08634632 0.04992402455
529 -79.27834126 0.04939321109
530 -79.45889136 0.04889870115
531 -79.62845915 0.04843835023
532 -79.78750507 0.04801012632
533 -79.93648502 0.04761210672
534 -80.07584829 0.04724247446
535 -80.20603571 0.04689951445
536 -80.32747818 0.04658160942
537 -80.44059542 0.04628723576
538 -80.54579492 0.04601495923
539 -80.64347121 0.04576343071
540 -80.73400524 0.04553138196
541 -80.81776396 0.04531762148
542 -80.8951001 0.04512103036
543 -80.96635199 0.04494055838
544 -81.0318436 0.04477522014
545 -81.09188462 0.04462409135
546 -81.14677062 0.04448630533
547 -81.19678329 0.04436104957
548 -81.24219078 0.0442475625
549 -81.28324803 0.04414513047
550 -81.32019716 0.04405308475
551 -81.35326788 0.04397079881
552 -81.38267795 0.04389768572
553 -81.40863361 0.04383319563
554 -81.43133004 0.04377681347
555 -81.45095186 0.04372805679
556 -81.46767353 0.04368647363
557 -81.48165989 0.04365164062
558 -81.49306654 0.04362316118
559 -81.50204034 0.04360066376
560 -81.50871979 0.04358380028
561 -81.51323552 0.0435722446
562 -81.51571064 0.04356569113
563 -81.51626114 0.04356385353
564 -81.51499632 0.04356646341
565 -81.51201909 0.04357326927
566 -81.50742635 0.04358403533
567 -81.50130931 0.04359854058
568 -81.49375385 0.04361657783
569 -81.48484074 0.0436379528
570 -81.47464602 0.04366248331
571 -81.46324119 0.04368999852
572 -81.45069353 0.04372033818
573 -81.43706632 0.04375335201
574 -81.42241903 0.04378889908
575 -81.40680733 0.04382684775
576 -81.39028099 0.04386707964
577 -81.37286367 0.04390953047
578 -81.35436682 0.0439545661
579 -81.33269617 0.04400640987
580 -81.28845103 0.04410436775
581 -81.04494493 0.04460908841
582 -78.99827528 0.0489842765
583 -60.7872377 0.1065873827
584 30.87192354 0.9635426857
585 38.63903353 0.9999362261
586 37.86542372 0.9999354935
587 35.91500091 0.9999087643
588 33.08171094 0.9998473144
589 29.65074991 0.9997137764
590 25.94000611 0.9994354497
591 22.19567979 0.998885173
592 18.57393839 0.997865187
593 15.16509522 0.9961077388
594 12.01945061 0.9933083398
595 9.163029504 0.9891964826
596 6.605026087 0.98362313
597 4.341316087 0.9766227958
598 2.357112017 0.9684153549
599 0.6299640301 0.9593481084
600 -0.8669872008 0.9498112265
601 -2.162057691 0.9401643136
602 -3.28279085 0.9306937811
603 -4.254563428 0.9216005592
604 -5.099906353 0.9130076096
605 -5.838330508 0.904976156
606 -6.486456898 0.8975231645
607 -7.058300395 0.8906364093
608 -7.565609412 0.8842860058
609 -8.018205517 0.8784325843
610 -8.424294983 0.8730327542
611 -8.790741117 0.8680425696
612 -9.123295547 0.8634196023
613 -9.426791227 0.8591240872
614 -9.705301789 0.8551194669
615 -9.96227235 0.8513725636
616 -10.20062658 0.8478535283
617 -10.4228543 0.8445356641
618 -10.63108315 0.8413951869
619 -10.82713748 0.8384109598
620 -11.01258669 0.8355642264
621 -11.18878516 0.8328383544
622 -11.35690527 0.8302185967
623 -11.51796492 0.8276918745
624 -11.67285036 0.8252465807
625 -11.82233538 0.8228724054
626 -11.96709738 0.8205601805
627 -12.10773098 0.8183017427
628 -12.24475941 0.8160898129
629 -12.37864435 0.8139178898
630 -12.50979412 0.8117801569
631 -12.63857083 0.8096714003
632 -12.7652964 0.807586937
633 -12.89025779 0.8055225515
634 -13.01371149 0.8034744406
635 -13.13588738 0.8014391643
636 -13.25699209 0.7994136027
637 -13.37721192 0.7973949184
638 -13.49671535 0.7953805228
639 -13.6156553 0.7933680465
640 -13.734171 0.7913553133
641 -13.85238975 0.789340317
642 -13.97042835 0.7873212005
643 -14.08839444 0.7852962379
644 -14.20638767 0.7832638176
645 -14.32450067 0.7812224283
646 -14.44282004 0.7791706455
647 -14.56142708 0.7771071197
648 -14.68039856 0.7750305663
649 -14.79980734 0.7729397555
650 -14.91972298 0.7708335039
651 -15.04021223 0.7687106667
652 -15.16133953 0.7665701302
653 -15.28316744 0.7644108055
654 -15.40575701 0.7622316223
655 -15.52916818 0.760031523
656 -15.65346008 0.7578094579
657 -15.77869138 0.7555643799
658 -15.90492055 0.7532952398
659 -16.03220615 0.7510009823
660 -16.1606071 0.7486805411
661 -16.29018291 0.7463328356
662 -16.42099395 0.7439567661
663 -16.55310165 0.7415512107
664 -16.68656878 0.7391150208
665 -16.82145962 0.7366470179
666 -16.95784024 0.7341459896
667 -17.09577869 0.7316106855
668 -17.23534527 0.7290398142
669 -17.37661271 0.7264320387
670 -17.51965645 0.7237859728
671 -17.66455487 0.7211001772
672 -17.81138953 0.7183731551
673 -17.96024546 0.7156033484
674 -18.11121141 0.7127891329
675 -18.26438013 0.7099288143
676 -18.41984866 0.7070206231
677 -18.57771868 0.7040627102
678 -18.73809676 0.7010531418
679 -18.90109477 0.6979898943
680 -19.06683021 0.694870849
681 -19.23542655 0.6916937866
682 -19.40701369 0.6884563817
683 -19.58172833 0.685156197
684 -19.7597144 0.6817906774
685 -19.94112355 0.6783571439
686 -20.12611559 0.6748527877
687 -20.31485903 0.6712746639
688 -20.50753155 0.6676196855
689 -20.70432061 0.6638846176
690 -20.90542395 0.6600660711
691 -21.11105018 0.6561604974
692 -21.32141943 0.6521641834
693 -21.53676387 0.6480732466
694 -21.75732842 0.6438836313
695 -21.98337128 0.6395911059
696 -22.2151646 0.6351912607
697 -22.45299503 0.6306795079
698 -22.69716434 0.6260510833
699 -22.9479899 0.6213010497
700 -23.20580518 0.6164243035
701 -23.47096011 0.6114155846
702 -23.74382141 0.606269489
703 -24.02477276 0.6009804875
704 -24.31421474 0.5955429477
705 -24.61256474 0.5899511631
706 -24.92025643 0.5841993882
707 -25.23773912 0.5782818814
708 -25.56547673 0.5721929562
709 -25.90394628 0.5659270416
710 -26.2536361 0.5594787523
711 -26.6150434 0.5528429701
712 -26.98867134 0.5460149358
713 -27.37502542 0.5389903538
714 -27.77460927 0.5317655065
715 -28.18791961 0.5243373813
716 -28.61544054 0.5167038068
717 -29.05763696 0.5088635973
718 -29.51494735 0.5008167038
719 -29.98777571 0.492564367
720 -30.47648294 0.4841092702
721 -30.98137768 0.4754556846
722 -31.50270678 0.4666096038
723 -32.04064573 0.4575788591
724 -32.59528914 0.4483732101
725 -33.16664177 0.4390044028
726 -33.75461032 0.4294861884
727 -34.35899649 0.4198342976
728 -34.97949152 0.4100663645
729 -35.61567282 0.4002017977
730 -36.26700269 0.3902615986
731 -36.93282975 0.380268126
732 -37.61239292 0.3702448153
733 -38.30482826 0.3602158559
734 -39.00917845 0.3502058389
735 -39.72440473 0.3402393859
736 -40.44940112 0.3303407715
737 -41.1830103 0.320533555
738 -41.92404071 0.3108402316
739 -42.67128444 0.3012819174
740 -43.423535 0.2918780786
741 -44.17960478 0.2826463102
742 -44.93834129 0.2736021716
743 -45.69864201 0.2647590797
744 -46.45946731 0.2561282595
745 -47.21985117 0.2477187478
746 -47.97890965 0.2395374464
747 -48.73584692 0.2315892165
748 -49.48995888 0.2238770083
749 -50.2406345 0.2164020173
750 -50.98735508 0.2091638594
751 -51.72969143 0.202160758
752 -52.46729933 0.1953897367
753 -53.19991354 0.1888468119
754 -53.9273403 0.1825271806
755 -54.64944893 0.1764254002
756 -55.36616232 0.1705355565
757 -56.07744689 0.1648514196
758 -56.78330188 0.159366584
759 -57.48374837 0.1540745941
760 -58.17881816 0.1489690533
761 -58.86854266 0.1440437169
762 -59.55294204 0.1392925688
763 -60.23201485 0.134709882
764 -60.90572834 0.1302902636
765 -61.57400973 0.1260286844
766 -62.23673861 0.1219204937
767 -62.89374081 0.117961421
768 -63.54478382 0.1141475646
769 -64.18957407 0.1104753689
770 -64.82775611 0.1069415921
771 -65.45891384 0.1035432667
772 -66.08257364 0.100277653
773 -66.69820958 0.09714218992
774 -67.30525034 0.09413444387
775 -67.90308768 0.09125205847
776 -68.49108622 0.08849270679
777 -69.06859417 0.08585404802
778 -69.6349546 0.0833336899
779 -70.18951688 0.08092915795
780 -70.73164797 0.07863787208
781 -71.26074313 0.07645713083
782 -71.77623579 0.07438410309
783 -72.27760631 0.07241582669
784 -72.76438941 0.07054921333
785 -73.2361802 0.06878105866
786 -73.69263872 0.06710805672
787 -74.13349288 0.06552681755
788 -74.55854007 0.06403388693
789 -74.96764734 0.0626257673
790 -75.36075032 0.06129893908
791 -75.7378511 0.06004988152
792 -76.09901516 0.05887509263
793 -76.44436756 0.05777110766
794 -76.77408851 0.05673451581
795 -77.08840855 0.05576197506
796 -77.38760347 0.05485022488
797 -77.67198906 0.05399609697
798 -77.94191583 0.05319652392
799 -78.19776386 0.05244854602
800 -78.43993781 0.05174931627
801 -78.66886208 0.0510961038
802 -78.88497639 0.05048629586
803 -79.08873153 0.04991739855
804 -79.28058558 0.04938703642
805 -79.46100039 0.04889295122
806 -79.63043847 0.04843299985
807 -79.78936022 0.04800515162
808 -79.93822147 0.04760748513
809 -80.07747142 0.04723818468
810 -80.20755079 0.04689553636
811 -80.32889036 0.04657792409
812 -80.44190968 0.04628382534
813 -80.54701611 0.04601180693
814 -80.64460402 0.04576052074
815 -80.73505418 0.0455286995
816 -80.81873337 0.04531515258
817 -80.89599416 0.04511876195
818 -80.96717469 0.04493847818
819 -81.03259878 0.04477331663
820 -81.09257592 0.04462235375
821 -81.14740152 0.0444847235
822 -81.19735711 0.04435961403
823 -81.24271068 0.04424626436
824 -81.283717 0.04414396139
825 -81.32061806 0.04405203692
