0 -80.02210577 0.0473858452
1 -80.15981033 0.04702214853
2 -80.28829258 0.0466850742
3 -80.40798967 0.04637299945
4 -80.51932739 0.04608439547
5 -80.62271912 0.04581782316
6 -80.71856503 0.04557192884
7 -80.80725146 0.04534544006
8 -80.88915047 0.04513716143
9 -80.96461963 0.04494597051
10 -81.03400179 0.04477081386
11 -81.09762518 0.04461070323
12 -81.15580339 0.04446471179
13 -81.20883565 0.04433197064
14 -81.25700701 0.04421166538
15 -81.30058866 0.04410303285
16 -81.33983833 0.04400535807
17 -81.37500064 0.0439179713
18 -81.40630758 0.04384024525
19 -81.4339789 0.04377159245
20 -81.45822262 0.04371146278
21 -81.47923549 0.04365934113
22 -81.49720344 0.04361474517
23 -81.51230211 0.0435772233
24 -81.52469729 0.04354635268
25 -81.53454538 0.04352173738
26 -81.54199386 0.04350300672
27 -81.54718175 0.04348981357
28 -81.55024001 0.04348183291
29 -81.55129198 0.04347876036
30 -81.55045378 0.04348031088
31 -81.54783472 0.04348621752
32 -81.54353761 0.04349623023
33 -81.5376592 0.04351011481
34 -81.53029047 0.04352765189
35 -81.52151695 0.04354863592
36 -81.51141908 0.04357287435
37 -81.50007245 0.04360018675
38 -81.48754809 0.04363040407
39 -81.47391278 0.04366336788
40 -81.45922923 0.0436989297
41 -81.44355631 0.04373695051
42 -81.42694878 0.04377730106
43 -81.40945327 0.04381986996
44 -81.39106953 0.04386464159
45 -81.37139711 0.04391240991
46 -81.34642024 0.0439712806
47 -81.27928056 0.04411593714
48 -80.8347542 0.04503440486
49 -76.97529194 0.05365190096
50 -43.06168667 0.2052126379
51 36.31349161 0.9967830462
52 38.58456308 0.999941909
53 37.40360404 0.9999300784
54 35.17524017 0.9998957082
55 32.13511006 0.9998184557
56 28.5920533 0.999652482
57 24.85004365 0.9993113146
58 21.1281622 0.9986485091
59 17.56051538 0.9974446843
60 14.22360127 0.9954161164
61 11.15953335 0.9922593207
62 8.388952138 0.9877300913
63 5.916909438 0.9817284002
64 3.735904566 0.9743453974
65 1.828591301 0.9658460047
66 0.1708990172 0.9565989839
67 -1.264741003 0.9469922026
68 -2.506621286 0.9373670882
69 -3.581772037 0.9279855094
70 -4.514793237 0.9190244847
71 -5.327344643 0.9105872527
72 -6.038078937 0.9027204617
73 -6.662829775 0.8954311967
74 -7.214919956 0.8887010643
75 -7.705505553 0.8824967044
76 -8.143909495 0.8767771048
77 -8.537922463 0.8714984159
78 -8.894063309 0.8666169561
79 -9.217798892 0.8620909746
80 -9.513726846 0.8578815925
81 -9.785726186 0.85395322
82 -10.03708079 0.8502736494
83 -10.27058044 0.8468139597
84 -10.48860351 0.8435483154
85 -10.69318462 0.8404537165
86 -10.88607021 0.8375097308
87 -11.06876425 0.834698229
88 -11.24256594 0.8320031347
89 -11.40860097 0.8294101917
90 -11.56784743 0.8269067548
91 -11.72115759 0.8244815998
92 -11.86927597 0.8221247562
93 -12.01285469 0.8198273572
94 -12.15246639 0.8175815078
95 -12.28861514 0.8153801683
96 -12.42174582 0.8132170517
97 -12.55225203 0.811086533
98 -12.6804829 0.8089835699
99 -12.80674896 0.806903633
100 -12.93132713 0.8048426439
101 -13.05446507 0.8027969216
102 -13.1763849 0.8007631347
103 -13.29728646 0.7987382598
104 -13.4173501 0.7967195444
105 -13.53673913 0.7947044748
106 -13.65560194 0.7926907473
107 -13.77407385 0.7906762429
108 -13.89227878 0.7886590051
109 -14.01033061 0.7866372198
110 -14.12833451 0.7846091977
111 -14.24638797 0.782573359
112 -14.36458185 0.7805282189
113 -14.4830012 0.7784723751
114 -14.60172608 0.7764044971
115 -14.72083218 0.774323315
116 -14.84039153 0.7722276116
117 -14.96047299 0.770116213
118 -15.08114278 0.7679879817
119 -15.20246493 0.7658418091
120 -15.32450171 0.7636766098
121 -15.44731398 0.7614913151
122 -15.57096158 0.7592848678
123 -15.69550364 0.757056217
124 -15.82099888 0.7548043134
125 -15.9475059 0.7525281047
126 -16.07508345 0.7502265309
127 -16.2037907 0.7478985209
128 -16.33368745 0.7455429876
129 -16.46483442 0.7431588245
130 -16.59729345 0.740744902
131 -16.73112774 0.738300063
132 -16.86640209 0.7358231198
133 -17.00318309 0.7333128499
134 -17.14153939 0.7307679924
135 -17.28154189 0.7281872444
136 -17.42326403 0.7255692567
137 -17.56678197 0.7229126303
138 -17.71217485 0.7202159121
139 -17.85952509 0.717477591
140 -18.00891858 0.7146960935
141 -18.16044501 0.7118697795
142 -18.31419813 0.7089969376
143 -18.47027606 0.7060757806
144 -18.62878156 0.7031044408
145 -18.78982243 0.7000809648
146 -18.95351179 0.6970033084
147 -19.11996846 0.6938693314
148 -19.28931734 0.6906767922
149 -19.4616898 0.6874233419
150 -19.63722413 0.6841065189
151 -19.81606593 0.6807237426
152 -19.99836859 0.6772723079
153 -20.18429377 0.6737493788
154 -20.37401193 0.6701519824
155 -20.56770279 0.6664770028
156 -20.76555594 0.6627211756
157 -20.96777137 0.6588810816
158 -21.17456005 0.6549531419
159 -21.38614453 0.6509336126
160 -21.60275954 0.6468185807
161 -21.82465261 0.6426039603
162 -22.05208468 0.6382854901
163 -22.28533068 0.6338587322
164 -22.52468013 0.6293190722
165 -22.77043769 0.6246617214
166 -23.02292367 0.6198817215
167 -23.28247444 0.6149739517
168 -23.54944286 0.6099331391
169 -23.82419845 0.6047538738
170 -24.10712756 0.5994306273
171 -24.39863333 0.593957777
172 -24.69913538 0.5883296369
173 -25.00906936 0.5825404939
174 -25.3288861 0.5765846535
175 -25.65905051 0.5704564926
176 -26.00004003 0.5641505223
177 -26.35234259 0.5576614611
178 -26.71645413 0.5509843179
179 -27.09287544 0.5441144874
180 -27.48210848 0.537047856
181 -27.8846519 0.5297809195
182 -28.30099589 0.5223109112
183 -28.73161626 0.5146359396
184 -29.17696772 0.5067551338
185 -29.63747651 0.4986687939
186 -30.11353222 0.490378543
187 -30.60547908 0.4818874768
188 -31.11360678 0.4732003056
189 -31.63814102 0.4643234824
190 -32.17923396 0.4552653107
191 -32.73695499 0.4460360266
192 -33.311282 0.436647845
193 -33.9020936 0.4271149676
194 -34.50916259 0.417453543
195 -35.13215121 0.4076815777
196 -35.77060824 0.3978187942
197 -36.42396859 0.3878864357
198 -37.09155533 0.3779070206
199 -37.77258451 0.3679040527
200 -38.46617256 0.3579016926
201 -39.17134649 0.3479244031
202 -39.8870563 0.3379965786
203 -40.61218954 0.3281421731
204 -41.34558745 0.3183843386
205 -42.08606217 0.3087450886
206 -42.8324144 0.2992449962
207 -43.58345106 0.289902938
208 -44.33800224 0.2807358895
209 -45.09493704 0.2717587762
210 -45.85317776 0.2629843824
211 -46.6117122 0.2544233154
212 -47.36960376 0.2460840218
213 -48.12599925 0.2379728502
214 -48.88013426 0.2300941539
215 -49.63133626 0.2224504258
216 -50.37902545 0.2150424579
217 -51.12271352 0.2078695175
218 -51.86200051 0.2009295349
219 -52.59657002 0.1942192934
220 -53.32618286 0.1877346198
221 -54.05066958 0.1814705688
222 -54.76992172 0.1754215985
223 -55.48388244 0.1695817349
224 -56.19253625 0.1639447226
225 -56.89589839 0.158504162
226 -57.5940038 0.1532536296
227 -58.28689599 0.1481867846
228 -58.97461593 0.1432974572
229 -59.65719126 0.1385797232
230 -60.3346259 0.1340279608
231 -61.00689039 0.1296368935
232 -61.67391318 0.1254016172
233 -62.33557308 0.1213176126
234 -62.99169318 0.1173807454
235 -63.64203634 0.1135872524
236 -64.28630251 0.1099337174
237 -64.92412806 0.106417038
238 -65.55508706 0.1030343833
239 -66.17869459 0.09978314755
240 -66.7944121 0.09666089873
241 -67.40165447 0.09366532708
242 -67.99979868 0.09079419369
243 -68.58819382 0.08804528219
244 -69.16617196 0.08541635483
245 -69.7330597 0.08290511462
246 -70.28818978 0.08050917435
247 -70.83091263 0.07822603317
248 -71.36060723 0.07605306089
249 -71.87669121 0.07398748992
250 -72.37862981 0.07202641422
251 -72.86594343 0.07016679446
252 -73.33821387 0.06840546871
253 -73.79508888 0.06673916725
254 -74.23628536 0.0651645307
255 -74.66159092 0.06367813026
256 -75.07086416 0.0622764892
257 -75.46403362 0.06095610458
258 -75.84109568 0.05971346864
259 -76.20211142 0.05854508916
260 -76.54720284 0.05744750831
261 -76.87654834 0.05641731981
262 -77.19037785 0.05545118407
263 -77.48896767 0.05454584124
264 -77.77263509 0.0536981222
265 -78.04173311 0.05290495753
266 -78.29664509 0.05216338447
267 -78.53777971 0.05147055221
268 -78.76556602 0.05082372544
269 -78.98044891 0.05022028651
270 -79.18288478 0.04965773625
271 -79.37333764 0.04913369378
272 -79.55227553 0.04864589527
273 -79.7201673 0.04819219199
274 -79.87747978 0.04777054773
275 -80.02467528 0.0473790356
276 -80.16220939 0.04701583458
277 -80.29052919 0.04667922569
278 -80.41007162 0.04636758793
279 -80.52126227 0.04607939416
280 -80.62451428 0.04581320687
281 -80.72022757 0.04556767388
282 -80.80878822 0.04534152417
283 -80.89056806 0.04513356369
284 -80.96592435 0.0449426713
285 -81.03519971 0.04476779478
286 -81.09872209 0.04460794699
287 -81.15680483 0.04446220221
288 -81.20974689 0.04432969254
289 -81.25783306 0.04420960453
290 -81.30133429 0.04410117592
291 -81.34050808 0.04400369259
292 -81.37559882 0.04391648556
293 -81.40683825 0.04383892831
294 -81.43444592 0.04377043405
295 -81.45862964 0.04371045332
296 -81.47958595 0.04365847162
297 -81.49750061 0.0436140072
298 -81.51254907 0.04357660898
299 -81.52489695 0.04354585462
300 -81.53470047 0.04352134869
301 -81.54210697 0.04350272092
302 -81.54725531 0.04348962461
303 -81.55027631 0.04348173511
304 -81.55129318 0.04347874842
305 -81.55042192 0.04348037982
306 -81.54777169 0.04348636267
307 -81.54344523 0.04349644724
308 -81.53753915 0.0435103996
309 -81.53014434 0.04352800062
310 -81.52134625 0.043549045
311 -81.5112252 0.04357334043
312 -81.49985671 0.04360070668
313 -81.48731175 0.0436309749
314 -81.47365699 0.04366398684
315 -81.45895509 0.0436995942
316 -81.44326484 0.04373765813
317 -81.42664097 0.04377804952
318 -81.40913001 0.04382065713
319 -81.39073165 0.04386546552
320 -81.37104517 0.04391326923
321 -81.34605276 0.04397217823
322 -81.27887727 0.04411691543
323 -80.83411973 0.04503588261
324 -76.9726038 0.05365855222
325 -43.04079906 0.205356771
326 36.31667011 0.9967899647
327 38.58448824 0.9999419098
328 37.40325663 0.9999300741
329 35.17474296 0.9998956988
330 32.13455891 0.9998184371
331 28.59154657 0.9996524489
332 24.84965049 0.9993112632
333 21.12791778 0.9986484451
334 17.56042996 0.9974446362
335 14.22366995 0.9954161532
336 11.15974278 0.9922595635
337 8.389284746 0.9877307104
338 5.917346242 0.9817295912
339 3.736427255 0.9743473452
340 1.829183639 0.9658488509
341 0.1715475847 0.9566028118
342 -1.264046665 0.9469970392
343 -2.50588894 0.937372918
344 -3.581007221 0.9279922909
345 -4.513999779 0.9190321639
346 -5.326525126 0.9105957728
347 -6.037235076 0.9027297685
348 -6.661962707 0.895441241
349 -7.214030442 0.8887118025
350 -7.704594125 0.8825080986
351 -8.142976549 0.8767891221
352 -8.536968327 0.8715110274
353 -8.893088277 0.8666301365
354 -9.21680325 0.8621047016
355 -9.512710887 0.857895846
356 -9.784690212 0.8539679818
357 -10.03602511 0.8502889033
358 -10.26950539 0.8468296905
359 -10.48750942 0.8435645095
360 -10.69207182 0.8404703611
361 -10.88493906 0.837526814
362 -11.06761508 0.8347157402
363 -11.24139908 0.8320210637
364 -11.40741674 0.8294285294
365 -11.56664616 0.8269254926
366 -11.71993956 0.82450073
367 -11.86804147 0.8221442716
368 -12.01160399 0.8198472513
369 -12.15119973 0.8176017747
370 -12.28733275 0.8154008029
371 -12.4204479 0.8132380492
372 -12.55093875 0.8111078893
373 -12.67915443 0.8090052816
374 -12.80540544 0.8069256971
375 -12.92996867 0.8048650579
376 -13.05309176 0.8028196835
377 -13.17499681 0.8007862431
378 -13.29588363 0.7987617138
379 -13.41593256 0.7967433435
380 -13.53530686 0.794728619
381 -13.65415492 0.7927152371
382 -13.77261204 0.7907010793
383 -13.89080209 0.7886841894
384 -14.00883896 0.7866627539
385 -14.12682777 0.784635084
386 -14.24486601 0.7825996002
387 -14.36304449 0.7805548181
388 -14.48144826 0.7784993362
389 -14.60015733 0.7764318239
390 -14.7192474 0.7743510124
391 -14.83879046 0.7722556844
392 -14.95885533 0.7701446668
393 -15.07950822 0.7680168224
394 -15.20081314 0.7658710433
395 -15.32283231 0.7637062443
396 -15.44562658 0.7615213574
397 -15.56925577 0.7593153258
398 -15.69377897 0.7570870993
399 -15.81925487 0.7548356291
400 -15.94574204 0.7525598633
401 -16.0732992 0.7502587427
402 -16.20198548 0.7479311966
403 -16.33186066 0.7455761387
404 -16.46298542 0.7431924631
405 -16.59542156 0.7407790408
406 -16.72923224 0.7383347155
407 -16.86448221 0.7358583002
408 -17.00123803 0.7333485733
409 -17.13956831 0.7308042745
410 -17.2795439 0.7282241019
411 -17.42123817 0.7256067071
412 -17.56472725 0.722950692
413 -17.71009022 0.7202546046
414 -17.85740944 0.7175169347
415 -18.00677075 0.71473611
416 -18.15826376 0.7119104914
417 -18.31198215 0.7090383688
418 -18.46802398 0.7061179562
419 -18.62649193 0.7031473872
420 -18.78749372 0.7001247097
421 -18.95114238 0.697047881
422 -19.11755664 0.6939147626
423 -19.28686131 0.6907231142
424 -19.45918767 0.6874705887
425 -19.63467388 0.6841547262
426 -19.81346543 0.6807729482
427 -19.99571559 0.6773225511
428 -20.18158592 0.6738007012
429 -20.3712467 0.6702044274
430 -20.56487755 0.6665306164
431 -20.76266788 0.6627760056
432 -20.96481754 0.6589371785
433 -21.17153733 0.6550105583
434 -21.38304961 0.6509924039
435 -21.59958895 0.6468788045
436 -21.82140268 0.6426656769
437 -22.04875153 0.6383487625
438 -22.28191023 0.6339236258
439 -22.52116807 0.6293856552
440 -22.7668295 0.6247300644
441 -23.01921458 0.6199518977
442 -23.27865946 0.6150460363
443 -23.54551673 0.6100072099
444 -23.82015569 0.6048300102
445 -24.10296245 0.5995089103
446 -24.39433988 0.594038289
447 -24.69470737 0.5884124607
448 -25.00450033 0.5826257127
449 -25.3241694 0.5766723497
450 -25.65417928 0.5705467472
451 -25.99500724 0.5642434139
452 -26.34714108 0.5577570647
453 -26.71107662 0.5510827037
454 -27.08731463 0.5442157191
455 -27.47635707 0.5371519895
456 -27.87870268 0.5298880009
457 -28.2948418 0.5224209748
458 -28.7252505 0.5147490061
459 -29.17038386 0.5068712079
460 -29.63066858 0.4987878621
461 -30.10649484 0.4905005714
462 -30.59820761 0.4820124091
463 -31.10609744 0.4733280609
464 -31.63039102 0.4644539536
465 -32.17124166 0.4553983632
466 -32.72872002 0.4461714969
467 -33.30280538 0.4367855408
468 -33.89337784 0.4272546677
469 -34.50021182 0.4175949982
470 -35.12297115 0.4078245129
471 -35.7612063 0.3979629103
472 -36.41435383 0.3880314129
473 -37.08173842 0.3780525228
474 -37.76257762 0.3680497315
475 -38.45598927 0.3580471925
476 -39.16100157 0.3480693668
477 -39.87656557 0.3381406526
478 -40.60156962 0.3282850127
479 -41.3348555 0.3185256134
480 -42.07523565 0.3088844871
481 -42.82151082 0.2993822298
482 -43.57248771 0.2900377445
483 -44.32699597 0.2808680355
484 -45.08390399 0.2718880591
485 -45.84213323 0.2631106312
486 -46.60067045 0.2545463909
487 -47.35857789 0.2462038158
488 -48.11500108 0.2380892846
489 -48.86917431 0.2302071788
490 -49.62042369 0.2225600173
491 -50.36816806 0.2151486157
492 -51.1119178 0.2079722623
493 -51.85127171 0.2010289054
494 -52.58591218 0.1943153437
495 -53.31559898 0.1878274167
496 -54.04016166 0.1815601891
497 -54.75949098 0.1755081264
498 -55.4735294 0.1696652597
499 -56.18226089 0.1640253369
500 -56.88570034 0.1585819595
501 -57.58388246 0.1533287036
502 -58.27685072 0.1482592265
503 -58.96464622 0.1433673554
504 -59.64729686 0.1386471619
505 -60.32480698 0.1340930197
506 -60.99714765 0.129699647
507 -61.664248 0.1254621339
508 -62.32598763 0.1213759558
509 -62.98219045 0.1174369727
510 -63.63262022 0.1136414161
511 -64.27697783 0.1099858651
512 -64.91490056 0.1064672129
513 -65.54596336 0.1030826251
514 -66.16968215 0.09982949288
515 -66.7855191 0.09670538215
516 -67.39288971 0.09370798174
517 -67.99117144 0.09083505206
518 -68.5797137 0.08808437673
519 -69.15784874 0.0854537186
520 -69.72490313 0.0829407818
521 -70.28020946 0.0805431806
522 -70.82311779 0.07825841593
523 -71.35300663 0.07608385957
524 -71.86929298 0.07401674595
525 -72.3714413 0.072054171
526 -72.85897118 0.07019309728
527 -73.33146344 0.06843036453
528 -73.78856488 0.06676270446
529 -74.22999136 0.06518675886
530 -74.65552946 0.06369909978
531 -75.06503675 0.06229625102
532 -75.45844077 0.06097470985
533 -75.83573692 0.05973096843
534 -76.19698539 0.05856153416
535 -76.5423073 0.05746294858
536 -76.87188029 0.05643180453
537 -77.18593356 0.05546476135
538 -77.48474278 0.05455855792
539 -77.76862469 0.05371002375
540 -78.0379318 0.05291608788
541 -78.29304708 0.05217378597
542 -78.53437887 0.05148026553
543 -78.76235597 0.05083278956
544 -78.97742307 0.05022873866
545 -79.18003643 0.04966561195
546 -79.37065998 0.04914102683
547 -79.54976172 0.04865271777
548 -79.71781052 0.04819853439
549 -79.87527326 0.04777643883
550 -80.02261233 0.04738450266
551 -80.16028345 0.04702090334
552 -80.28873381 0.04668392042
553 -80.40840053 0.04637193151
554 -80.51970936 0.04608340814
555 -80.62307364 0.04581691151
556 -80.71889348 0.04557108823
557 -80.80755518 0.04534466615
558 -80.88943075 0.04513645011
559 -80.9648777 0.04494531793
560 -81.03423885 0.04477021643
561 -81.09784235 0.04461015755
562 -81.15600176 0.0444642147
563 -81.20901626 0.04433151915
564 -81.25717082 0.0442112567
565 -81.30073663 0.04410266437
566 -81.33997134 0.04400502734
567 -81.37511954 0.04391767602
568 -81.40641316 0.04383998326
569 -81.43407192 0.04377136174
570 -81.4583038 0.04371126147
571 -81.4793055 0.04365916745
572 -81.49726293 0.04361459747
573 -81.51235169 0.04357710002
574 -81.52473752 0.04354625236
575 -81.5345768 0.04352165868
576 -81.54201699 0.04350294835
577 -81.54719706 0.04348977435
578 -81.55024795 0.04348181171
579 -81.55129298 0.04347875614
580 -81.55044824 0.04348032266
581 -81.54782301 0.04348624437
582 -81.5435201 0.0434962713
583 -81.53763621 0.0435101693
584 -81.53026231 0.04352771903
585 -81.52148393 0.04354871501
586 -81.51138147 0.04357296473
587 -81.50003051 0.0436002878
588 -81.48750207 0.0436305152
589 -81.47386291 0.04366348854
590 -81.45917572 0.04369905939
591 -81.44349936 0.04373708874
592 -81.4268886 0.04377744739
593 -81.40939002 0.04382002396
594 -81.39100339 0.04386480288
595 -81.37132818 0.0439125782
596 -81.34634828 0.04397145639
597 -81.27920195 0.044116128
598 -80.83463389 0.04503468615
599 -76.97480212 0.05365311557
600 -43.05791596 0.2052386575
601 36.31406612 0.9967842964
602 38.58455026 0.9999419091
603 37.40354282 0.9999300777
604 35.17515327 0.9998957066
605 32.13501524 0.9998184525
606 28.59196856 0.9996524764
607 24.84998151 0.9993113064
608 21.12812887 0.9986485001
609 17.5605125 0.9974446812
610 14.22362766 0.9954161339
611 11.15958628 0.9922593838
612 8.389028115 0.9877302342
613 5.917004747 0.9817286616
614 3.736015664 0.974345813
615 1.828715082 0.965846601
616 0.1710329463 0.9565997759
617 -1.264598872 0.9469931942
618 -2.506472372 0.937368275
619 -3.58161733 0.9279868825
620 -4.514633401 0.9190260329
621 -5.327180109 0.9105889644
622 -6.037909975 0.9027223261
623 -6.662656555 0.8954332042
624 -7.214742579 0.8887032064
625 -7.705324084 0.8824989737
626 -8.14372398 0.8767794951
627 -8.537732938 0.8715009216
628 -8.893869809 0.8666195723
629 -9.217601452 0.8620936972
630 -9.513525508 0.8578844176
631 -9.785520995 0.8539561442
632 -10.03687179 0.8502766696
633 -10.2703677 0.846817073
634 -10.48838707 0.8435515193
635 -10.69296454 0.8404570085
636 -10.88584656 0.8375131086
637 -11.06853709 0.8347016907
638 -11.24233533 0.8320066783
639 -11.40836696 0.8294138155
640 -11.56761009 0.8269104571
641 -11.72091697 0.8244853792
642 -11.86903212 0.8221286113
643 -12.01260766 0.8198312867
644 -12.15221623 0.8175855106
645 -12.28836189 0.8153842435
646 -12.42148952 0.8132211983
647 -12.5519927 0.8110907502
648 -12.68022059 0.8089878571
649 -12.80648368 0.8069079896
650 -12.93105891 0.8048470695
651 -13.05419393 0.8028014157
652 -13.17611085 0.8007676971
653 -13.29700951 0.7987428903
654 -13.41707025 0.796724243
655 -13.53645637 0.7947092415
656 -13.65531627 0.7926955821
657 -13.77378526 0.7906811462
658 -13.89198726 0.788663977
659 -14.01003614 0.7866422607
660 -14.12803706 0.7846143081
661 -14.24608751 0.7825785395
662 -14.36427836 0.78053347
663 -14.48269464 0.7784776977
664 -14.60141639 0.7764098918
665 -14.72051933 0.7743287829
666 -14.84007546 0.7722331536
667 -14.96015365 0.7701218302
668 -15.0808201 0.7679936752
669 -15.20213885 0.7658475803
670 -15.32417215 0.76368246
671 -15.44698087 0.7614972458
672 -15.57062484 0.7592908806
673 -15.69516317 0.7570623136
674 -15.8206546 0.7548104955
675 -15.9471577 0.7525343742
676 -16.07473123 0.75023289
677 -16.20343433 0.7479049715
678 -16.33332682 0.745549532
679 -16.46446941 0.7431654652
680 -16.59692392 0.7407516414
681 -16.73075356 0.7383069038
682 -16.86602309 0.7358300648
683 -17.00279912 0.733319902
684 -17.14115028 0.7307751548
685 -17.28114748 0.7281945203
686 -17.42286412 0.7255766496
687 -17.56637636 0.7229201439
688 -17.71176334 0.7202235501
689 -17.85910746 0.7174853575
690 -18.0084946 0.7147039928
691 -18.16001444 0.7118778159
692 -18.31376071 0.7090051159
693 -18.46983152 0.7060841058
694 -18.62832962 0.7031129181
695 -18.78936278 0.7000895995
696 -18.95304411 0.6970121064
697 -19.11949241 0.6938782987
698 -19.28883257 0.6906859352
699 -19.46119595 0.6874326673
700 -19.63672079 0.6841160336
701 -19.81555268 0.6807334542
702 -19.99784499 0.6772822241
703 -20.18375936 0.6737595078
704 -20.37346621 0.6701623326
705 -20.56714524 0.6664875834
706 -20.76498601 0.6627319959
707 -20.96718848 0.6588921516
708 -21.17396358 0.6549644719
709 -21.38553383 0.6509452135
710 -21.60213393 0.6468304639
711 -21.82401138 0.6426161375
712 -22.05142705 0.6382979738
713 -22.28465585 0.6338715352
714 -22.52398726 0.6293322079
715 -22.76972589 0.6246752037
716 -23.022192 0.6198955648
717 -23.28172193 0.6149881706
718 -23.54866846 0.6099477491
719 -23.82340109 0.6047688903
720 -24.10630612 0.5994460662
721 -24.39778663 0.5939736546
722 -24.6982622 0.5883459693
723 -25.00816843 0.5825572974
724 -25.32795611 0.5766019443
725 -25.65809013 0.5704742865
726 -25.99904787 0.5641688348
727 -26.35131725 0.5576803067
728 -26.71539417 0.5510037104
729 -27.09177944 0.5441344392
730 -27.48097501 0.537068378
731 -27.88347954 0.5298020206
732 -28.29978326 0.5223325981
733 -28.73036202 0.5146582163
734 -29.17567063 0.506778001
735 -29.63613539 0.4986922489
736 -30.11214602 0.4904025789
737 -30.60404689 0.4819120825
738 -31.11212786 0.4732254652
739 -31.63661483 0.4643491745
740 -32.17766018 0.455291509
741 -32.73533355 0.4460626987
742 -33.30961311 0.4366749531
743 -33.90037774 0.4271424682
744 -34.50740059 0.4174813871
745 -35.13034418 0.4077097112
746 -35.76875764 0.3978471583
747 -36.4220762 0.3879149676
748 -37.08962325 0.3779356544
749 -37.77061511 0.3679327199
750 -38.46416852 0.3579303235
751 -39.1693107 0.3479529275
752 -39.88499185 0.3380249273
753 -40.61009969 0.3281702784
754 -41.34347557 0.3184121357
755 -42.08393167 0.3087725164
756 -42.83026872 0.2992719982
757 -43.58129358 0.2899294628
758 -44.33583626 0.2807618914
759 -45.09276572 0.2717842154
760 -45.8510041 0.2630092255
761 -46.60953898 0.2544475351
762 -47.36743356 0.2461075969
763 -48.12383438 0.2379957653
764 -48.87797677 0.2301163994
765 -49.62918795 0.222471997
766 -50.37688785 0.2150633547
767 -51.12058789 0.2078897441
768 -51.85988789 0.2009490987
769 -52.59447119 0.1942382051
770 -53.32409841 0.1877528926
771 -54.0485999 0.1814882176
772 -54.76786705 0.17543864
773 -55.48184288 0.1695981864
774 -56.19051181 0.1639606024
775 -56.89388898 0.1585194883
776 -57.59200931 0.1532684209
777 -58.2849163 0.1482010587
778 -58.97265094 0.1433112314
779 -59.65524093 0.138593014
780 -60.33269026 0.1340407838
781 -61.00496958 0.1296492634
782 -61.67200747 0.1254135473
783 -62.33368291 0.1213291154
784 -62.98981914 0.1173918321
785 -63.6401792 0.1135979331
786 -64.28446323 0.1099440017
787 -64.92230777 0.1064269341
788 -65.55328706 0.1030438992
789 -66.17691637 0.09979229023
790 -66.79265727 0.09666967501
791 -67.39992476 0.09367374345
792 -67.99809592 0.09080225651
793 -68.58651991 0.08805299781
794 -69.16452884 0.08542372972
795 -69.73144929 0.08291215548
796 -70.28661398 0.08051588817
797 -70.82937326 0.07823242727
798 -71.35910602 0.07605914302
799 -71.87522978 0.07399326821
800 -72.3772096 0.07203189716
801 -72.86456576 0.07017199096
802 -73.33687982 0.06841038798
803 -73.79379939 0.0667438188
804 -74.23504113 0.06516892425
805 -74.66039247 0.06368227572
806 -75.06971179 0.06228039657
807 -75.46292745 0.06095978392
808 -75.84003561 0.05971692999
809 -76.20109721 0.05854834248
810 -76.54623406 0.05745056344
811 -76.8756244 0.05642018642
812 -77.18949803 0.05545387163
813 -77.48813111 0.05454835896
814 -77.77184084 0.05370047903
815 -78.04098011 0.05290716211
816 -78.29593221 0.05216544514
817 -78.53710574 0.05147247697
818 -78.76492972 0.05082552197
819 -78.97984899 0.05022196214
820 -79.18231991 0.04965929798
821 -79.37280649 0.04913514827
822 -79.55177675 0.04864724884
823 -79.71969955 0.04819345065
824 -79.87704174 0.04777171715
825 -80.02426562 0.04738012116
