0 -81.20759115 0.044315616
1 -58.71822757 0.1237940676
2 22.07691263 0.8238931122
3 42.53338176 0.9999516945
4 46.01855656 0.9999846551
5 52.24680066 0.9999950912
6 44.14036153 0.9999820958
7 39.61762793 0.9999564191
8 35.6961847 0.9999081374
9 31.87226409 0.9998117853
10 28.09807951 0.9996205538
11 24.40878121 0.9992525055
12 20.84667444 0.9985738686
13 17.44878503 0.9973852872
14 14.2468131 0.9954225913
15 11.26762942 0.9923862915
16 8.532309065 0.9880059121
17 6.054242119 0.9821238306
18 3.837474589 0.9747613336
19 1.876284266 0.9661300704
20 0.1563565389 0.956581645
21 -1.342822459 0.9465230149
22 -2.645148425 0.9363369066
23 -3.77538254 0.9263320102
24 -4.757321846 0.916726111
25 -5.612708074 0.9076522661
26 -6.360735617 0.8991758623
27 -7.017965323 0.8913137801
28 -7.598473817 0.8840511444
29 -8.114116085 0.8773541761
30 -8.574824614 0.8711792498
31 -8.988902262 0.8654788818
32 -9.363288062 0.8602054596
33 -9.703788257 0.8553134157
34 -10.0152719 0.8507603757
35 -10.30183382 0.8465076577
36 -10.56692901 0.8425203776
37 -10.81348299 0.8387673272
38 -11.04398199 0.8352207311
39 -11.26054682 0.8318559483
40 -11.46499323 0.828651158
41 -11.65888154 0.825587052
42 -11.84355732 0.8226465464
43 -12.02018501 0.8198145174
44 -12.18977574 0.8170775641
45 -12.3532104 0.8144237974
46 -12.51125892 0.8118426539
47 -12.66459635 0.8093247315
48 -12.8138164 0.8068616465
49 -12.95944284 0.8044459078
50 -13.10193914 0.8020708074
51 -13.24171667 0.7997303244
52 -13.37914168 0.7974190418
53 -13.51454121 0.7951320727
54 -13.64820827 0.7928649969
55 -13.7804062 0.7906138042
56 -13.91137248 0.7883748453
57 -14.04132198 0.7861447886
58 -14.17044987 0.783920582
59 -14.29893402 0.7816994192
60 -14.42693725 0.77947871
61 -14.55460916 0.7772560536
62 -14.68208785 0.7750292159
63 -14.80950132 0.7727961079
64 -14.93696883 0.7705547675
65 -15.06460204 0.768303343
66 -15.19250596 0.7660400778
67 -15.32077998 0.763763297
68 -15.44951857 0.7614713954
69 -15.57881211 0.7591628267
70 -15.70874746 0.7568360929
71 -15.83940866 0.7544897354
72 -15.97087739 0.7521223268
73 -16.10323355 0.7497324628
74 -16.23655564 0.747318755
75 -16.37092128 0.7448798242
76 -16.50640754 0.7424142943
77 -16.64309135 0.739920786
78 -16.78104984 0.737397911
79 -16.9203607 0.7348442671
80 -17.06110251 0.7322584326
81 -17.203355 0.729638961
82 -17.34719945 0.7269843765
83 -17.49271889 0.7242931692
84 -17.63999851 0.7215637898
85 -17.78912583 0.7187946452
86 -17.94019113 0.7159840939
87 -18.09328763 0.7131304412
88 -18.24851188 0.7102319344
89 -18.40596401 0.707286758
90 -18.56574811 0.7042930293
91 -18.72797246 0.7012487932
92 -18.89274995 0.6981520177
93 -19.06019837 0.6950005885
94 -19.23044076 0.6917923047
95 -19.40360581 0.6885248733
96 -19.57982819 0.6851959048
97 -19.75924897 0.6818029075
98 -19.94201599 0.6783432834
99 -20.12828429 0.6748143228
100 -20.31821653 0.6712131999
101 -20.51198343 0.667536968
102 -20.70976417 0.6637825558
103 -20.9117469 0.6599467629
104 -21.11812916 0.6560262569
105 -21.32911834 0.6520175701
106 -21.54493213 0.6479170976
107 -21.76579898 0.6437210962
108 -21.99195855 0.6394256839
109 -22.22366208 0.6350268415
110 -22.46117279 0.630520415
111 -22.70476625 0.6259021202
112 -22.95473064 0.6211675497
113 -23.211367 0.6163121822
114 -23.47498932 0.6113313945
115 -23.74592465 0.6062204777
116 -24.02451293 0.6009746561
117 -24.31110683 0.5955891115
118 -24.60607126 0.5900590123
119 -24.9097828 0.584379547
120 -25.22262881 0.5785459653
121 -25.54500629 0.5725536242
122 -25.87732045 0.5663980425
123 -26.21998287 0.5600749612
124 -26.57340933 0.5535804132
125 -26.93801719 0.5469107996
126 -27.31422234 0.5400629742
127 -27.70243558 0.5330343359
128 -28.10305861 0.5258229274
129 -28.5164794 0.5184275398
130 -28.94306711 0.5108478217
131 -29.38316648 0.5030843912
132 -29.83709182 0.4951389471
133 -30.3051205 0.4870143785
134 -30.78748628 0.4787148668
135 -31.28437239 0.4702459788
136 -31.79590454 0.4616147452
137 -32.3221442 0.4528297199
138 -32.86308213 0.4439010169
139 -33.41863246 0.4348403199
140 -33.98862773 0.4256608603
141 -34.57281478 0.4163773619
142 -35.17085207 0.4070059495
143 -35.78230842 0.3975640204
144 -36.40666341 0.3880700814
145 -37.04330963 0.3785435511
146 -37.69155668 0.3690045337
147 -38.35063714 0.3594735693
148 -39.01971428 0.3499713666
149 -39.69789135 0.3405185275
150 -40.38422235 0.3311352713
151 -41.0777239 0.3218411661
152 -41.77738788 0.3126548787
153 -42.48219456 0.3035939463
154 -43.19112573 0.2946745808
155 -43.90317756 0.2859115065
156 -44.61737278 0.2773178373
157 -45.33277191 0.268904993
158 -46.0484833 0.2606826558
159 -46.76367171 0.2526587634
160 -47.47756543 0.244839538
161 -48.1894617 0.2372295453
162 -48.89873061 0.2298317793
163 -49.60481725 0.2226477691
164 -50.30724251 0.2156777006
165 -51.00560234 0.2089205503
166 -51.69956574 0.2023742253
167 -52.38887159 0.1960357065
168 -53.07332443 0.1899011902
169 -53.75278934 0.1839662277
170 -54.42718603 0.1782258577
171 -55.09648232 0.1726747323
172 -55.76068697 0.1673072338
173 -56.41984221 0.162117582
174 -57.0740158 0.1570999319
175 -57.72329285 0.1522484605
176 -58.36776757 0.147557443
177 -59.00753488 0.1430213197
178 -59.64268214 0.1386347505
179 -60.273281 0.134392661
180 -60.89937962 0.1302902773
181 -61.52099537 0.126323151
182 -62.13810809 0.1224871749
183 -62.75065424 0.1187785885
184 -63.35852191 0.1151939755
185 -63.961547 0.1117302515
186 -64.55951071 0.1083846452
187 -65.15213836 0.1051546722
188 -65.73909968 0.1020381023
189 -66.32001068 0.0990329231
190 -66.89443698 0.09613729958
191 -67.46189862 0.09334953217
192 -68.02187623 0.09066801403
193 -68.57381835 0.0880911895
194 -69.1171497 0.08561751481
195 -69.65128021 0.08324542236
196 -70.17561445 0.08097328944
197 -70.68956124 0.07879941227
198 -71.19254311 0.0767219857
199 -71.68400536 0.07473908884
200 -72.1634245 0.0728486766
201 -72.6303158 0.07104857665
202 -73.08423988 0.06933649164
203 -73.52480812 0.06771000566
204 -73.95168692 0.06616659453
205 -74.3646007 0.064703639
206 -74.76333377 0.06331844005
207 -75.14773094 0.06200823562
208 -75.51769721 0.06077021809
209 -75.8731964 0.0596015518
210 -76.21424905 0.05849939021
211 -76.54092947 0.05746089224
212 -76.85336245 0.05648323748
213 -77.15171929 0.05556364005
214 -77.43621376 0.05469936094
215 -77.70709767 0.05388771876
216 -77.96465647 0.053126099
217 -78.20920486 0.0524119616
218 -78.44108236 0.05174284712
219 -78.66064919 0.05111638153
220 -78.8682822 0.05053027966
221 -79.06437117 0.04998234754
222 -79.24931522 0.04947048374
223 -79.42351965 0.04899267973
224 -79.58739297 0.04854701954
225 -79.74134427 0.04813167873
226 -79.88578087 0.04774492283
227 -80.02110624 0.0473851053
228 -80.14771822 0.04705066511
229 -80.26600745 0.04674012414
230 -80.37635609 0.04645208421
231 -80.47913674 0.04618522412
232 -80.57471154 0.04593829644
233 -80.66343147 0.04571012438
234 -80.74563587 0.04549959852
235 -80.821652 0.04530567366
236 -80.89179483 0.04512736565
237 -80.95636691 0.04496374825
238 -81.0156583 0.04481395019
239 -81.06994665 0.04467715213
240 -81.11949736 0.04455258393
241 -81.16456369 0.04443952184
242 -81.20538708 0.04433728593
243 -81.24219739 0.04424523756
244 -81.27521324 0.044162777
245 -81.30464234 0.04408934114
246 -81.33068186 0.04402440133
247 -81.3535188 0.04396746134
248 -81.37333042 0.04391805539
249 -81.39028456 0.04387574632
250 -81.40454009 0.04384012387
251 -81.4162473 0.043810803
252 -81.42554827 0.04378742237
253 -81.43257725 0.0437696429
254 -81.43746105 0.04375714633
255 -81.4403194 0.04374963402
256 -81.44126529 0.04374682567
257 -81.44040533 0.0437484582
258 -81.43784008 0.0437542847
259 -81.43366436 0.04376407339
260 -81.42796755 0.04377760672
261 -81.4208339 0.04379468043
262 -81.41234279 0.0438151028
263 -81.40256902 0.04383869379
264 -81.39158303 0.04386528438
265 -81.37945118 0.04389471585
266 -81.36623596 0.04392683914
267 -81.3519962 0.04396151428
268 -81.3367873 0.0439986098
269 -81.32066141 0.04403800224
270 -81.30366763 0.04407957561
271 -81.28585215 0.04412322098
272 -81.26725846 0.044168836
273 -81.2479275 0.04421632456
274 -81.22789777 0.04426559634
275 -81.20720551 0.04431656652
276 -58.71773922 0.1237968094
277 22.07911064 0.8239137229
278 42.53346886 0.999951698
279 46.01873182 0.9999846555
280 52.24711904 0.9999950915
281 44.14078332 0.9999820972
282 39.61815299 0.9999564234
283 35.69683377 0.9999081484
284 31.87304455 0.9998118121
285 28.09898803 0.9996206163
286 24.40980757 0.9992526431
287 20.84780384 0.9985741533
288 17.44999936 0.9973858387
289 14.24809179 0.9954235863
290 11.2689505 0.9923879579
291 8.533650674 0.9880084996
292 6.055584311 0.9821275614
293 3.83880109 0.9747663527
294 1.877583617 0.9661364193
295 0.157622354 0.9565892687
296 -1.341592058 0.9465317936
297 -2.643951871 0.9363466938
298 -3.774215994 0.926342663
299 -4.756180228 0.9167375072
300 -5.611585843 0.9076643102
301 -6.35962729 0.8991884846
302 -7.016865783 0.8913269323
303 -7.597378467 0.8840647947
304 -8.113020904 0.8773683044
305 -8.573726155 0.871193844
306 -8.987797608 0.8654939348
307 -9.362174778 0.8602209676
308 -9.702664329 0.8553293766
309 -10.01413568 0.8507767882
310 -10.30068396 0.8465245209
311 -10.56576443 0.8425376904
312 -10.81230283 0.8387850885
313 -11.04278556 0.8352389395
314 -11.25933358 0.831874602
315 -11.46376279 0.8286702551
316 -11.65763357 0.8256065904
317 -11.84229159 0.8226665238
318 -12.01890136 0.8198349314
319 -12.18847404 0.8170984125
320 -12.35189057 0.814445078
321 -12.5099209 0.8118643645
322 -12.66324011 0.8093468702
323 -12.81244191 0.8068842115
324 -12.95805008 0.8044688977
325 -13.10052809 0.802094221
326 -13.24028732 0.799754161
327 -13.37769398 0.7974433009
328 -13.51307514 0.7951567542
329 -13.64672377 0.7928901011
330 -13.77890321 0.7906393317
331 -13.90985091 0.7884007973
332 -14.03978173 0.7861711668
333 -14.16889081 0.7839473885
334 -14.29735601 0.7817266564
335 -14.42534013 0.7795063809
336 -14.55299273 0.7772841618
337 -14.68045189 0.7750577653
338 -14.8078456 0.7728251031
339 -14.93529308 0.7705842135
340 -15.06290596 0.7683332454
341 -15.19078924 0.7660704427
342 -15.31904225 0.7637941311
343 -15.44775945 0.7615027061
344 -15.57703118 0.7591946218
345 -15.70694429 0.7568683808
346 -15.83758275 0.7545225252
347 -15.96902824 0.7521556283
348 -16.1013606 0.7497662864
349 -16.23465831 0.7473531118
350 -16.36899894 0.744914726
351 -16.50445952 0.7424497537
352 -16.64111694 0.7399568162
353 -16.7790483 0.7374345262
354 -16.91833123 0.7348814822
355 -17.05904425 0.7322962633
356 -17.20126707 0.729677424
357 -17.34508089 0.7270234896
358 -17.49056872 0.7243329507
359 -17.63781566 0.7216042594
360 -17.78690919 0.7188358235
361 -17.93793951 0.7160260027
362 -18.09099979 0.7131731033
363 -18.2461865 0.7102753738
364 -18.40359972 0.7073310002
365 -18.56334343 0.7043381008
366 -18.72552586 0.7012947222
367 -18.89025979 0.6981988334
368 -19.05766292 0.695048322
369 -19.22785822 0.6918409885
370 -19.40097426 0.6885745415
371 -19.57714562 0.6852465931
372 -19.75651324 0.6818546535
373 -19.93922487 0.6783961265
374 -20.12543541 0.6748683042
375 -20.3153074 0.6712683628
376 -20.50901142 0.6675933576
377 -20.70672651 0.6638402194
378 -20.90864068 0.6600057499
379 -21.11495131 0.6560866189
380 -21.32586563 0.6520793607
381 -21.54160116 0.6479803729
382 -21.76238619 0.6437859144
383 -21.98846017 0.6394921054
384 -22.22007417 0.6350949289
385 -22.45749123 0.6305902329
386 -22.70098671 0.6259737353
387 -22.9508486 0.6212410308
388 -23.20737771 0.6163875995
389 -23.47088786 0.61140882
390 -23.74170587 0.6062999844
391 -24.02017149 0.601056318
392 -24.30663719 0.5956730032
393 -24.6014677 0.5901452081
394 -24.90503942 0.5844681209
395 -25.21773955 0.5786369899
396 -25.53996495 0.5726471701
397 -25.87212071 0.5664941772
398 -26.21461832 0.5601737485
399 -26.56787353 0.5536819116
400 -26.9323037 0.5470150613
401 -27.30832475 0.5401700437
402 -27.6963476 0.5331442486
403 -28.09677413 0.5259357076
404 -28.50999256 0.5185431995
405 -28.93637238 0.5109663588
406 -29.37625877 0.5032057875
407 -29.82996654 0.4952631669
408 -30.29777371 0.4871413665
409 -30.77991476 0.4788445471
410 -31.27657376 0.4703782532
411 -31.78787738 0.4617494923
412 -32.31388814 0.4529667941
413 -32.85459793 0.4440402483
414 -33.40992214 0.4349815143
415 -33.97969459 0.4258037997
416 -34.56366348 0.4165218058
417 -35.16148868 0.4071516364
418 -35.77274038 0.3977106704
419 -36.39689956 0.3882173986
420 -37.0333601 0.3786912273
421 -37.68143288 0.3691522519
422 -38.34035161 0.3596210077
423 -39.00928057 0.350118203
424 -39.68732385 0.3406644436
425 -40.37353613 0.3312799568
426 -41.06693451 0.321984323
427 -41.76651117 0.3127962247
428 -42.47124643 0.3037332185
429 -43.18012196 0.2948115382
430 -43.89213361 0.2860459323
431 -44.6063036 0.2774495405
432 -45.32169178 0.2690338095
433 -46.03740569 0.2608084486
434 -46.75260914 0.2527814225
435 -47.46652939 0.2449589798
436 -48.17846259 0.2373457113
437 -48.88777763 0.2299446347
438 -49.59391846 0.2227573008
439 -50.29640479 0.2157839156
440 -50.99483139 0.2090234732
441 -51.68886618 0.2024738963
442 -52.37824696 0.196132179
443 -53.06277729 0.1899945287
444 -53.74232135 0.1840565058
445 -54.41679806 0.1783131558
446 -55.08617453 0.1727591361
447 -55.75045896 0.1673888321
448 -56.40969311 0.1621964655
449 -57.06394439 0.1571761916
450 -57.71329771 0.1523221863
451 -58.35784722 0.1476287231
452 -58.99768787 0.1430902388
453 -59.6329072 0.1387013899
454 -60.26357715 0.1344570975
455 -60.88974632 0.1303525827
456 -61.51143259 0.1263833921
457 -62.12861644 0.122545413
458 -62.74123502 0.1188348797
459 -63.3491772 0.1152483704
460 -63.95227972 0.1117827959
461 -64.55032463 0.1084353803
462 -65.1430381 0.1052036346
463 -65.73009071 0.1020853253
464 -66.31109927 0.09907843673
465 -66.88563015 0.09618113152
466 -67.45320405 0.09339170829
467 -68.01330215 0.09070855908
468 -68.56537342 0.08813012771
469 -69.10884288 0.08565487052
470 -69.64312061 0.08328122048
471 -70.1676112 0.08100755594
472 -70.68172331 0.07883217452
473 -71.18487921 0.07675327272
474 -71.67652377 0.07476893152
475 -72.15613295 0.07287710774
476 -72.62322139 0.071075631
477 -73.07734895 0.06936220581
478 -73.5181262 0.06773441801
479 -73.94521866 0.06618974496
480 -74.35834985 0.06472556876
481 -74.75730313 0.06333919146
482 -75.14192241 0.06202785185
483 -75.51211175 0.06078874283
484 -75.86783409 0.05961902904
485 -76.2091091 0.05851586396
486 -76.53601031 0.0574764063
487 -76.84866174 0.05649783521
488 -77.14723404 0.05557736415
489 -77.43194033 0.0547122533
490 -77.70303188 0.0538998203
491 -77.96079367 0.05313744953
492 -78.20553996 0.05242259972
493 -78.43760994 0.05175281015
494 -78.65736354 0.05112570542
495 -78.86517739 0.05053899899
496 -79.0614411 0.04999049544
497 -79.24655366 0.04947809191
498 -79.42092032 0.04899977843
499 -79.58494955 0.04855363761
500 -79.73905045 0.04813784362
501 -79.88363039 0.04775066059
502 -80.01909292 0.04739044064
503 -80.14583597 0.04705562146
504 -80.26425031 0.04674472366
505 -80.37471825 0.04645634784
506 -80.47761252 0.04618917165
507 -80.57329545 0.04594194653
508 -80.66211819 0.04571349464
509 -80.74442026 0.04550270553
510 -80.82052911 0.04530853306
511 -80.89075991 0.04512999213
512 -80.95541539 0.04496615565
513 -81.01478581 0.04481615151
514 -81.06914902 0.04467915961
515 -81.11877058 0.04455440906
516 -81.16390396 0.04444117543
517 -81.20479077 0.04433877811
518 -81.24166106 0.04424657786
519 -81.2747336 0.04416397436
520 -81.30421627 0.04409040395
521 -81.33030641 0.04402533748
522 -81.35319118 0.04396827823
523 -81.37304796 0.04391875995
524 -81.39004475 0.04387634508
525 -81.40434056 0.04384062293
526 -81.41608581 0.0438112081
527 -81.42542268 0.0437877389
528 -81.43248556 0.0437698759
529 -81.43740136 0.04375730055
530 -81.44028992 0.0437497139
531 -81.44126434 0.04374683539
532 -81.44043132 0.04374840168
533 -81.43789151 0.04375416562
534 -81.43373981 0.04376389519
535 -81.42806569 0.04377737264
536 -81.42095347 0.04379439353
537 -81.41248261 0.04381476592
538 -81.40272796 0.04383830961
539 -81.39176005 0.04386485542
540 -81.37964529 0.04389424447
541 -81.36644623 0.04392632757
542 -81.35222175 0.04396096459
543 -81.33702731 0.04399802396
544 -81.3209151 0.04403738208
545 -81.30393426 0.04407892286
546 -81.28613105 0.04412253725
547 -81.26754897 0.04416812283
548 -81.24822901 0.04421558337
549 -81.22820971 0.04426482849
550 -81.20752734 0.04431577325
551 -58.71814679 0.1237945211
552 22.07727634 0.8238965229
553 42.53339612 0.999951695
554 46.01858545 0.9999846551
555 52.24685313 0.9999950912
556 44.14043098 0.999982096
557 39.61771432 0.9999564198
558 35.69629147 0.9999081392
559 31.87239248 0.9998117897
560 28.09822899 0.9996205641
561 24.40895012 0.9992525282
562 20.84686035 0.9985739154
563 17.44898497 0.997385378
564 14.2470237 0.9954227552
565 11.26784705 0.9923865661
566 8.532530131 0.9880063385
567 6.054463328 0.9821244455
568 3.837693253 0.974762161
569 1.876498488 0.9661311172
570 0.1565652576 0.9565829021
571 -1.342619561 0.9465244626
572 -2.644951097 0.9363385207
573 -3.775190155 0.9263337671
574 -4.757133569 0.9167279906
575 -5.612522995 0.9076542526
576 -6.360552833 0.8991779441
577 -7.01778399 0.8913159492
578 -7.598293177 0.8840533957
579 -8.113935474 0.8773565061
580 -8.574643463 0.8711816567
581 -8.988720088 0.8654813644
582 -9.363104462 0.8602080172
583 -9.703602898 0.8553160481
584 -10.01508451 0.8507630826
585 -10.30164417 0.8465104391
586 -10.56673693 0.8425232333
587 -10.81328833 0.838770257
588 -11.04378463 0.8352237348
589 -11.26034667 0.8318590256
590 -11.46479023 0.8286543086
591 -11.65867564 0.8255902757
592 -11.84334847 0.8226498428
593 -12.01997319 0.8198178861
594 -12.18956092 0.8170810047
595 -12.35299257 0.8144273096
596 -12.51103807 0.8118462374
597 -12.66437248 0.8093283859
598 -12.8135895 0.8068653716
599 -12.9592129 0.8044497034
600 -13.10170617 0.8020746732
601 -13.24148066 0.7997342604
602 -13.37890261 0.7974230478
603 -13.51429909 0.7951361489
604 -13.64796309 0.7928691432
605 -13.78015794 0.7906180207
606 -13.91112113 0.7883791323
607 -14.04106753 0.7861491464
608 -14.17019229 0.7839250109
609 -14.29867329 0.7817039197
610 -14.42667334 0.7794832824
611 -14.55434204 0.7772606987
612 -14.68181747 0.7750339343
613 -14.80922765 0.7728009003
614 -14.93669184 0.7705596349
615 -15.06432165 0.7683082863
616 -15.19222215 0.7660450979
617 -15.32049267 0.7637683951
618 -15.4492277 0.7614765728
619 -15.5785176 0.7591680846
620 -15.70844925 0.7568414327
621 -15.83910666 0.7544951587
622 -15.97057153 0.7521278353
623 -16.10292372 0.7497380581
624 -16.23624175 0.7473244389
625 -16.37060323 0.7448855989
626 -16.50608521 0.7424201618
627 -16.64276462 0.7399267484
628 -16.78071859 0.7374039708
629 -16.9200248 0.7348504268
630 -17.0607618 0.7322646947
631 -17.20300935 0.7296453283
632 -17.3468487 0.7269908522
633 -17.49236287 0.7242997561
634 -17.63963704 0.7215704913
635 -17.78875873 0.7188014647
636 -17.9398182 0.7159910351
637 -18.09290866 0.7131375079
638 -18.24812665 0.7102391306
639 -18.4055723 0.7072940879
640 -18.56534966 0.7043004974
641 -18.72756702 0.7012564043
642 -18.89233725 0.6981597765
643 -19.05977811 0.6950085003
644 -19.23001265 0.6918003749
645 -19.40316953 0.6885331077
646 -19.5793834 0.6852043093
647 -19.75879531 0.6818114884
648 -19.94155308 0.6783520473
649 -20.12781175 0.6748232765
650 -20.31773394 0.6712223507
651 -20.51149034 0.6675463235
652 -20.70926013 0.6637921238
653 -20.91123142 0.6599565518
654 -21.11760172 0.6560362752
655 -21.3285784 0.6520278269
656 -21.54437912 0.6479276022
657 -21.76523232 0.6437318584
658 -21.9913776 0.6394367138
659 -22.22306617 0.6350381496
660 -22.46056124 0.6305320121
661 -22.70413834 0.6259140175
662 -22.95408561 0.6211797587
663 -23.21070405 0.6163247147
664 -23.47430764 0.6113442626
665 -23.74522336 0.6062336936
666 -24.02379115 0.6009882322
667 -24.31036362 0.5956030604
668 -24.60530567 0.5900733464
669 -24.90899384 0.5843942788
670 -25.22181546 0.5785611069
671 -25.54416752 0.5725691876
672 -25.87645519 0.566414039
673 -26.21909004 0.5600914016
674 -26.57248786 0.5535973073
675 -26.937066 0.5469281562
676 -27.31324035 0.5400808009
677 -27.70142174 0.5330526388
678 -28.10201188 0.5258417106
679 -28.5153988 0.5184468054
680 -28.94195171 0.5108675696
681 -29.38201543 0.5031046184
682 -29.83590433 0.4951596478
683 -30.30389591 0.4870355436
684 -30.78622404 0.4787364838
685 -31.28307209 0.4702680315
686 -31.79456594 0.4616372133
687 -32.32076723 0.4528525793
688 -32.86166689 0.4439242395
689 -33.4171793 0.4348638732
690 -33.98713717 0.4256847081
691 -34.5712876 0.4164014641
692 -35.16928927 0.4070302625
693 -35.78071123 0.3975884977
694 -36.4050333 0.3880946735
695 -37.04164827 0.3785682066
696 -37.68986598 0.3690291997
697 -38.34891918 0.359498192
698 -39.01797132 0.3499958922
699 -39.69612578 0.340542903
700 -40.38243668 0.3311594446
701 -41.07592071 0.3218650876
702 -41.77556983 0.312678501
703 -42.48036429 0.3036172255
704 -43.18928588 0.2946974766
705 -43.9013307 0.2859339825
706 -44.61552141 0.2773398615
707 -45.33091841 0.2689265379
708 -46.04662991 0.2607036983
709 -46.76182053 0.2526792851
710 -47.47571838 0.2448595248
711 -48.18762052 0.2372489872
712 -48.89689683 0.2298506704
713 -49.60299221 0.222666107
714 -50.30542737 0.2156954864
715 -51.00379806 0.208937788
716 -51.69777308 0.2023909215
717 -52.38709115 0.1960518699
718 -53.07155664 0.1899168316
719 -53.75103447 0.1839813591
720 -54.42544423 0.1782404926
721 -55.09475361 0.1726888848
722 -55.7589713 0.1673209186
723 -56.41813943 0.1621308142
724 -57.07232569 0.1571127267
725 -57.72161519 0.1522608327
726 -58.36610212 0.1475694073
727 -59.0058814 0.1430328901
728 -59.64104041 0.1386459406
729 -60.27165086 0.1344034835
730 -60.89776099 0.1303007441
731 -61.51938824 0.1263332731
732 -62.13651259 0.1224969625
733 -62.74907058 0.118788051
734 -63.35695044 0.1152031211
735 -63.95998822 0.1117390878
736 -64.55796528 0.1083931791
737 -65.15060705 0.1051629096
738 -65.73758342 0.1020460487
739 -66.31851053 0.09904058341
740 -66.89295413 0.09614467835
741 -67.46043438 0.09335663363
742 -68.020432 0.09067484222
743 -68.57239559 0.08809774839
744 -69.11574994 0.08562380839
745 -69.64990498 0.08325145471
746 -70.17426531 0.08097906484
747 -70.68823972 0.07880493522
748 -71.19125068 0.076727261
749 -71.68274343 0.0747441216
750 -72.16219438 0.07285347225
751 -72.62911871 0.07105314098
752 -73.0830769 0.06934083073
753 -73.52368019 0.06771412589
754 -73.95059484 0.06617050257
755 -74.36354512 0.06470734172
756 -74.76231517 0.06332194452
757 -75.14674966 0.06201154907
758 -75.51675342 0.06077334782
759 -75.87229014 0.05960450517
760 -76.21338018 0.0585021746
761 -76.54009775 0.05746351499
762 -76.85256749 0.05648570586
763 -77.15096061 0.05556596122
764 -77.43549075 0.05470154193
765 -77.70640963 0.05388976644
766 -77.96400263 0.05312802005
767 -78.20858437 0.0524137625
768 -78.44049432 0.05174453416
769 -78.66009263 0.05111796074
770 -78.86775615 0.05053175685
771 -79.06387459 0.04998372829
772 -79.24884708 0.04947177338
773 -79.42307889 0.04899388335
774 -79.58697852 0.04854814199
775 -79.74095508 0.04813272463
776 -79.88541589 0.04774589658
777 -80.02076443 0.04738601104
778 -80.14739855 0.0470515068
779 -80.26570892 0.04674090551
780 -80.37607773 0.0464528088
781 -80.47887759 0.04618589525
782 -80.57447066 0.04593891726
783 -80.66320799 0.04571069786
784 -80.74542891 0.04550012746
785 -80.82146073 0.04530616069
786 -80.89161845 0.04512781325
787 -80.95620464 0.04496415877
788 -81.01550941 0.0448143258
789 -81.06981044 0.04467749492
790 -81.11937315 0.04455289583
791 -81.16445084 0.04443980467
792 -81.20528497 0.04433754141
793 -81.24210545 0.0442454673
794 -81.27513091 0.0441629825
795 -81.30456909 0.04408952383
796 -81.33061719 0.04402456254
797 -81.35346225 0.04396760231
798 -81.37328152 0.0439181773
799 -81.3902429 0.04387585028
800 -81.40450527 0.04384021091
801 -81.41621894 0.04381087409
802 -81.425526 0.04378747842
803 -81.43256074 0.04376968476
804 -81.43744998 0.04375717482
805 -81.44031346 0.04374964988
806 -81.44126419 0.04374682961
807 -81.44040881 0.04374845088
808 -81.43784789 0.04375426674
809 -81.43367625 0.04376404539
810 -81.4279833 0.04377756921
811 -81.4208533 0.04379463394
812 -81.41236563 0.04381504781
813 -81.40259511 0.04383863075
814 -81.3916122 0.04386521372
815 -81.37948326 0.04389463797
816 -81.36627079 0.04392675442
817 -81.35203363 0.04396142307
818 -81.33682719 0.04399851244
819 -81.32070364 0.04403789903
820 -81.30371206 0.04407946685
821 -81.28589867 0.04412310694
822 -81.26730696 0.04416871695
823 -81.24797788 0.04421620073
824 -81.22794993 0.04426546797
825 -81.20725936 0.04431643382
