0 -77.93874921 0.0532035189
1 -78.18725586 0.05247685212
2 -78.42270817 0.05179665367
3 -78.64552413 0.05116031849
4 -78.85613201 0.05056536194
5 -79.05496689 0.05000941871
6 -79.24246753 0.04949024095
7 -79.4190736 0.04900569578
8 -79.58522313 0.04855376217
9 -79.74135032 0.04813252748
10 -79.88788362 0.04774018373
11 -80.02524409 0.0473750235
12 -80.15384397 0.04703543586
13 -80.27408556 0.04671990208
14 -80.38636023 0.04642699137
15 -80.49104768 0.04615535664
16 -80.58851536 0.0459037303
17 -80.67911805 0.04567092012
18 -80.76319757 0.04545580525
19 -80.8410826 0.0452573323
20 -80.91308868 0.0450745116
21 -80.97951818 0.0449064136
22 -81.04066046 0.04475216538
23 -81.09679203 0.0446109474
24 -81.1481768 0.04448199031
25 -81.19506638 0.04436457198
26 -81.23770034 0.04425801466
27 -81.27630664 0.04416168229
28 -81.31110195 0.04407497796
29 -81.34229205 0.04399734153
30 -81.37007225 0.04392824733
31 -81.39462776 0.04386720206
32 -81.41613415 0.04381374277
33 -81.43475769 0.043767435
34 -81.45065583 0.04372787094
35 -81.46397755 0.04369466786
36 -81.47486376 0.04366746646
37 -81.48344772 0.04364592945
38 -81.48985536 0.04362974016
39 -81.49420565 0.04361860125
40 -81.49661101 0.04361223354
41 -81.49717749 0.04361037491
42 -81.49600477 0.04361278017
43 -81.49318257 0.04361922771
44 -81.48875617 0.04362958852
45 -81.48241221 0.04364445721
46 -81.47063778 0.04367086368
47 -81.42107097 0.04377394208
48 -81.04116842 0.04454910285
49 -77.69934239 0.05186596225
50 -48.40995702 0.170539435
51 35.25367468 0.9941533414
52 38.57998369 0.9999413179
53 37.45822455 0.9999307501
54 35.2389869 0.9998969592
55 32.17115956 0.9998198318
56 28.5677059 0.9996514532
57 24.74543226 0.9992994182
58 20.93647654 0.9986042085
59 17.28429293 0.997323321
60 13.8710762 0.9951404549
61 10.74199081 0.9917173948
62 7.91881268 0.9867864845
63 5.406239612 0.9802481617
64 3.195306838 0.9722207481
65 1.266551104 0.9630134888
66 -0.4063929017 0.953041375
67 -1.853193919 0.9427284992
68 -3.103845426 0.9324380519
69 -4.186627559 0.9224407513
70 -5.126983218 0.9129136579
71 -5.947092466 0.9039553079
72 -6.665894189 0.895605837
73 -7.299349562 0.8878657309
74 -7.860807746 0.8807107352
75 -8.361390913 0.8741026444
76 -8.810355464 0.8679966073
77 -9.215410822 0.8623458092
78 -9.582990985 0.8571043096
79 -9.918480936 0.8522286453
80 -10.22640302 0.847678635
81 -10.51056929 0.8434176872
82 -10.77420552 0.8394128104
83 -11.02005214 0.8356344541
84 -11.25044637 0.8320562627
85 -11.46738924 0.8286547913
86 -11.67260039 0.8254092146
87 -11.86756303 0.8223010443
88 -12.05356096 0.8193138664
89 -12.2317092 0.8164331001
90 -12.40297937 0.8136457813
91 -12.56822088 0.8109403693
92 -12.72817863 0.8083065755
93 -12.88350786 0.8057352127
94 -13.03478673 0.803218062
95 -13.18252686 0.8007477562
96 -13.3271824 0.7983176774
97 -13.46915765 0.7959218673
98 -13.60881366 0.7935549483
99 -13.74647383 0.7912120544
100 -13.88242877 0.7888887704
101 -14.01694048 0.7865810782
102 -14.15024593 0.78428531
103 -14.28256025 0.7819981064
104 -14.41407947 0.7797163797
105 -14.54498284 0.7774372816
106 -14.675435 0.7751581739
107 -14.80558777 0.7728766031
108 -14.9355818 0.7705902774
109 -15.06554797 0.7682970463
110 -15.19560871 0.7659948822
111 -15.32587904 0.7636818641
112 -15.4564677 0.7613561624
113 -15.58747792 0.759016026
114 -15.71900835 0.7566597696
115 -15.85115373 0.7542857629
116 -15.98400555 0.7518924203
117 -16.11765269 0.7494781918
118 -16.252182 0.7470415538
119 -16.38767872 0.7445810016
120 -16.52422708 0.7420950417
121 -16.66191066 0.7395821846
122 -16.80081283 0.7370409382
123 -16.94101719 0.7344698013
124 -17.0826079 0.7318672579
125 -17.22567007 0.7292317707
126 -17.37029012 0.7265617756
127 -17.51655614 0.7238556763
128 -17.6645582 0.7211118385
129 -17.81438871 0.7183285842
130 -17.96614278 0.715504187
131 -18.11991854 0.7126368657
132 -18.27581747 0.7097247797
133 -18.43394481 0.7067660228
134 -18.59440988 0.703758618
135 -18.75732644 0.7007005116
136 -18.92281311 0.6975895678
137 -19.09099375 0.6944235623
138 -19.26199784 0.691200177
139 -19.43596096 0.6879169933
140 -19.61302519 0.6845714866
141 -19.79333958 0.6811610197
142 -19.97706063 0.6776828366
143 -20.16435277 0.6741340564
144 -20.35538893 0.6705116669
145 -20.55035099 0.6668125183
146 -20.7494304 0.6630333177
147 -20.95282874 0.6591706225
148 -21.16075827 0.6552208356
149 -21.37344258 0.6511801999
150 -21.59111715 0.6470447941
151 -21.81403002 0.6428105291
152 -22.04244236 0.6384731451
153 -22.27662908 0.6340282101
154 -22.51687946 0.6294711205
155 -22.76349767 0.6247971023
156 -23.01680331 0.6200012158
157 -23.27713187 0.6150783622
158 -23.54483514 0.6100232937
159 -23.82028146 0.6048306273
160 -24.10385589 0.5994948627
161 -24.39596027 0.5940104055
162 -24.69701297 0.5883715959
163 -25.0074485 0.5825727445
164 -25.32771682 0.5766081744
165 -25.65828237 0.5704722725
166 -25.99962258 0.564159549
167 -26.35222617 0.5576647073
168 -26.71659075 0.5509827236
169 -27.09321998 0.544108938
170 -27.4826201 0.5370391561
171 -27.88529581 0.5297697622
172 -28.30174537 0.5222978433
173 -28.73245506 0.514621322
174 -29.17789276 0.5067390984
175 -29.6385009 0.4986511972
176 -30.1146886 0.4903589186
177 -30.60682316 0.481864987
178 -31.11522109 0.4731736948
179 -31.64013868 0.4642910348
180 -32.18176243 0.4552248152
181 -32.74019955 0.4459847503
182 -33.31546893 0.4365825209
183 -33.90749267 0.4270317962
184 -34.51608892 0.4173482132
185 -35.14096603 0.4075493062
186 -35.78171868 0.3976543858
187 -36.43782614 0.3876843635
188 -37.10865301 0.3776615252
189 -37.79345274 0.3676092565
190 -38.49137377 0.3575517262
191 -39.20146855 0.3475135382
192 -39.92270512 0.337519362
193 -40.6539809 0.3275935554
194 -41.39413856 0.3177597924
195 -42.14198309 0.3080407103
196 -42.89629985 0.2984575882
197 -43.65587276 0.2890300673
198 -44.41950211 0.2797759223
199 -45.18602145 0.2707108876
200 -45.95431295 0.2618485435
201 -46.72332097 0.2532002596
202 -47.49206338 0.2447751941
203 -48.25964052 0.2365803431
204 -49.02524162 0.2286206348
205 -49.78814879 0.2208990584
206 -50.54773855 0.2134168224
207 -51.30348108 0.2061735335
208 -52.05493737 0.1991673871
209 -52.80175452 0.1923953649
210 -53.54365935 0.1858534325
211 -54.28045064 0.1795367325
212 -55.0119901 0.173439768
213 -55.73819246 0.1675565762
214 -56.45901474 0.1618808869
215 -57.17444498 0.1564062663
216 -57.88449064 0.1511262441
217 -58.58916689 0.1460344242
218 -59.2884849 0.1411245779
219 -59.98244052 0.1363907204
220 -60.6710035 0.1318271696
221 -61.35410746 0.1274285892
222 -62.031641 0.1231900157
223 -62.70344011 0.1191068692
224 -63.36928211 0.115174952
225 -64.02888153 0.1113904318
226 -64.68188781 0.1077498157
227 -65.32788528 0.1042499131
228 -65.96639527 0.1008877916
229 -66.59688037 0.09766072732
230 -67.2187508 0.09456615251
231 -67.83137269 0.09160160187
232 -68.43407789 0.08876466093
233 -69.02617515 0.0860529178
234 -69.60696212 0.08346392025
235 -70.17573784 0.08099513959
236 -70.73181523 0.07864394214
237 -71.27453323 0.07640756877
238 -71.80326813 0.07428312269
239 -72.31744382 0.072267565
240 -72.8165407 0.07035771742
241 -73.300103 0.06855027117
242 -73.76774445 0.06684180107
243 -74.21915229 0.06522878357
244 -74.6540895 0.06370761754
245 -75.07239559 0.06227464684
246 -75.47398573 0.06092618353
247 -75.85884879 0.0596585309
248 -76.22704407 0.05846800564
249 -76.57869725 0.05735095854
250 -76.91399555 0.0563037934
251 -77.23318233 0.05532298377
252 -77.53655147 0.05440508747
253 -77.8244414 0.05354675883
254 -78.09722918 0.05274475867
255 -78.35532466 0.05199596216
256 -78.59916479 0.05129736461
257 -78.82920821 0.05064608554
258 -79.04593012 0.05003937104
259 -79.24981763 0.04947459474
260 -79.44136537 0.0489492575
261 -79.62107156 0.04846098618
262 -79.78943439 0.04800753171
263 -79.94694766 0.04758676891
264 -80.09408744 0.04719671587
265 -80.23121912 0.04683572392
266 -80.35782001 0.04650412121
267 -80.46582932 0.04621826052
268 -80.48250744 0.04613103444
269 -79.77850287 0.04759357026
270 -72.9511507 0.06454837056
271 -17.32919087 0.447603502
272 37.54412343 0.9995614379
273 38.09647064 0.9999374986
274 36.40418651 0.9999164904
275 33.61397689 0.9998618788
276 30.02925008 0.9997344159
277 26.01850507 0.9994476758
278 21.90021997 0.9988347994
279 17.88969913 0.9976138896
280 14.11538986 0.9953797098
281 10.64895422 0.991658
282 7.525944071 0.9860357395
283 4.756406321 0.9783203624
284 2.330767069 0.9686345367
285 0.2249820958 0.9573846017
286 -1.593935624 0.9451295217
287 -3.162676119 0.9324328277
288 -4.517575963 0.9197621778
289 -5.692088191 0.9074514187
290 -6.715587145 0.8957070821
291 -7.613093571 0.8846350576
292 -8.40552285 0.8742706312
293 -9.110170819 0.864603984
294 -9.741264974 0.8555990403
295 -10.31049156 0.8472062518
296 -10.82746016 0.8393707356
297 -11.30009524 0.8320371638
298 -11.73495772 0.8251525131
299 -12.13750528 0.8186674631
300 -12.51230127 0.8125369715
301 -12.86318188 0.8067203692
302 -13.19338975 0.80118119
303 -13.50568101 0.795886864
304 -13.80241114 0.7908083561
305 -14.08560417 0.7859197915
306 -14.35700873 0.781198096
307 -14.61814351 0.7766226615
308 -14.87033452 0.7721750425
309 -15.11474556 0.767838685
310 -15.35240347 0.7635986873
311 -15.584219 0.7594415882
312 -15.81100424 0.7553551823
313 -16.03348723 0.7513283574
314 -16.25232425 0.7473509529
315 -16.46811024 0.7434136354
316 -16.68138764 0.7395077892
317 -16.89265399 0.7356254213
318 -17.10236847 0.731759076
319 -17.31095749 0.7279017607
320 -17.51881962 0.7240468799
321 -17.72632989 0.7201881757
322 -17.93384357 0.7163196755
323 -18.14169947 0.7124356448
324 -18.35022301 0.7085305444
325 -18.5597288 0.7045989919
326 -18.77052316 0.7006357264
327 -18.98290628 0.6966355769
328 -19.19717426 0.6925934324
329 -19.41362099 0.6885042151
330 -19.6325399 0.6843628553
331 -19.85422565 0.6801642682
332 -20.0789756 0.6759033328
333 -20.30709137 0.671574872
334 -20.5388802 0.6671736344
335 -20.77465633 0.6626942781
336 -21.01474229 0.6581313556
337 -21.25947014 0.653479301
338 -21.50918267 0.6487324188
339 -21.76423453 0.6438848753
340 -22.0249933 0.6389306925
341 -22.29184049 0.6338637446
342 -22.56517239 0.6286777582
343 -22.84540093 0.6233663169
344 -23.13295428 0.6179228697
345 -23.42827732 0.6123407456
346 -23.73183193 0.6066131742
347 -24.04409702 0.6007333133
348 -24.36556822 0.5946942852
349 -24.69675727 0.5884892221
350 -25.03819098 0.5821113216
351 -25.39040966 0.5755539143
352 -25.75396506 0.5688105437
353 -26.12941761 0.5618750597
354 -26.51733301 0.554741726
355 -26.91827797 0.5474053427
356 -27.33281517 0.5398613822
357 -27.7614973 0.5321061401
358 -28.20486013 0.5241368977
359 -28.66341475 0.5159520944
360 -29.13763882 0.5075515069
361 -29.62796705 0.4989364307
362 -30.13478105 0.490109858
363 -30.6583986 0.481076645
364 -31.19906272 0.4718436624
365 -31.75693086 0.4624199183
366 -32.33206448 0.4528166472
367 -32.9244195 0.4430473549
368 -33.53383807 0.4331278117
369 -34.16004207 0.4230759885
370 -34.80262881 0.4129119304
371 -35.4610693 0.4026575663
372 -36.13470936 0.392336457
373 -36.82277381 0.3819734853
374 -37.52437379 0.3715944978
375 -38.23851703 0.3612259088
376 -38.96412104 0.3508942806
377 -39.70002861 0.3406258953
378 -40.44502529 0.3304463351
379 -41.1978582 0.3203800849
380 -41.9572555 0.3104501739
381 -42.72194584 0.3006778655
382 -43.49067728 0.291082406
383 -44.26223491 0.2816808368
384 -45.03545674 0.2724878725
385 -45.80924758 0.2635158434
386 -46.58259041 0.254774699
387 -47.35455527 0.2462720658
388 -48.12430552 0.2380133518
389 -48.89110148 0.2300018895
390 -49.65430169 0.2222391081
391 -50.41336179 0.2147247264
392 -51.16783137 0.2074569583
393 -51.91734893 0.2004327238
394 -52.66163528 0.1936478592
395 -53.40048552 0.187097322
396 -54.13375989 0.1807753857
397 -54.86137372 0.1746758218
398 -55.58328668 0.1687920676
399 -56.29949156 0.1631173762
400 -57.01000274 0.157644951
401 -57.71484461 0.1523680601
402 -58.41404019 0.1472801342
403 -59.10760006 0.142374846
404 -59.795512 0.1376461713
405 -60.47773144 0.1330884334
406 -61.15417305 0.128696331
407 -61.82470364 0.1244649501
408 -62.48913672 0.1203897617
409 -63.1472287 0.1164666065
410 -63.79867705 0.1126916685
411 -64.44312038 0.109061439
412 -65.08014059 0.1055726733
413 -65.70926685 0.1022223434
414 -66.32998141 0.09900758698
415 -66.94172705 0.09592565671
416 -67.54391581 0.09297387146
417 -68.13593874 0.09014957091
418 -68.71717632 0.08745007562
419 -69.28700921 0.08487265338
420 -69.84482894 0.0824144928
421 -70.3900482 0.08007268436
422 -70.92211046 0.07784420882
423 -71.44049866 0.07572593283
424 -71.9447427 0.07371461076
425 -72.43442578 0.07180689212
426 -72.90918926 0.06999933359
427 -73.36873619 0.06828841437
428 -73.81283354 0.06667055423
429 -74.24131303 0.06514213291
430 -74.65407088 0.06369951022
431 -75.05106644 0.06233904606
432 -75.43231993 0.06105711969
433 -75.7979094 0.05985014778
434 -76.1479671 0.05871460097
435 -76.4826753 0.05764701857
436 -76.80226191 0.05664402142
437 -77.10699579 0.05570232265
438 -77.39718198 0.0548187367
439 -77.67315702 0.05399018627
440 -77.93528425 0.05321370767
441 -78.18394935 0.05248645451
442 -78.41955608 0.05180569997
443 -78.64252221 0.05116883775
444 -78.85327583 0.050573382
445 -79.05225189 0.05001696619
446 -79.23988906 0.04949734128
447 -79.41662694 0.04901237318
448 -79.58290354 0.0485600397
449 -79.73915305 0.04813842708
450 -79.88580396 0.04774572619
451 -80.02327735 0.04738022857
452 -80.15198555 0.04704032225
453 -80.27233093 0.04672448749
454 -80.38470494 0.04643129257
455 -80.4894874 0.04615938947
456 -80.58704587 0.04590750972
457 -80.67773525 0.04567446029
458 -80.76189748 0.04545911951
459 -80.8398614 0.04526043324
460 -80.91194265 0.04507741112
461 -80.97844375 0.0449091229
462 -81.03965419 0.04475469504
463 -81.09585062 0.04461330738
464 -81.1472971 0.04448419002
465 -81.19424534 0.04436662026
466 -81.23693507 0.04425991986
467 -81.27559436 0.04416345228
468 -81.31044002 0.04407662015
469 -81.34167794 0.04399886289
470 -81.36950354 0.04392965445
471 -81.39410217 0.04386850114
472 -81.41564948 0.04381493965
473 -81.43431186 0.04376853518
474 -81.45024687 0.04372887962
475 -81.46360358 0.04369558992
476 -81.474523 0.04366830651
477 -81.48313847 0.04364669184
478 -81.489576 0.04363042898
479 -81.49395467 0.04361922036
480 -81.49638694 0.04361278658
481 -81.49697898 0.04361086532
482 -81.4958305 0.04361321117
483 -81.49303131 0.04361960237
484 -81.48862675 0.04362990971
485 -81.48230353 0.04364472765
486 -81.47054885 0.04367108583
487 -81.42100151 0.04377411719
488 -81.04112561 0.0445492185
489 -77.69941367 0.05186582283
490 -48.41103829 0.1705330176
491 35.25333087 0.9941524944
492 38.57995017 0.9999413173
493 37.45818472 0.9999307496
494 35.238911 0.9998969578
495 32.17102876 0.9998198276
496 28.56750863 0.999651441
497 24.74516491 0.9992993852
498 20.9361419 0.9986041271
499 17.28389809 0.9973231397
500 13.87063083 0.9951400915
501 10.74150582 0.9917167379
502 7.918299003 0.9867854088
503 5.405707146 0.9802465526
504 3.19476364 0.9722185256
505 1.266003014 0.9630106187
506 -0.4069422205 0.9530378652
507 -1.853742636 0.9427243864
508 -3.104393074 0.9324333864
509 -4.187174578 0.9224355857
510 -5.12753058 0.9129080397
511 -5.9476414 0.9039492772
512 -6.666445996 0.8955994258
513 -7.299905506 0.8878589642
514 -7.861368988 0.8807036321
515 -8.361958486 0.8740952196
516 -8.81093026 0.8679888721
517 -9.215993598 0.8623377724
518 -9.58358237 0.8570959784
519 -9.919081447 0.8522200256
520 -10.22701308 0.8476697318
521 -10.51118922 0.843408505
522 -10.77483559 0.839403353
523 -11.02069253 0.8356247253
524 -11.25109723 0.8320462657
525 -11.46805068 0.8286445293
526 -11.67327249 0.8253986905
527 -11.86824582 0.8222902609
528 -12.05425446 0.8193028262
529 -12.23241342 0.8164218054
530 -12.40369431 0.8136342343
531 -12.56894653 0.810928572
532 -12.72891497 0.8082945296
533 -12.88425488 0.8057229198
534 -13.03554441 0.8032055234
535 -13.1832952 0.8007349729
536 -13.32796138 0.7983046503
537 -13.46994728 0.7959085969
538 -13.60961395 0.793541435
539 -13.7472848 0.7911982982
540 -13.88325045 0.7888747711
541 -14.01777289 0.7865668354
542 -14.15108914 0.7842708229
543 -14.28341433 0.7819833739
544 -14.41494448 0.7797014006
545 -14.54585887 0.7774220543
546 -14.67632216 0.7751426964
547 -14.80648618 0.7728608733
548 -14.9364916 0.7705742927
549 -15.06646931 0.768280804
550 -15.19654175 0.7659783791
551 -15.32682397 0.7636650968
552 -15.45742471 0.7613391271
553 -15.58844724 0.7589987186
554 -15.71999021 0.7566421856
555 -15.85214838 0.7542678974
556 -15.98501326 0.7518742683
557 -16.11867378 0.7494597476
558 -16.25321676 0.7470228115
559 -16.38872751 0.7445619548
560 -16.52529025 0.7420756836
561 -16.66298859 0.739562508
562 -16.80190594 0.7370209353
563 -16.94212591 0.7344494642
564 -17.08373269 0.7318465778
565 -17.22681143 0.7292107385
566 -17.37144857 0.7265403816
567 -17.51773222 0.7238339104
568 -17.6657525 0.7210896897
569 -17.81560185 0.7183060412
570 -17.96737541 0.7154812377
571 -18.12117134 0.7126134975
572 -18.27709119 0.7097009792
573 -18.43524023 0.7067417758
574 -18.5957278 0.7037339096
575 -18.75866773 0.7006753262
576 -18.92417869 0.6975638888
577 -19.09238458 0.6943973723
578 -19.26341495 0.6911734577
579 -19.43740543 0.6878897255
580 -19.61449815 0.68454365
581 -19.79484225 0.6811325929
582 -19.97859427 0.6776537973
583 -20.16591875 0.674104381
584 -20.35698865 0.6704813307
585 -20.55198597 0.6667814954
586 -20.75110224 0.6630015808
587 -20.9545391 0.6591381431
588 -21.16250894 0.6551875838
589 -21.37523542 0.6511461444
590 -21.59295415 0.6470099024
591 -21.81591326 0.642774767
592 -22.04437403 0.638436477
593 -22.27861151 0.6339905991
594 -22.51891509 0.629432528
595 -22.76558907 0.6247574886
596 -23.01895317 0.6199605397
597 -23.27934303 0.6150365812
598 -23.54711057 0.6099803643
599 -23.82262426 0.6047865048
600 -24.10626932 0.5994495015
601 -24.39844771 0.5939637595
602 -24.69957793 0.5883236187
603 -25.01009464 0.5825233894
604 -25.33044792 0.5765573953
605 -25.6611023 0.5704200239
606 -26.00253535 0.564105787
607 -26.35523584 0.5576093899
608 -26.71970146 0.5509258114
609 -27.09643589 0.544050395
610 -27.4859454 0.5369789508
611 -27.88873462 0.5297078686
612 -28.30530177 0.5222342415
613 -28.73613298 0.5145559998
614 -29.18169598 0.5066720521
615 -29.64243294 0.4985824335
616 -30.11875267 0.490288455
617 -30.6110221 0.4817928534
618 -31.1195573 0.4730999347
619 -31.644614 0.4642157061
620 -32.18637811 0.4551479911
621 -32.74495617 0.4459065202
622 -33.32036629 0.4365029902
623 -33.91252978 0.4269510867
624 -34.52126389 0.4172664624
625 -35.14627608 0.4074666669
626 -35.78716009 0.3975710245
627 -36.44339425 0.3876004589
628 -37.11434225 0.3775772663
629 -37.79925664 0.3675248397
630 -38.49728506 0.3574673532
631 -39.20747923 0.3474294125
632 -39.92880652 0.3374356861
633 -40.66016388 0.3275105276
634 -41.40039357 0.3176776039
635 -42.14830037 0.3079595427
636 -42.90266954 0.2983776104
637 -43.66228506 0.2889514342
638 -44.42594742 0.2796987723
639 -45.1924905 0.2706353422
640 -45.96079692 0.261774706
641 -46.72981159 0.2531282154
642 -47.49855302 0.2447050104
643 -48.26612225 0.23651207
644 -49.03170924 0.2285543057
645 -49.79459688 0.2208346914
646 -50.55416244 0.2133544219
647 -51.30987686 0.2061130914
648 -52.06130184 0.1991088844
649 -52.80808517 0.1923387736
650 -53.5499543 0.1857987171
651 -54.28670853 0.1794838512
652 -55.01821005 0.1733886748
653 -55.74437399 0.1675072217
654 -56.46515765 0.1618332198
655 -57.18054927 0.1563602345
656 -57.89055641 0.1510817957
657 -58.59519425 0.1459915084
658 -59.29447385 0.1410831455
659 -59.98839088 0.1363507246
660 -60.67691482 0.1317885662
