0 -24.47657416 0.5925318758
1 -24.79037476 0.5866621732
2 -25.11509833 0.5806057788
3 -25.45132903 0.5743550516
4 -25.79967063 0.5679024266
5 -26.16074353 0.5612405188
6 -26.53518092 0.5543622465
7 -26.92362396 0.5472609753
8 -27.3267158 0.5399306816
9 -27.74509449 0.5323661366
10 -28.17938458 0.5245631096
11 -28.63018752 0.5165185872
12 -29.09807081 0.5082310049
13 -29.58355598 0.499700486
14 -30.08710574 0.4909290797
15 -30.60911024 0.4819209897
16 -31.14987306 0.4726827839
17 -31.70959712 0.4632235725
18 -32.28837108 0.4535551448
19 -32.88615661 0.4436920521
20 -33.50277707 0.4336516282
21 -34.13790806 0.4234539398
22 -34.79107038 0.4131216604
23 -35.46162585 0.4026798651
24 -36.14877665 0.392155744
25 -36.85156856 0.3815782387
26 -37.56889862 0.3709776046
27 -38.29952734 0.3603849136
28 -39.04209535 0.3498315118
29 -39.79514422 0.3393484537
30 -40.55714042 0.3289659383
31 -41.32650169 0.3187127728
32 -42.10162447 0.3086158879
33 -42.88091113 0.2986999259
34 -43.66279597 0.2889869157
35 -44.4457689 0.2794960447
36 -45.22839599 0.2702435276
37 -46.0093365 0.2612425694
38 -46.78735603 0.2525034116
39 -47.56133585 0.244033452
40 -48.33027848 0.2358374204
41 -49.09330998 0.2279175983
42 -49.84967919 0.2202740667
43 -50.59875448 0.2129049692
44 -51.34001844 0.2058067804
45 -52.07306096 0.1989745691
46 -52.79757109 0.1924022506
47 -53.51332807 0.186082823
48 -54.22019182 0.1800085833
49 -54.91809316 0.1741713228
50 -55.60702392 0.1685624999
51 -56.28702717 0.1631733917
52 -56.95818766 0.1579952244
53 -57.62062247 0.1530192836
54 -58.27447219 0.1482370069
55 -58.91989235 0.143640059
56 -59.55704548 0.1392203928
57 -60.18609359 0.1349702957
58 -60.8071912 0.1308824244
59 -61.42047905 0.126949829
60 -62.02607841 0.1231659667
61 -62.62408603 0.1195247082
62 -63.21456992 0.116020335
63 -63.79756587 0.1126475318
64 -64.37307482 0.1094013717
65 -64.9410611 0.1062772976
66 -65.50145156 0.1032710985
67 -66.0541356 0.1003788839
68 -66.59896619 0.09759705407
69 -67.13576163 0.09492227006
70 -67.66430831 0.09235142204
71 -68.18436409 0.08988159771
72 -68.69566245 0.08751005138
73 -69.19791723 0.08523417415
74 -69.69082769 0.08305146605
75 -70.17408402 0.08095951047
76 -70.64737294 0.07895595133
77 -71.11038334 0.07703847331
78 -71.5628118 0.07520478521
79 -72.00436782 0.07345260664
80 -72.4347788 0.07177965783
81 -72.8537944 0.0701836526
82 -73.26119048 0.06866229407
83 -73.65677233 0.06721327297
84 -74.04037736 0.0658342682
85 -74.41187706 0.06452294926
86 -74.77117832 0.06327698012
87 -75.11822414 0.06209402441
88 -75.45299372 0.06097175124
89 -75.77550204 0.05990784171
90 -76.08579886 0.05889999554
91 -76.38396744 0.05794593777
92 -76.67012274 0.05704342521
93 -76.94440943 0.05619025261
94 -77.20699966 0.0553842583
95 -77.45809064 0.05462332926
96 -77.69790209 0.05390540563
97 -77.92667372 0.05322848453
98 -78.14466263 0.05259062323
99 -78.35214076 0.05198994173
100 -78.54939247 0.05142462462
101 -78.73671209 0.05089292249
102 -78.91440173 0.05039315268
103 -79.08276915 0.04992369964
104 -79.2421258 0.04948301476
105 -79.39278498 0.04906961589
106 -79.53506027 0.04868208649
107 -79.66926396 0.04831907444
108 -79.79570579 0.0479792907
109 -79.91469175 0.04766150771
110 -80.02652306 0.0473645576
111 -80.13149531 0.04708733035
112 -80.22989771 0.04682877179
113 -80.32201242 0.04658788155
114 -80.40811412 0.04636371098
115 -80.48846955 0.04615536104
116 -80.56333722 0.04596198017
117 -80.63296714 0.0457827622
118 -80.69760077 0.04561694429
119 -80.75747083 0.04546380487
120 -80.81280133 0.04532266165
121 -80.86380762 0.0451928697
122 -80.91069642 0.04507381955
123 -80.95366594 0.04496493541
124 -80.99290605 0.04486567337
125 -81.02859844 0.04477551977
126 -81.06091681 0.04469398957
127 -81.09002706 0.04462062478
128 -81.11608757 0.04455499305
129 -81.1392494 0.04449668622
130 -81.15965651 0.044445319
131 -81.17744606 0.04440052768
132 -81.19274865 0.04436196899
133 -81.20568852 0.04432931888
134 -81.21638387 0.04430227148
135 -81.22494708 0.04428053807
136 -81.23148493 0.0442638461
137 -81.23609888 0.0442519383
138 -81.23888528 0.04424457178
139 -81.23993563 0.04424151724
140 -81.23933673 0.04424255819
141 -81.237171 0.04424749022
142 -81.23351658 0.04425612033
143 -81.22844762 0.04426826625
144 -81.22203442 0.04428375587
145 -81.21434363 0.04430242664
146 -81.20543844 0.04432412505
147 -81.19537873 0.0443487061
148 -81.18422125 0.04437603282
149 -81.17201978 0.04440597585
150 -81.15882526 0.04443841299
151 -81.14468593 0.04447322878
152 -81.12964751 0.04451031417
153 -81.11375328 0.04454956614
154 -81.09704423 0.04459088735
155 -81.07955915 0.04463418586
156 -81.0613348 0.0446793748
157 -81.04240595 0.04472637211
158 -81.0228055 0.04477510029
159 -81.00256462 0.04482548612
160 -80.98171277 0.04487746044
161 -80.96027784 0.04493095795
162 -80.93828622 0.04498591697
163 -80.91576285 0.04504227928
164 -80.89273133 0.0450999899
165 -80.86921398 0.04515899694
166 -80.84523188 0.04521925144
167 -80.82080497 0.0452807072
168 -80.79595209 0.04534332066
169 -80.77069104 0.04540705073
170 -80.74503862 0.04547185868
171 -80.7190107 0.04553770803
172 -80.69262226 0.04560456441
173 -80.66588745 0.04567239548
174 -80.63881958 0.04574117081
175 -80.61143123 0.04581086179
176 -80.58373424 0.04588144154
177 -80.55573978 0.04595288482
178 -80.52745833 0.04602516795
179 -80.49889979 0.04609826876
180 -80.47007344 0.04617216647
181 -80.440988 0.04624684169
182 -80.41165167 0.04632227627
183 -80.38207211 0.04639845334
184 -80.35225653 0.04647535717
185 -80.32221166 0.04655297316
186 -80.29194376 0.0466312878
187 -80.26145871 0.0467102886
188 -80.23076195 0.04678996409
189 -80.19985854 0.04687030376
190 -80.16875313 0.04695129802
191 -80.13745003 0.04703293827
192 -80.10595315 0.04711521679
193 -80.07426603 0.0471981268
194 -80.04239186 0.04728166247
195 -80.01033341 0.04736581894
196 -79.97809302 0.04745059249
197 -79.94567192 0.04753598193
198 -79.91306406 0.04762200197
199 -79.88019794 0.04770880928
200 -79.84638507 0.04779789922
201 -79.8050982 0.04790345757
202 -79.69451613 0.04816031528
203 -78.92938089 0.04987203937
204 -71.99925711 0.06774203496
205 -11.98918833 0.5046566252
206 38.00565043 0.9996942754
207 38.45745629 0.9999415046
208 37.07715996 0.9999258414
209 34.80176511 0.9998881125
210 31.86527021 0.9998084375
211 28.55650664 0.9996480963
212 25.12601046 0.9993401951
213 21.74190671 0.9987797209
214 18.5030908 0.9978183011
215 15.4650267 0.9962708441
216 12.65852886 0.9939404631
217 10.09963025 0.9906610985
218 7.79382548 0.9863455887
219 5.737901732 0.9810188501
220 3.921298324 0.9748200556
221 2.327760414 0.9679731299
222 0.9372931767 0.9607399683
223 -0.2718925486 0.9533751502
224 -1.321743822 0.9460946814
225 -2.233189329 0.9390617828
226 -3.025425321 0.9323861896
227 -3.715578603 0.926131321
228 -4.318634968 0.9203244874
229 -4.847531789 0.9149670719
230 -5.313337984 0.9100432065
231 -5.725469664 0.9055265025
232 -6.09191002 0.9013849393
233 -6.419416186 0.8975842334
234 -6.713705047 0.8940900465
235 -6.9796154 0.8908693549
236 -7.221246924 0.887891234
237 -7.442077889 0.8851272501
238 -7.645064153 0.8825515959
239 -7.83272205 0.8801410648
240 -8.007197671 0.8778749311
241 -8.170324714 0.8757347767
242 -8.323672813 0.873704294
243 -8.468587965 0.8717690831
244 -8.606226391 0.8699164526
245 -8.73758296 0.8681352322
246 -8.863515082 0.8664155992
247 -8.984762863 0.8647489201
248 -9.101966113 0.863127609
249 -9.215678756 0.8615449996
250 -9.326381048 0.8599952334
251 -9.434489961 0.8584731591
252 -9.540368037 0.856974245
253 -9.644330932 0.8554945016
254 -9.746653873 0.854030414
255 -9.847577182 0.852578882
256 -9.94731102 0.8511371682
257 -10.04603946 0.8497028526
258 -10.14392397 0.8482737926
259 -10.24110647 0.8468480881
260 -10.33771189 0.845424051
261 -10.43385045 0.8440001785
262 -10.52961958 0.8425751302
263 -10.62510564 0.8411477068
264 -10.7203853 0.8397168331
265 -10.81552691 0.8382815418
266 -10.91059151 0.8368409601
267 -11.00563384 0.8353942972
268 -11.10070313 0.8339408343
269 -11.19584386 0.8324799148
270 -11.29109637 0.8310109364
271 -11.38649744 0.829533344
272 -11.48208072 0.8280466231
273 -11.57787722 0.8265502941
274 -11.67391563 0.825043908
275 -11.77022266 0.8235270413
276 -11.86682334 0.8219992923
277 -11.96374127 0.8204602779
278 -12.06099882 0.8189096304
279 -12.15861736 0.8173469944
280 -12.25661742 0.8157720248
281 -12.35501885 0.8141843846
282 -12.45384095 0.8125837422
283 -12.55310261 0.8109697704
284 -12.65282242 0.8093421443
285 -12.75301877 0.8077005399
286 -12.85370994 0.8060446326
287 -12.9549142 0.804374096
288 -13.05664987 0.8026886008
289 -13.15893539 0.8009878131
290 -13.26178943 0.7992713942
291 -13.36523089 0.7975389988
292 -13.46927902 0.7957902743
293 -13.57395344 0.7940248599
294 -13.67927422 0.7922423857
295 -13.7852619 0.7904424713
296 -13.89193759 0.7886247255
297 -13.999323 0.7867887451
298 -14.10744049 0.7849341139
299 -14.21631312 0.7830604018
300 -14.32596472 0.781167164
301 -14.43641994 0.7792539399
302 -14.54770428 0.7773202519
303 -14.6598442 0.7753656048
304 -14.77286713 0.7733894843
305 -14.88680155 0.7713913562
306 -15.00167708 0.769370665
307 -15.11752449 0.7673268327
308 -15.23437582 0.7652592577
309 -15.35226445 0.7631673133
310 -15.47122515 0.7610503463
311 -15.5912942 0.7589076755
312 -15.71250944 0.7567385902
313 -15.83491039 0.7545423482
314 -15.95853835 0.7523181746
315 -16.08343648 0.7500652594
316 -16.20964995 0.7477827558
317 -16.337226 0.7454697779
318 -16.46621416 0.7431253986
319 -16.59666628 0.7407486471
320 -16.72863676 0.7383385064
321 -16.86218267 0.7358939106
322 -16.99736389 0.7334137418
323 -17.13424336 0.7308968275
324 -17.27288719 0.7283419368
325 -17.41336494 0.7257477771
326 -17.55574977 0.7231129906
327 -17.70011873 0.7204361498
328 -17.846553 0.7177157538
329 -17.99513814 0.7149502232
330 -18.14596439 0.7121378958
331 -18.29912703 0.7092770212
332 -18.45472665 0.7063657553
333 -18.61286956 0.7034021543
334 -18.77366815 0.7003841691
335 -18.93724136 0.6973096377
336 -19.10371506 0.6941762791
337 -19.27322259 0.6909816854
338 -19.44590527 0.6877233141
339 -19.62191293 0.6843984796
340 -19.80140453 0.6810043448
341 -19.98454881 0.6775379117
342 -20.17152492 0.6739960121
343 -20.3625232 0.6703752973
344 -20.55774592 0.6666722284
345 -20.75740811 0.6628830655
346 -20.96173838 0.6590038574
347 -21.17097989 0.6550304306
348 -21.38539121 0.6509583795
349 -21.60524737 0.6467830558
350 -21.83084081 0.6424995597
351 -22.06248243 0.6381027311
352 -22.30050259 0.6335871432
353 -22.54525215 0.6289470972
354 -22.79710342 0.6241766203
355 -23.05645111 0.6192694665
356 -23.32371311 0.614219122
357 -23.59933118 0.6090188156
358 -23.8837715 0.6036615353
359 -24.17752485 0.5981400531
360 -24.4811066 0.5924469586
361 -24.79505624 0.5865747034
362 -25.11993648 0.5805156578
363 -25.45633174 0.5742621822
364 -25.804846 0.567806714
365 -26.16609981 0.5611418725
366 -26.54072648 0.554260582
367 -26.92936718 0.5471562161
368 -27.33266502 0.5398227614
369 -27.75125788 0.5322550023
370 -28.18577003 0.5244487237
371 -28.63680251 0.5164009309
372 -29.10492224 0.5081100813
373 -29.59065004 0.4995763231
374 -30.0944477 0.4908017332
375 -30.61670431 0.4817905458
376 -31.15772216 0.4725493619
377 -31.71770277 0.4630873266
378 -32.29673319 0.4534162651
379 -32.89477337 0.4435507649
380 -33.5116448 0.4335081957
381 -34.14702116 0.4233086581
382 -34.80042128 0.4129748568
383 -35.47120501 0.4025318944
384 -36.15857262 0.3920069837
385 -36.86156806 0.3814290832
386 -37.57908672 0.3708284592
387 -38.3098876 0.3602361874
388 -39.05261011 0.3496836111
389 -39.8057948 0.339201775
390 -40.56790743 0.3288208621
391 -41.33736532 0.3185696577
392 -42.11256477 0.3084750657
393 -42.89190832 0.2985616972
394 -43.67383068 0.2888515472
395 -44.45682242 0.2793637674
396 -45.23945049 0.2701145357
397 -46.02037521 0.2611170201
398 -46.79836336 0.2523814267
399 -47.57229752 0.2439151188
400 -48.34118157 0.2357227945
401 -49.10414297 0.227806706
402 -49.86043196 0.2201669078
403 -50.60941828 0.2128015204
404 -51.35058583 0.205706998
405 -52.08352577 0.1988783925
406 -52.8079283 0.192309605
407 -53.52357374 0.1859936223
408 -54.23032297 0.1799227325
409 -54.92810767 0.1740887203
410 -55.61692041 0.1684830399
411 -56.29680489 0.1630969659
412 -56.96784635 0.1579217234
413 -57.63016227 0.1529485986
414 -58.28389353 0.1481690304
415 -58.92919583 0.1435746863
416 -59.56623179 0.1391575224
417 -60.19516338 0.13490983
418 -60.81614503 0.1308242702
419 -61.42931729 0.1268938977
420 -62.03480118 0.1231121747
421 -62.63269312 0.1194729765
422 -63.22306076 0.1159705898
423 -63.80593951 0.1125997039
424 -64.38132985 0.1093553966
425 -64.94919568 0.1062331148
426 -65.5094634 0.1032286519
427 -66.06202199 0.1003381208
428 -66.606724 0.09755792511
429 -67.14338738 0.09488472874
430 -67.67179817 0.09231542432
431 -68.19171397 0.08984710164
432 -68.70286807 0.08747701668
433 -69.20497417 0.08520256188
434 -69.69773147 0.08302123826
435 -70.18083019 0.08093062992
436 -70.65395715 0.07892838122
437 -71.1168014 0.0770121771
438 -71.56905977 0.07517972643
439 -72.01044209 0.07342874878
440 -72.44067612 0.07175696428
441 -72.85951195 0.07016208657
442 -73.26672589 0.06864181862
443 -73.66212376 0.06719385104
444 -74.04554349 0.06581586264
445 -74.41685709 0.06450552291
446 -74.77597202 0.06326049592
447 -75.12283182 0.06207844545
448 -75.45741623 0.0609570409
449 -75.77974072 0.05989396377
450 -76.08985557 0.05888691425
451 -76.38784447 0.05793361796
452 -76.67382284 0.05703183242
453 -76.94793574 0.05617935314
454 -77.21035567 0.05537401926
455 -77.46128015 0.05461371869
456 -77.70092919 0.05389639251
457 -77.92954272 0.05322003885
458 -78.14737805 0.05258271603
459 -78.35470729 0.05198254509
460 -78.55181489 0.05141771171
461 -78.7389953 0.05088646755
462 -78.91655069 0.05038713104
463 -79.08478883 0.04991808771
464 -79.24402117 0.04947779001
465 -79.39456101 0.04906475685
466 -79.53672187 0.04867757269
467 -79.67081599 0.04831488644
468 -79.79715301 0.04797541002
469 -79.91603884 0.0476579168
470 -80.02777459 0.04736123983
471 -80.13265574 0.04708426998
472 -80.23097135 0.0468259539
473 -80.32300348 0.04658529205
474 -80.40902666 0.04636133654
475 -80.48930749 0.04615318907
476 -80.56410432 0.04595999879
477 -80.63366704 0.04578096022
478 -80.69823694 0.04561531113
479 -80.75804662 0.04546233056
480 -80.81331994 0.04532133682
481 -80.8642721 0.0451916855
482 -80.91110968 0.04507276767
483 -80.95403077 0.04496400802
484 -80.99322509 0.04486486311
485 -81.02887422 0.0447748197
486 -81.06115172 0.04469339318
487 -81.09022338 0.04462012595
488 -81.11624746 0.04455458602
489 -81.1393749 0.04449636558
490 -81.15974957 0.04444507967
491 -81.17750852 0.04440036489
492 -81.19278223 0.04436187825
493 -81.20569488 0.04432929598
494 -81.21636456 0.04430231246
495 -81.22490357 0.04428063922
496 -81.2314186 0.04426400394
497 -81.23601105 0.04425214956
498 -81.23877719 0.04424483338
499 -81.23980843 0.04424182631
500 -81.23919152 0.04424291201
501 -81.23700882 0.04424788627
502 -81.2333384 0.04425655621
503 -81.22825436 0.04426873973
504 -81.22182695 0.04428426486
505 -81.21412276 0.04430296917
506 -81.20520493 0.04432469928
507 -81.19513331 0.04434931029
508 -81.1839646 0.04437666536
509 -81.17175252 0.04440663521
510 -81.158548 0.04443909774
511 -81.14439924 0.04447393759
512 -81.12935191 0.04451104579
513 -81.11344927 0.04455031938
514 -81.09673227 0.04459166112
515 -81.07923969 0.04463497911
516 -81.06100824 0.04468018657
517 -81.04207268 0.04472720151
518 -81.02246589 0.04477594645
519 -81.002219 0.04482634825
520 -80.98136146 0.0448783378
521 -80.95992115 0.04493184984
522 -80.93792442 0.04498682275
523 -80.91539621 0.04504319832
524 -80.8923601 0.04510092164
525 -80.86883838 0.04515994084
526 -80.84485213 0.04522020701
527 -80.82042128 0.04528167397
528 -80.79556464 0.0453442982
529 -80.77030001 0.04540803863
530 -80.74464417 0.04547285656
531 -80.718613 0.04553871554
532 -80.69222145 0.04560558123
533 -80.66548365 0.0456734213
534 -80.63841293 0.04574220535
535 -80.61102184 0.04581190479
536 -80.58332223 0.04588249275
537 -80.55532524 0.04595394402
538 -80.52704136 0.04602623494
539 -80.49848047 0.04609934334
540 -80.46965186 0.04617324847
