0 -19.01941164 0.6957591732
1 -19.1860329 0.6926206422
2 -19.35562463 0.6894221574
3 -19.52831813 0.6861613725
4 -19.70425192 0.6828358231
5 -19.88357215 0.6794429215
6 -20.06643307 0.6759799508
7 -20.25299749 0.6724440586
8 -20.44343731 0.6688322518
9 -20.63793401 0.6651413901
10 -20.83667921 0.6613681806
11 -21.03987523 0.6575091724
12 -21.24773567 0.653560751
13 -21.46048599 0.6495191338
14 -21.67836414 0.6453803662
15 -21.90162113 0.6411403182
16 -22.13052169 0.6367946821
17 -22.36534479 0.632338972
18 -22.60638429 0.6277685244
19 -22.85394943 0.6230785011
20 -23.10836533 0.6182638947
21 -23.36997341 0.6133195367
22 -23.63913174 0.6082401091
23 -23.91621525 0.6030201605
24 -24.20161577 0.5976541266
25 -24.495742 0.5921363559
26 -24.79901911 0.5864611424
27 -25.1118882 0.5806227648
28 -25.43480541 0.5746155339
29 -25.76824064 0.5684338485
30 -26.11267591 0.5620722613
31 -26.46860321 0.5555255551
32 -26.8365218 0.5487888295
33 -27.21693492 0.5418575996
34 -27.61034587 0.5347279057
35 -28.01725335 0.527396434
36 -28.43814611 0.5198606488
37 -28.87349671 0.5121189322
38 -29.32375469 0.5041707324
39 -29.78933886 0.496016715
40 -30.27062897 0.487658916
41 -30.76795682 0.4791008899
42 -31.28159693 0.4703478492
43 -31.81175697 0.4614067884
44 -32.35856822 0.4522865856
45 -32.92207641 0.4429980756
46 -33.5022331 0.433554087
47 -34.09888821 0.4239694367
48 -34.71178381 0.4142608776
49 -35.34054983 0.4044469937
50 -35.98470176 0.3945480434
51 -36.64364085 0.3845857486
52 -37.3166569 0.374583035
53 -38.00293375 0.364563729
54 -38.70155753 0.3545522192
55 -39.41152749 0.3445730935
56 -40.13176915 0.3346507652
57 -40.86114943 0.3248090997
58 -41.59849318 0.315071057
59 -42.34260073 0.3054583617
60 -43.09226574 0.2959912112
61 -43.84629281 0.2866880323
62 -44.60351426 0.2775652907
63 -45.36280571 0.2686373583
64 -46.12309981 0.2599164377
65 -46.88339804 0.2514125415
66 -47.64278018 0.2431335239
67 -48.40041148 0.2350851561
68 -49.15554737 0.2272712405
69 -49.90753587 0.2196937549
70 -50.65581774 0.2123530192
71 -51.39992465 0.2052478775
72 -52.13947542 0.1983758881
73 -52.87417064 0.1917335163
74 -53.60378591 0.1853163245
75 -54.32816376 0.1791191559
76 -55.04720468 0.1731363075
77 -55.76085729 0.1673616919
78 -56.46910785 0.1617889842
79 -57.17196944 0.1564117548
80 -57.86947082 0.1512235858
81 -58.56164523 0.1462181709
82 -59.24851941 0.1413894003
83 -59.93010291 0.1367314281
84 -60.60637805 0.1322387245
85 -61.27729062 0.1279061124
86 -61.94274178 0.1237287891
87 -62.60258113 0.1197023335
88 -63.25660141 0.1158227002
89 -63.90453491 0.1120862021
90 -64.54605171 0.108489482
91 -65.18076007 0.1050294754
92 -65.80820865 0.1017033671
93 -66.42789089 0.0985085423
94 -67.0392512 0.09544253595
95 -67.64169283 0.09250298142
96 -68.2345872 0.08968756104
97 -68.81728432 0.08699396034
98 -69.38912391 0.08441982752
99 -69.94944696 0.08196273931
100 -70.49760719 0.07962017419
101 -71.03298214 0.07738949312
102 -71.55498351 0.07526792801
103 -72.06306653 0.07325257742
104 -72.55673804 0.07134040885
105 -73.03556318 0.06952826688
106 -73.49917061 0.06781288598
107 -73.94725621 0.06619090708
108 -74.37958525 0.06465889669
109 -74.79599315 0.06321336767
110 -75.19638497 0.06185080069
111 -75.58073366 0.06056766557
112 -75.94907739 0.05936044189
113 -76.30151599 0.0582256383
114 -76.63820672 0.05715981023
115 -76.9593596 0.05615957565
116 -77.26523236 0.05522162889
117 -77.55612522 0.05434275228
118 -77.83237556 0.05351982578
119 -78.09435269 0.05274983467
120 -78.34245273 0.05202987534
121 -78.57709366 0.05135715944
122 -78.79871072 0.05072901644
123 -79.00775202 0.05014289494
124 -79.20467456 0.04959636271
125 -79.38994056 0.0490871058
126 -79.56401419 0.04861292679
127 -79.72735859 0.04817174232
128 -79.88043331 0.04776158013
129 -80.02369205 0.04738057559
130 -80.15758074 0.04702696793
131 -80.28253588 0.04669909628
132 -80.39898319 0.04639539545
133 -80.50733653 0.04611439173
134 -80.60799697 0.04585469857
135 -80.70135218 0.04561501229
136 -80.78777592 0.04539410791
137 -80.86762772 0.04519083499
138 -80.9412527 0.04500411354
139 -81.00898154 0.0448329302
140 -81.07113051 0.0446763344
141 -81.12800163 0.04453343476
142 -81.17988289 0.04440339562
143 -81.22704854 0.04428543373
144 -81.2697594 0.04417881507
145 -81.30826328 0.0440828519
146 -81.34279536 0.04399689989
147 -81.37357863 0.04392035542
148 -81.40082434 0.0438526531
149 -81.42473247 0.04379326329
150 -81.44549218 0.04374168994
151 -81.4632823 0.0436974684
152 -81.47827176 0.04366016344
153 -81.49062008 0.04362936739
154 -81.50047782 0.04360469838
155 -81.507987 0.04358579867
156 -81.51328154 0.04357233311
157 -81.51648769 0.04356398773
158 -81.51772441 0.04356046831
159 -81.51710375 0.04356149917
160 -81.51473125 0.04356682196
161 -81.51070629 0.04357619455
162 -81.5051224 0.04358938997
163 -81.49806763 0.04360619547
164 -81.48962481 0.0436264116
165 -81.47987191 0.04364985135
166 -81.46888224 0.04367633935
167 -81.45672479 0.04370571115
168 -81.44346442 0.04373781253
169 -81.42916214 0.04377249881
170 -81.41387534 0.04380963429
171 -81.39765795 0.04384909165
172 -81.3805607 0.04389075145
173 -81.36263128 0.04393450162
174 -81.34391452 0.04398023699
175 -81.32445257 0.04402785888
176 -81.30428505 0.04407727469
177 -81.2834492 0.04412839751
178 -81.26198004 0.04418114578
179 -81.23991045 0.04423544296
180 -81.21727136 0.04429121722
181 -81.19409183 0.04434840115
182 -81.17039916 0.04440693151
183 -81.14621901 0.04446674893
184 -81.12157548 0.04452779774
185 -81.09649122 0.0445900257
186 -81.0709875 0.04465338382
187 -81.04508428 0.04471782616
188 -81.01880033 0.04478330965
189 -80.99215325 0.04484979392
190 -80.96515958 0.04491724114
191 -80.9378348 0.04498561588
192 -80.91019349 0.04505488498
193 -80.88224927 0.0451250174
194 -80.85401494 0.0451959841
195 -80.82550248 0.04526775796
196 -80.79672312 0.04534031363
197 -80.76768737 0.04541362747
198 -80.73840507 0.04548767742
199 -80.7088854 0.04556244295
200 -80.67913696 0.04563790496
201 -80.64916777 0.04571404568
202 -80.6189853 0.04579084865
203 -80.58859653 0.04586829863
204 -80.55800795 0.04594638153
205 -80.52722557 0.04602508434
206 -80.496255 0.04610439511
207 -80.46510142 0.0461843029
208 -80.43376962 0.04626479768
209 -80.40226401 0.04634587033
210 -80.37058868 0.04642751261
211 -80.33874736 0.04650971708
212 -80.30674345 0.04659247708
213 -80.27458007 0.04667578672
214 -80.24226004 0.04675964082
215 -80.20978591 0.04684403488
216 -80.17715995 0.04692896507
217 -80.14438421 0.04701442821
218 -80.11146045 0.04710042172
219 -80.07839024 0.04718694361
220 -80.04517488 0.04727399252
221 -80.01181536 0.04736156791
222 -79.97831112 0.0474496726
223 -79.94464907 0.04753833661
224 -79.91069879 0.04762784373
225 -79.87521935 0.04772088355
226 -79.82644721 0.04784298845
227 -79.65294357 0.04823732436
228 -78.30041379 0.05129032731
229 -65.90357588 0.08764567822
230 23.01595747 0.8768224022
231 38.56976333 0.9999168699
232 38.19569114 0.9999390146
233 36.55819856 0.9999186158
234 34.08115389 0.9998723907
235 31.01555207 0.9997760802
236 27.64970723 0.9995843824
237 24.21408723 0.99922088
238 20.8566353 0.9985686632
239 17.66273142 0.9974674392
240 14.68008277 0.9957246336
241 11.93501648 0.99314575
242 9.440530022 0.9895804874
243 7.199648607 0.9849692614
244 5.207009863 0.9793693193
245 3.450280282 0.9729476247
246 1.911922957 0.9659445546
247 0.5711962147 0.958625426
248 -0.593950122 0.9512378992
249 -1.605348855 0.9439852653
250 -2.483566313 0.9370164021
251 -3.247300686 0.9304278283
252 -3.913129235 0.9242721869
253 -4.49549215 0.9185687474
254 -5.006817211 0.9133133258
255 -5.457715271 0.9084864823
256 -5.857200852 0.9040597491
257 -6.21291081 0.9000000826
258 -6.531306806 0.8962728871
259 -6.817855371 0.8928439686
260 -7.077184065 0.8896807216
261 -7.313214738 0.8867527901
262 -7.529276096 0.8840323763
263 -7.728198202 0.8814943229
264 -7.912391524 0.8791160559
265 -8.083912963 0.8768774446
266 -8.244520971 0.874760619
267 -8.395721612 0.8727497694
268 -8.538807087 0.8708309426
269 -8.674888024 0.8689918452
270 -8.804920583 0.8672216594
271 -8.929729269 0.8655108726
272 -9.050026166 0.8638511243
273 -9.166427193 0.8622350672
274 -9.279465874 0.860656244
275 -9.389605027 0.8591089782
276 -9.497246701 0.8575882774
277 -9.602740651 0.8560897481
278 -9.706391569 0.8546095212
279 -9.80846527 0.8531441863
280 -9.909193991 0.8516907341
281 -10.00878094 0.8502465064
282 -10.10740422 0.8488091516
283 -10.20522015 0.8473765865
284 -10.30236621 0.8459469629
285 -10.39896354 0.8445186373
286 -10.49511905 0.8430901459
287 -10.59092735 0.8416601817
288 -10.68647234 0.8402275747
289 -10.78182863 0.8387912747
290 -10.87706273 0.8373503362
291 -10.97223413 0.835903905
292 -11.06739624 0.8344512067
293 -11.16259714 0.832991536
294 -11.25788033 0.8315242484
295 -11.3532853 0.8300487517
296 -11.44884811 0.8285644992
297 -11.54460182 0.8270709838
298 -11.6405769 0.8255677322
299 -11.7368016 0.8240543001
300 -11.83330229 0.8225302683
301 -11.93010368 0.8209952387
302 -12.02722912 0.8194488307
303 -12.12470078 0.8178906787
304 -12.22253987 0.816320429
305 -12.32076679 0.8147377376
306 -12.41940129 0.813142268
307 -12.51846261 0.811533689
308 -12.6179696 0.8099116735
309 -12.71794083 0.8082758962
310 -12.81839468 0.8066260325
311 -12.91934945 0.8049617572
312 -13.02082343 0.803282743
313 -13.12283497 0.8015886592
314 -13.22540259 0.799879171
315 -13.32854498 0.7981539382
316 -13.43228113 0.7964126141
317 -13.53663035 0.7946548447
318 -13.64161234 0.7928802675
319 -13.74724723 0.7910885111
320 -13.85355567 0.7892791935
321 -13.96055883 0.7874519221
322 -14.0682785 0.7856062921
323 -14.17673712 0.7837418859
324 -14.28595783 0.7818582721
325 -14.39596452 0.7799550047
326 -14.50678189 0.7780316219
327 -14.61843552 0.7760876456
328 -14.73095188 0.7741225797
329 -14.84435844 0.7721359099
330 -14.95868371 0.7701271018
331 -15.07395726 0.7680956004
332 -15.19020987 0.7660408287
333 -15.30747352 0.7639621864
334 -15.42578149 0.761859049
335 -15.54516845 0.7597307658
336 -15.66567051 0.7575766593
337 -15.78732532 0.755396023
338 -15.91017214 0.7531881205
339 -16.03425197 0.7509521833
340 -16.15960759 0.7486874096
341 -16.28628372 0.746392962
342 -16.41432707 0.744067966
343 -16.54378652 0.7417115076
344 -16.67471321 0.7393226315
345 -16.80716063 0.7369003388
346 -16.94118486 0.7344435844
347 -17.07684461 0.7319512746
348 -17.21420144 0.7294222647
349 -17.35331992 0.7268553558
350 -17.49426779 0.724249292
351 -17.63711614 0.7216027572
352 -17.78193967 0.7189143723
353 -17.92881681 0.7161826909
354 -18.07783003 0.7134061964
355 -18.22906603 0.7105832975
356 -18.38261604 0.7077123248
357 -18.53857604 0.7047915261
358 -18.6970471 0.7018190622
359 -18.85813566 0.6987930021
360 -19.02195385 0.6957113183
361 -19.18861988 0.6925718815
362 -19.35825834 0.6893724559
363 -19.53100065 0.686110693
364 -19.70698544 0.6827841268
365 -19.88635899 0.6793901676
366 -20.06927566 0.6759260963
367 -20.25589841 0.6723890587
368 -20.44639927 0.6687760591
369 -20.64095989 0.6650839552
370 -20.83977204 0.6613094517
371 -21.04303821 0.6574490949
372 -21.25097218 0.6534992681
373 -21.46379959 0.6494561859
374 -21.6817586 0.6453158911
375 -21.90510042 0.6410742509
376 -22.13408998 0.636726955
377 -22.36900651 0.6322695146
378 -22.61014407 0.6276972635
379 -22.85781215 0.623005361
380 -23.11233612 0.618188797
381 -23.37405766 0.6132424006
382 -23.64333509 0.6081608517
383 -23.9205436 0.602938697
384 -24.20607529 0.5975703705
385 -24.50033911 0.5920502198
386 -24.80376047 0.5863725383
387 -25.11678073 0.5805316047
388 -25.43985623 0.5745217308
389 -25.77345708 0.5683373172
390 -26.11806548 0.5619729196
391 -26.47417355 0.5554233249
392 -26.84228062 0.5486836385
393 -27.22288997 0.5417493826
394 -27.61650488 0.5346166064
395 -28.02362394 0.5272820073
396 -28.44473567 0.5197430625
397 -28.88031236 0.5119981694
398 -29.33080312 0.5040467938
399 -29.79662622 0.4958896213
400 -30.27816076 0.4875287102
401 -30.77573771 0.4789676393
402 -31.28963064 0.4702116479
403 -31.8200461 0.4612677587
404 -32.36711415 0.4521448794
405 -32.9308791 0.4428538754
406 -33.51129103 0.4334076059
407 -34.10819822 0.4238209185
408 -34.72134105 0.4141105947
409 -35.35034769 0.4042952461
410 -35.99473187 0.3943951551
411 -36.65389311 0.3844320641
412 -37.3271195 0.3744289153
413 -38.01359332 0.3644095462
414 -38.71239927 0.3543983514
415 -39.42253538 0.3444199188
416 -40.14292613 0.3344986561
417 -40.87243766 0.3246584175
418 -41.60989432 0.3149221463
419 -42.35409621 0.3053115457
420 -43.10383701 0.2958467874
421 -43.85792162 0.2865462694
422 -44.61518293 0.2774264261
423 -45.37449733 0.2685015964
424 -46.13479845 0.2597839491
425 -46.89508889 0.2512834632
426 -47.65444973 0.2430079602
427 -48.41204756 0.23496318
428 -49.16713923 0.2271528958
429 -49.91907417 0.2195790586
430 -50.66729459 0.2122419642
431 -51.41133351 0.2051404353
432 -52.15081107 0.198272012
433 -52.88542907 0.1916331443
434 -53.61496418 0.1852193822
435 -54.33925991 0.1790255591
436 -55.05821757 0.173045965
437 -55.77178642 0.1672745076
438 -56.47995324 0.1617048596
439 -57.18273143 0.1563305907
440 -57.88014989 0.1511452839
441 -58.57224186 0.1461426354
442 -59.2590339 0.141316539
443 -59.94053522 0.1366611531
444 -60.61672762 0.1321709533
445 -61.28755631 0.1278407681
446 -61.95292167 0.1236658005
447 -62.61267248 0.1196416353
448 -63.26660058 0.1157642328
449 -63.91443731 0.1120299112
450 -64.55585181 0.1084353181
451 -65.1904514 0.1049773932
452 -65.81778384 0.1016533246
453 -66.4373418 0.09846050024
454 -67.04856898 0.09539645706
455 -67.65086808 0.0924588295
456 -68.24361011 0.08964530029
457 -68.82614483 0.08695355468
458 -69.39781191 0.08438124001
459 -69.95795245 0.08192593173
460 -70.50592045 0.07958510662
461 -71.04109389 0.07735612377
462 -71.5628851 0.07523621306
463 -72.07075002 0.07322247102
464 -72.56419635 0.07131186322
465 -73.04279016 0.06950123246
466 -73.50616113 0.06778731167
467 -73.95400618 0.06616674048
468 -74.38609166 0.06463608445
469 -74.80225406 0.0631918558
470 -75.20239949 0.06183053489
471 -75.58650194 0.06054859157
472 -75.95460054 0.05934250571
473 -76.30679603 0.05820878658
474 -76.64324651 0.05714399047
475 -76.96416279 0.05614473644
476 -77.26980327 0.05520772009
477 -77.56046878 0.05432972518
478 -77.83649723 0.05350763326
479 -78.09825838 0.05273843129
480 -78.34614872 0.05201921739
481 -78.58058652 0.05134720502
482 -78.80200725 0.05071972548
483 -79.01085919 0.0501342292
484 -79.20759945 0.04958828578
485 -79.39269029 0.04907958307
486 -79.56659588 0.04860592543
487 -79.72977933 0.04816523125
488 -79.88270012 0.04775552992
489 -80.02581185 0.04737495844
490 -80.15956029 0.04702175763
491 -80.2843818 0.0466942681
492 -80.40070194 0.0463909261
493 -80.50893434 0.0461102593
494 -80.6094799 0.04585088244
495 -80.70272608 0.04561149309
496 -80.7890464 0.04539086745
497 -80.86880019 0.04518785618
498 -80.94233234 0.04500138035
499 -81.00997331 0.04483042758
500 -81.07203915 0.04467404825
501 -81.12883166 0.04453135186
502 -81.18063862 0.04440150357
503 -81.22773407 0.0442837209
504 -81.27037863 0.04417727059
505 -81.30881991 0.04408146557
506 -81.34329289 0.04399566215
507 -81.3740204 0.04391925733
508 -81.40121349 0.04385168626
509 -81.42507198 0.04379241986
510 -81.44578488 0.04374096257
511 -81.46353084 0.04369685019
512 -81.47847866 0.04365964795
513 -81.49078772 0.04362894857
514 -81.50060843 0.04360437057
515 -81.5080827 0.04358555657
516 -81.51334432 0.04357217176
517 -81.51651943 0.04356390246
518 -81.51772686 0.04356045477
519 -81.51707859 0.04356155327
520 -81.51468006 0.04356693987
521 -81.51063053 0.04357637267
522 -81.50502346 0.04358962495
523 -81.49794682 0.04360648415
524 -81.48948337 0.04362675103
525 -81.47971099 0.04365023874
526 -81.46870293 0.04367677212
527 -81.45652811 0.04370618686
528 -81.44325134 0.04373832889
529 -81.42893357 0.04377305367
530 -81.41363212 0.04381022564
531 -81.39740088 0.0438497176
532 -81.38029054 0.04389141023
533 -81.36234873 0.04393519157
534 -81.34362026 0.04398095655
535 -81.32414721 0.04402860659
536 -81.30396919 0.04407804918
537 -81.28312339 0.04412919748
538 -81.26164479 0.04418197003
539 -81.23956626 0.04423629035
540 -81.21691869 0.04429208669
