0 -81.23033899 0.0442580793
1 -77.63699035 0.05272214038
2 -72.92759084 0.06755948999
3 -66.33055319 0.09385639945
4 -41.2152944 0.2342152717
5 39.79687399 0.9987867018
6 38.73155263 0.9999448183
7 37.17371826 0.9999274169
8 34.62308229 0.9998850684
9 31.21779396 0.999786134
10 27.3341018 0.9995645254
11 23.33828416 0.9990976057
12 19.4700594 0.9981873444
13 15.85372413 0.9965591104
14 12.54417815 0.9938940665
15 9.56116141 0.9899014257
16 6.906184802 0.9844119386
17 4.569100355 0.9774490293
18 2.530819271 0.9692367886
19 0.7655732331 0.9601404018
20 -0.7563986656 0.9505735263
21 -2.066097466 0.9409161631
22 -3.193509256 0.931467157
23 -4.166128349 0.9224314258
24 -5.008228221 0.9139295848
25 -5.740689007 0.9060169266
26 -6.381166798 0.8987031726
27 -6.944433861 0.8919690052
28 -7.442777094 0.8857783589
29 -7.886390459 0.8800868656
30 -8.28373014 0.8748473109
31 -8.641820989 0.8700129589
32 -8.966513544 0.8655394412
33 -9.26269594 0.861385718
34 -9.534466902 0.8575144632
35 -9.785276265 0.8538921048
36 -10.01803888 0.8504886703
37 -10.235227 0.8472775315
38 -10.43894531 0.844235105
39 -10.63099209 0.8413405431
40 -10.81290918 0.8385754336
41 -10.98602297 0.8359235202
42 -11.15147826 0.8333704464
43 -11.31026615 0.8309035255
44 -11.46324731 0.8285115358
45 -11.61117131 0.8261845396
46 -11.75469287 0.8239137234
47 -11.89438545 0.8216912587
48 -12.0307528 0.8195101786
49 -12.16423861 0.8173642715
50 -12.29523483 0.815247987
51 -12.42408869 0.8131563541
52 -12.55110868 0.8110849094
53 -12.67656972 0.8090296349
54 -12.80071762 0.8069869027
55 -12.92377281 0.8049534271
56 -13.04593372 0.8029262223
57 -13.16737958 0.8009025652
58 -13.28827288 0.7988799631
59 -13.40876161 0.7968561242
60 -13.52898105 0.7948289329
61 -13.64905547 0.7927964268
62 -13.76909957 0.7907567766
63 -13.88921974 0.7887082686
64 -14.00951519 0.7866492887
65 -14.13007896 0.7845783081
66 -14.25099878 0.7824938706
67 -14.37235789 0.7803945812
68 -14.49423571 0.7782790954
69 -14.61670852 0.7761461098
70 -14.73985002 0.7739943539
71 -14.86373182 0.7718225813
72 -14.98842399 0.769629563
73 -15.11399542 0.7674140806
74 -15.2405143 0.7651749193
75 -15.36804846 0.7629108624
76 -15.49666574 0.7606206852
77 -15.62643434 0.7583031498
78 -15.75742314 0.7559569994
79 -15.889702 0.7535809535
80 -16.02334208 0.7511737025
81 -16.15841617 0.748733903
82 -16.29499892 0.7462601722
83 -16.43316722 0.7437510837
84 -16.57300042 0.7412051617
85 -16.71458069 0.738620876
86 -16.85799332 0.7359966372
87 -17.00332701 0.7333307906
88 -17.15067424 0.7306216111
89 -17.30013159 0.7278672973
90 -17.45180007 0.7250659654
91 -17.60578556 0.7222156434
92 -17.76219913 0.7193142639
93 -17.92115748 0.7163596584
94 -18.08278338 0.7133495491
95 -18.2472061 0.7102815425
96 -18.41456194 0.7071531214
97 -18.58499466 0.7039616367
98 -18.75865609 0.7007042997
99 -18.93570667 0.6973781728
100 -19.11631605 0.693980161
101 -19.30066373 0.6905070029
102 -19.48893972 0.6869552607
103 -19.68134527 0.6833213112
104 -19.87809358 0.6796013355
105 -20.07941059 0.6757913099
106 -20.28553578 0.6718869954
107 -20.49672304 0.6678839291
108 -20.71324149 0.6637774146
109 -20.93537643 0.6595625139
110 -21.16343018 0.6552340396
111 -21.39772308 0.6507865492
112 -21.63859434 0.64621434
113 -21.88640295 0.641511447
114 -22.14152858 0.6366716428
115 -22.40437231 0.6316884414
116 -22.67535745 0.6265551059
117 -22.95493005 0.6212646607
118 -23.24355938 0.6158099105
119 -23.54173822 0.6101834656
120 -23.84998275 0.6043777762
121 -24.16883232 0.5983851757
122 -24.49884866 0.5921979352
123 -24.84061476 0.5858083315
124 -25.19473306 0.579208728
125 -25.5618231 0.5723916718
126 -25.94251837 0.5653500078
127 -26.33746235 0.5580770112
128 -26.74730347 0.5505665377
129 -27.1726892 0.5428131942
130 -27.61425886 0.5348125268
131 -28.07263532 0.5265612263
132 -28.54841541 0.5180573479
133 -29.04215918 0.5093005412
134 -29.55437797 0.5002922851
135 -30.08552156 0.4910361202
136 -30.6359644 0.4815378703
137 -31.20599152 0.4718058421
138 -31.7957842 0.4618509928
139 -32.40540616 0.4516870519
140 -33.0347906 0.4413305861
141 -33.68372892 0.4308009959
142 -34.35186156 0.4201204333
143 -35.0386718 0.4093136354
144 -35.74348293 0.3984076699
145 -36.46545943 0.3874315945
146 -37.20361234 0.3764160375
147 -37.95680908 0.3653927108
148 -38.72378757 0.3543938731
149 -39.5031743 0.3434517631
150 -40.29350584 0.3325980257
151 -41.09325301 0.3218631561
152 -41.90084681 0.311275984
153 -42.71470502 0.3008632183
154 -43.53325863 0.2906490696
155 -44.35497687 0.2806549605
156 -45.17839018 0.2708993308
157 -46.0021103 0.2613975367
158 -46.82484697 0.2521618412
159 -47.64542093 0.2432014844
160 -48.46277313 0.234522825
161 -49.27597006 0.2261295376
162 -50.08420561 0.2180228518
163 -50.88679952 0.210201821
164 -51.68319297 0.202663606
165 -52.47294166 0.1954037638
166 -53.25570675 0.1884165322
167 -54.03124415 0.1816951021
168 -54.79939254 0.1752318726
169 -55.56006036 0.1690186847
170 -56.31321226 0.163047032
171 -57.05885514 0.157308246
172 -57.79702421 0.1517936565
173 -58.52776912 0.146494727
174 -59.2511406 0.1414031658
175 -59.96717771 0.1365110139
176 -60.67589599 0.1318107115
177 -61.37727671 0.1272951431
178 -62.07125757 0.1229576644
179 -62.75772489 0.1187921112
180 -63.43650765 0.1147927928
181 -64.10737352 0.1109544721
182 -64.77002698 0.1072723332
183 -65.42410966 0.1037419404
184 -66.06920286 0.1003591891
185 -66.70483224 0.09712025288
186 -67.33047446 0.09402152788
187 -67.94556565 0.09105957711
188 -68.54951127 0.08823107721
189 -69.14169717 0.08553276928
190 -69.72150129 0.08296141536
191 -70.2883057 0.08051376184
192 -70.84150855 0.07818651046
193 -71.38053547 0.07597629729
194 -71.9048501 0.07387967948
195 -72.41396358 0.07189312952
196 -72.90744252 0.07001303617
197 -73.38491552 0.06823571103
198 -73.84607806 0.06655740004
199 -74.29069576 0.06497429833
200 -74.71860601 0.06348256779
201 -75.12971818 0.06207835595
202 -75.52401242 0.06075781559
203 -75.90153729 0.05951712401
204 -76.26240638 0.05835250153
205 -76.60679414 0.05726022869
206 -76.93493101 0.05623666169
207 -77.24709821 0.05527824602
208 -77.54362219 0.05438152805
209 -77.82486892 0.05354316457
210 -78.09123827 0.05275993038
211 -78.34315846 0.05202872396
212 -78.5810807 0.05134657144
213 -78.80547413 0.05071062896
214 -79.01682109 0.05011818362
215 -79.21561275 0.0495666532
216 -79.40234512 0.04905358489
217 -79.5775155 0.04857665303
218 -79.74161924 0.04813365623
219 -79.89514702 0.04772251385
220 -80.03858235 0.04734126205
221 -80.17239958 0.04698804949
222 -80.29706212 0.04666113278
223 -80.41302105 0.04635887183
224 -80.52071397 0.04607972502
225 -80.6205641 0.04582224449
226 -77.14923714 0.05418719293
227 -72.56951578 0.06891998442
228 -66.15221321 0.09485673675
229 -43.08134365 0.2230118374
230 39.7020818 0.9983074769
231 38.54424251 0.9999429464
232 36.76937013 0.9999220807
233 33.88335676 0.999868985
234 30.05861755 0.9997372113
235 25.72790236 0.9994211776
236 21.30556659 0.9987109353
237 17.0620526 0.9972530038
238 13.13876545 0.9945579446
239 9.598390661 0.9900959982
240 6.46067817 0.9834759745
241 3.71974881 0.9746221627
242 1.352005517 0.9638319695
243 -0.678248163 0.951674645
244 -2.41313522 0.9388064655
245 -3.895993426 0.9258112668
246 -5.167582395 0.9131208592
247 -6.263994183 0.9010066229
248 -7.215945078 0.8896087779
249 -8.048931714 0.8789753567
250 -8.783811602 0.8690964937
251 -9.437522374 0.8599296885
252 -10.0237861 0.8514165661
253 -10.55373123 0.8434931844
254 -11.03641251 0.8360959515
255 -11.47923247 0.8291647534
256 -11.88827716 0.8226443941
257 -12.26858131 0.8164850616
258 -12.62433677 0.810642258
259 -12.95905653 0.8050764584
260 -13.27570389 0.7997526505
261 -13.57679473 0.7946398405
262 -13.86447869 0.7897105704
263 -14.14060415 0.7849404703
264 -14.40677037 0.7803078538
265 -14.66436972 0.7757933592
266 -14.91462202 0.7713796336
267 -15.15860264 0.7670510583
268 -15.39726567 0.7627935088
269 -15.63146315 0.7585941463
270 -15.86196103 0.754441237
271 -16.08945268 0.7503239945
272 -16.31457017 0.7462324417
273 -16.53789399 0.7421572907
274 -16.75996128 0.738089837
275 -16.98127292 0.734021866
276 -17.20229976 0.7299455701
277 -17.42348798 0.7258534755
278 -17.64526386 0.7217383755
279 -17.86803802 0.7175932713
280 -18.0922092 0.7134113181
281 -18.31816769 0.7091857759
282 -18.5462985 0.7049099642
283 -18.77698416 0.700577221
284 -19.01060752 0.6961808643
285 -19.24755415 0.6917141562
286 -19.48821482 0.6871702706
287 -19.7329877 0.682542262
288 -19.98228054 0.677823038
289 -20.23651277 0.6730053333
290 -20.4961175 0.6680816867
291 -20.76154345 0.6630444212
292 -21.03325676 0.6578856273
293 -21.31174283 0.6525971497
294 -21.59750788 0.6471705795
295 -21.89108054 0.641597251
296 -22.19301315 0.6358682454
297 -22.50388292 0.6299744023
298 -22.82429282 0.6239063397
299 -23.15487211 0.6176544853
300 -23.4962765 0.6112091205
301 -23.84918779 0.6045604381
302 -24.21431294 0.5976986178
303 -24.59238237 0.5906139194
304 -24.98414749 0.5832967985
305 -25.39037713 0.5757380439
306 -25.81185298 0.5679289413
307 -26.24936363 0.559861462
308 -26.70369723 0.5515284797
309 -27.17563264 0.5429240123
310 -27.66592888 0.5340434891
311 -28.17531297 0.5248840375
312 -28.7044661 0.5154447859
313 -29.25400817 0.5057271724
314 -29.82448108 0.4957352507
315 -30.41633095 0.4854759786
316 -31.02988971 0.4749594755
317 -31.66535686 0.4641992296
318 -32.32278179 0.4532122397
319 -33.00204782 0.4420190718
320 -33.7028586 0.4306438158
321 -34.42472805 0.4191139298
322 -35.16697441 0.4074599652
323 -35.9287195 0.3957151699
324 -36.70889348 0.3839149793
325 -37.50624557 0.3720964064
326 -38.31936063 0.3602973561
327 -39.14668129 0.3485558898
328 -39.98653477 0.336909474
329 -40.83716359 0.3253942485
330 -41.69675857 0.3140443451
331 -42.56349304 0.3028912899
332 -43.43555656 0.2919635103
333 -44.31118676 0.2812859645
334 -45.18869834 0.2708799014
335 -46.06650783 0.2607627487
336 -46.94315382 0.2509481247
337 -47.81731197 0.2414459565
338 -48.68780486 0.2322626902
339 -49.55360671 0.2234015712
340 -50.41384339 0.2148629748
341 -51.26778817 0.2066447689
342 -52.11485371 0.1987426887
343 -52.95458101 0.1911507119
344 -53.78662588 0.18386142
345 -54.61074348 0.1768663377
346 -55.4267715 0.1701562439
347 -56.23461253 0.1637214499
348 -57.03421601 0.1575520428
349 -57.82556019 0.1516380935
350 -58.60863456 0.1459698287
351 -59.38342306 0.1405377694
352 -60.14988846 0.1353328361
353 -60.9079583 0.1303464234
354 -61.6575127 0.1255704473
355 -62.39837434 0.1209973656
356 -63.13030098 0.1166201762
357 -63.85298066 0.1124323958
358 -64.5660298 0.1084280223
359 -65.26899424 0.1046014837
360 -65.96135324 0.1009475786
361 -66.64252615 0.09746141096
362 -67.3118817 0.09413832239
363 -67.96874933 0.0909738262
364 -68.61243227 0.08796354551
365 -69.24222168 0.08510315804
366 -69.85741141 0.08238834936
367 -70.45731278 0.07981477591
368 -71.04126876 0.07737803821
369 -71.60866719 0.0750736644
370 -72.1589525 0.07289710331
371 -72.69163567 0.07084372628
372 -73.20630228 0.06890883626
373 -73.70261836 0.06708768285
374 -74.18033425 0.06537548173
375 -74.63928633 0.06376743689
376 -75.07939687 0.06225876441
377 -75.50067221 0.06084471657
378 -75.90319943 0.05952060521
379 -76.28714177 0.05828182366
380 -76.65273312 0.05712386659
381 -77.00027176 0.05604234747
382 -77.33011364 0.05503301333
383 -77.64266538 0.05409175691
384 -77.9383772 0.05321462604
385 -78.21773593 0.05239783057
386 -78.48125823 0.05163774696
387 -78.72948419 0.05093092064
388 -78.96297126 0.05027406669
389 -79.18228868 0.04966406873
390 -79.38801243 0.04909797657
391 -79.58072064 0.04857300264
392 -79.76098958 0.04808651759
393 -79.92939005 0.04763604512
394 -80.08648443 0.0472192563
395 -80.23282399 0.04683396352
396 -80.3689468 0.04647811414
397 -80.49537594 0.04614978408
398 -80.61261812 0.0458471713
399 -80.72116259 0.04556858936
400 -80.82148035 0.04531246102
401 -80.91402366 0.04507731209
402 -80.99922572 0.04486176533
403 -81.07750055 0.04466453467
404 -81.14924307 0.0444844196
405 -81.21482927 0.04432029984
406 -81.27461657 0.04417113025
407 -81.32894417 0.044035936
408 -81.37813359 0.04391380797
409 -81.42248915 0.04380389847
410 -81.46229863 0.04370541715
411 -81.49783384 0.04361762715
412 -81.5293513 0.04353984153
413 -81.55709285 0.04347141987
414 -81.58128637 0.04341176514
415 -81.6021464 0.04336032073
416 -81.61987479 0.04331656765
417 -81.63466138 0.04328002201
418 -81.64668459 0.04325023258
419 -81.65611204 0.04322677852
420 -81.66310117 0.04320926734
421 -81.66779973 0.0431973329
422 -81.67034644 0.04319063362
423 -81.67087141 0.04318885078
424 -81.66949668 0.04319168695
425 -81.66633673 0.04319886452
426 -81.66149886 0.04321012435
427 -81.65508369 0.04322522449
428 -81.64718552 0.04324393901
429 -81.63789274 0.0432660569
430 -81.62728817 0.04329138106
431 -81.61544945 0.04331972734
432 -81.60244931 0.04335092369
433 -81.58835589 0.04338480929
434 -81.57323306 0.04342123385
435 -81.55714064 0.04346005685
436 -81.54013469 0.04350114693
437 -81.52226774 0.04354438124
438 -81.50358899 0.04358964488
439 -81.48414456 0.04363683041
440 -81.46397763 0.04368583728
441 -81.44312869 0.04373657147
442 -81.42163566 0.04378894498
443 -81.39953408 0.04384287547
444 -81.37685723 0.04389828591
445 -81.35363632 0.04395510419
446 -81.32990057 0.04401326286
447 -81.30567737 0.04407269878
448 -81.28099238 0.04413335285
449 -81.25586963 0.04419516981
450 -81.23033165 0.0442580979
451 -77.6369849 0.05272215674
452 -72.92758755 0.06755950284
453 -66.3305529 0.09385640304
454 -41.21531648 0.2342151316
455 39.79687239 0.9987866975
456 38.73154896 0.9999448183
457 37.17371025 0.9999274168
458 34.62306747 0.9998850681
459 31.21777048 0.9997861331
460 27.33406903 0.9995645228
461 23.33824248 0.9990975991
462 19.47000986 0.9981873288
463 15.85366811 0.9965590775
464 12.54411719 0.9938940044
465 9.561097055 0.9899013204
466 6.906118478 0.9844117765
467 4.569033258 0.9774488003
468 2.530752298 0.9692364881
469 0.7655069667 0.9601400311
470 -0.7564639262 0.9505730902
471 -2.066161643 0.9409156687
472 -3.193572421 0.9314666115
473 -4.166190665 0.9224308359
474 -5.008289896 0.9139289557
475 -5.740750259 0.9060162624
476 -6.381227837 0.8987024764
477 -6.944494881 0.8919682792
478 -7.442838263 0.8857776048
479 -7.886451924 0.8800860845
480 -8.283792021 0.8748465036
481 -8.641883386 0.8700121262
482 -8.966576539 0.8655385836
483 -9.262759597 0.861384836
484 -9.534531271 0.8575135573
485 -9.785341385 0.8538911753
486 -10.01810478 0.8504877176
487 -10.2352937 0.847276556
488 -10.43901283 0.8442341071
489 -10.63106043 0.841339523
490 -10.81297834 0.8385743918
491 -10.98609297 0.835922457
492 -11.15154908 0.833369362
493 -11.3103378 0.8309024203
494 -11.46331978 0.82851041
495 -11.6112446 0.8261833934
496 -11.75476697 0.8239125572
497 -11.89446036 0.8216900725
498 -12.03082851 0.8195089728
499 -12.16431512 0.8173630462
500 -12.29531214 0.8152467423
501 -12.42416678 0.8131550901
502 -12.55118756 0.8110836263
503 -12.67664939 0.8090283327
504 -12.80079807 0.8069855815
505 -12.92385405 0.8049520868
506 -13.04601575 0.802924863
507 -13.16746239 0.8009011868
508 -13.28835649 0.7988785655
509 -13.40884601 0.7968547075
510 -13.52906625 0.7948274969
511 -13.64914148 0.7927949713
512 -13.7691864 0.7907553015
513 -13.8893074 0.7887067737
514 -14.00960369 0.7866477738
515 -14.1301683 0.784576773
516 -14.25108899 0.7824923151
517 -14.37244897 0.7803930049
518 -14.49432769 0.778277498
519 -14.61680142 0.776144491
520 -14.73994384 0.7739927133
521 -14.8638266 0.7718209185
522 -14.98851974 0.7696278777
523 -15.11409216 0.7674123723
524 -15.24061207 0.7651731875
525 -15.36814728 0.7629091065
526 -15.49676564 0.7606189047
527 -15.62653535 0.7583013441
528 -15.75752529 0.7559551679
529 -15.88980532 0.7535790956
530 -16.02344662 0.7511718175
531 -16.15852196 0.7487319901
532 -16.29510601 0.7462582307
533 -16.43327564 0.7437491127
534 -16.57311022 0.7412031603
535 -16.71469193 0.7386188434
536 -16.85810604 0.7359945724
537 -17.00344127 0.7333286925
538 -17.1507901 0.7306194787
539 -17.3002491 0.7278651294
540 -17.45191931 0.7250637608
541 -17.60590659 0.7222134008
542 -17.76232202 0.719311982
543 -17.92128231 0.7163573357
544 -18.08291023 0.7133471842
545 -18.24733506 0.7102791338
546 -18.41469309 0.7071506672
547 -18.58512811 0.7039591353
548 -18.75879194 0.7007017491
549 -18.93584502 0.6973755711
550 -19.11645703 0.6939775062
551 -19.30080745 0.6905042927
552 -19.48908632 0.6869524928
553 -19.68149488 0.6833184832
554 -19.87824635 0.6795984449
555 -20.07956667 0.6757883539
556 -20.28569533 0.6718839712
557 -20.49688624 0.6678808337
558 -20.71340852 0.6637742449
559 -20.93554748 0.6595592665
560 -21.16360547 0.6552307112
561 -21.39790282 0.650783136
562 -21.63877876 0.6462108383
563 -21.8865923 0.6415078528
564 -22.1417231 0.6366679521
565 -22.40457229 0.6316846499
566 -22.67556317 0.6265512091
567 -22.95514181 0.6212606541
568 -23.2437775 0.6158057895
569 -23.54196302 0.6101792255
570 -23.85021458 0.604373412
571 -24.16907155 0.5983806826
572 -24.49909566 0.5921933084
573 -24.84086991 0.5858035662
574 -25.19499676 0.5792038195
575 -25.56209575 0.5723866156
576 -25.9428004 0.5653447998
577 -26.33775416 0.5580716474
578 -26.74760548 0.5505610149
579 -27.17300182 0.5428075097
580 -27.6145825 0.5348066785
581 -28.07297037 0.526555213
582 -28.54876222 0.5180511696
583 -29.04251808 0.5092941989
584 -29.55474928 0.5002857811
585 -30.0859055 0.4910294583
586 -30.63636119 0.481531056
587 -31.20640127 0.4717988825
588 -31.79620696 0.4618438969
589 -32.4058419 0.4516798305
590 -33.03523921 0.4413232519
591 -33.68419018 0.4307935634
592 -34.35233514 0.4201129187
593 -35.03915728 0.4093060565
594 -35.74397978 0.398400046
595 -36.46596701 0.3874239458
596 -37.20412993 0.376408385
597 -37.95733586 0.3653850762
598 -38.72432265 0.3543862781
599 -39.50371671 0.3434442289
600 -40.29405459 0.3325905729
601 -41.09380707 0.3218558043
602 -41.90140512 0.3112687514
603 -42.71526655 0.3008561216
604 -43.53382235 0.2906421235
605 -44.35554181 0.2806481779
606 -45.1789554 0.2708927222
607 -46.00267494 0.2613911109
608 -46.82541023 0.2521556045
609 -47.64598211 0.2431954414
610 -48.4633316 0.2345169784
611 -49.27652529 0.2261238883
612 -50.08475714 0.2180173993
613 -50.88734699 0.2101965634
614 -51.68373609 0.2026585401
615 -52.47348022 0.1953988857
616 -53.2562406 0.1884118372
617 -54.03177321 0.1816905848
618 -54.79991678 0.1752275272
619 -55.56057979 0.1690145053
620 -56.31372691 0.1630430124
621 -57.05936509 0.1573043801
622 -57.79752952 0.1517899382
623 -58.52826988 0.1464911504
624 -59.25163688 0.1413997252
625 -59.96766957 0.1365077039
626 -60.67638345 0.1318075271
627 -61.3777598 0.1272920796
628 -62.07173625 0.1229547174
629 -62.75819909 0.1187892766
630 -63.43697726 0.1147900671
631 -64.10783837 0.1109518519
632 -64.77048686 0.1072698156
633 -65.42456432 0.1037395225
634 -66.06965199 0.1003568683
635 -66.70527549 0.09711802696
636 -67.33091146 0.0940193946
637 -67.94599598 0.09105753437
638 -68.54993449 0.08822912299
639 -69.14211284 0.0855309016
640 -69.72190894 0.08295963224
641 -70.28870488 0.08051206127
642 -70.84189881 0.07818489041
643 -71.38091638 0.07597475565
644 -71.90522127 0.07387821409
645 -72.41432464 0.07189173815
646 -72.90779313 0.07001171651
647 -73.3852554 0.06823446074
648 -73.84640698 0.06655621669
649 -74.29101351 0.06497317947
650 -74.71891246 0.06348151092
651 -75.13001324 0.06207735858
652 -75.52429604 0.06075687519
653 -75.90180948 0.05951623808
654 -76.2626672 0.05835166759
655 -76.60704367 0.05725944428
656 -76.93516939 0.05623592441
657 -77.24732562 0.05527755352
658 -77.54383881 0.05438087804
659 -77.825075 0.05354255482
660 -78.09143406 0.05275935875
661 -78.34334424 0.05202818838
662 -78.58125675 0.05134606992
663 -78.80564077 0.05071015959
664 -79.01697863 0.05011774458
665 -79.21576151 0.04956624276
666 -79.40248544 0.04905320138
667 -79.5776477 0.04857629488
668 -79.74174366 0.04813332196
669 -79.89526397 0.04772220205
670 -80.03869217 0.04734097139
671 -80.17250259 0.04698777869
672 -80.29715863 0.04666088067
673 -80.41311137 0.04635863727
674 -80.52079839 0.04607950696
675 -80.62064291 0.04582204193
