0 -39.41650625 0.3447299251
1 -40.22998477 0.3335312006
2 -41.05304487 0.3224639856
3 -41.88421734 0.3115562052
4 -42.72201849 0.3008337044
5 -43.56497598 0.2903198769
6 -44.41165327 0.2800353822
7 -45.26067187 0.2699979563
8 -46.11073081 0.2602223171
9 -46.9606226 0.2507201589
10 -47.80924546 0.241500228
11 -48.65561173 0.2325684673
12 -49.49885232 0.2239282176
13 -50.33821746 0.2155804605
14 -51.17307407 0.2075240902
15 -52.00289993 0.1997562007
16 -52.8272752 0.1922723789
17 -53.64587159 0.1850669912
18 -54.45843968 0.1781334596
19 -55.26479474 0.171464518
20 -56.0648015 0.1650524466
21 -56.85835827 0.1588892809
22 -57.64538081 0.1529669922
23 -58.42578637 0.1472776405
24 -59.19947828 0.1418134981
25 -59.96633154 0.1365671449
26 -60.72617987 0.1315315362
27 -61.47880449 0.1267000447
28 -62.22392516 0.1220664779
29 -62.96119371 0.117625074
30 -63.69019043 0.1133704791
31 -64.41042331 0.1092977077
32 -65.12133036 0.1054020926
33 -65.82228494 0.101679225
34 -66.51260375 0.09812489081
35 -67.19155733 0.09473500634
36 -67.85838256 0.09150555602
37 -68.51229664 0.08843253624
38 -69.15251208 0.08551190697
39 -69.77825186 0.08273955305
40 -70.38876452 0.08011125609
41 -70.98333831 0.07762267716
42 -71.56131414 0.07526935004
43 -72.12209689 0.07304668391
44 -72.66516479 0.07094997438
45 -73.19007669 0.06897442114
46 -73.69647726 0.06711515076
47 -74.18409991 0.06536724283
48 -74.6527679 0.063725758
49 -75.10239338 0.06218576645
50 -75.53297496 0.06074237585
51 -75.94459365 0.059390758
52 -76.33740662 0.05812617591
53 -76.71163186 0.05694402912
54 -77.06746627 0.05584005944
55 -77.40447932 0.05481183483
56 -77.71682831 0.05387029618
57 -77.95511619 0.05313075363
58 -77.72169931 0.05354360797
59 -73.84358477 0.0635300856
60 -41.95220952 0.2211086927
61 33.93849704 0.9954365476
62 37.69695428 0.9999306513
63 36.25338023 0.9999139231
64 33.42765749 0.999857228
65 29.6982937 0.9997186671
66 25.48469739 0.9993940109
67 21.14418813 0.9986724642
68 16.92033925 0.9971863918
69 12.95925039 0.9944007593
70 9.341624456 0.9896999747
71 6.105107312 0.9825857013
72 3.256251617 0.9728959232
73 0.7782246909 0.9608978144
74 -1.361754782 0.9471905936
75 -3.204860467 0.9324987221
76 -4.79424334 0.9174850842
77 -6.170685745 0.9026527733
78 -7.370333841 0.8883289093
79 -8.423962445 0.8746932982
80 -9.357142447 0.8618199867
81 -10.19083142 0.8497148872
82 -10.94209454 0.8383440407
83 -11.62480481 0.8276527194
84 -12.25025867 0.8175774313
85 -12.82768982 0.8080530129
86 -13.36468581 0.7990165444
87 -13.86752052 0.7904093049
88 -14.34141723 0.7821775639
89 -14.79075628 0.7742727132
90 -15.21923884 0.7666510441
91 -15.63001655 0.7592733522
92 -16.02579431 0.7521044749
93 -16.40891243 0.7451128193
94 -16.78141242 0.7382699136
95 -17.14509008 0.7315499931
96 -17.50153869 0.7249296297
97 -17.85218422 0.718387403
98 -18.19831429 0.7119036116
99 -18.54110224 0.7054600208
100 -18.88162705 0.699039644
101 -19.2208902 0.6926265519
102 -19.55982976 0.6862057086
103 -19.89933248 0.6797628301
104 -20.24024401 0.6732842631
105 -20.58337772 0.6667568818
106 -20.92952225 0.6601680022
107 -21.27944798 0.6535053107
108 -21.63391267 0.6467568089
109 -21.99366611 0.6399107709
110 -22.35945417 0.6329557165
111 -22.73202202 0.6258803975
112 -23.11211668 0.6186737995
113 -23.50048882 0.6113251588
114 -23.89789386 0.6038239961
115 -24.30509224 0.5961601672
116 -24.72284887 0.5883239322
117 -25.15193164 0.5803060442
118 -25.59310891 0.5720978583
119 -26.04714596 0.5636914612
120 -26.51480023 0.5550798214
121 -26.99681536 0.54625696
122 -27.49391385 0.5372181397
123 -28.0067885 0.5279600697
124 -28.53609249 0.5184811227
125 -29.08242821 0.5087815577
126 -29.64633506 0.4988637426
127 -30.22827627 0.4887323669
128 -30.82862528 0.4783946334
129 -31.44765183 0.4678604201
130 -32.08550845 0.4571423963
131 -32.74221779 0.4462560834
132 -33.41766148 0.4352198479
133 -34.1115712 0.4240548161
134 -34.82352254 0.4127847052
135 -35.55293226 0.4014355673
136 -36.29905946 0.3900354474
137 -37.06101104 0.3786139637
138 -37.83775135 0.3672018218
139 -38.62811624 0.3558302791
140 -39.43083097 0.3445305814
141 -40.24453136 0.3333333937
142 -41.0677877 0.32226825
143 -41.89913014 0.3113630442
144 -42.73707488 0.3006435825
145 -43.58014987 0.2901332137
146 -44.4269193 0.2798525475
147 -45.27600584 0.2698192674
148 -46.12610994 0.2600480375
149 -46.97602586 0.2505504983
150 -47.82465373 0.2413353443
151 -48.67100796 0.2324084694
152 -49.51422155 0.2237731691
153 -50.35354685 0.215430384
154 -51.1883528 0.2073789725
155 -52.0181191 0.199615998
156 -52.84242766 0.1921370217
157 -53.6609517 0.1849363896
158 -54.4734431 0.1780075079
159 -55.27971814 0.1713430994
160 -56.07964227 0.1649354374
161 -56.87311423 0.1587765536
162 -57.66004991 0.1528584191
163 -58.44036635 0.147173096
164 -59.21396645 0.1417128609
165 -59.98072447 0.1364702993
166 -60.74047316 0.1314383736
167 -61.4929926 0.1266104638
168 -62.23800122 0.1219803848
169 -62.97514945 0.1175423824
170 -63.70401612 0.1132911091
171 -64.42410775 0.1092215855
172 -65.134861 0.105329149
173 -65.83564797 0.1016093944
174 -66.52578428 0.09805811
175 -67.20453964 0.09467121319
176 -67.87115033 0.09144468834
177 -68.52483329 0.08837453077
178 -69.16480099 0.08545669849
179 -69.79027676 0.08268707378
180 -70.40050971 0.08006143518
181 -70.99478898 0.07757544053
182 -71.57245659 0.0752246203
183 -72.13291878 0.07300438055
184 -72.67565527 0.07091001401
185 -73.20022656 0.06893671798
186 -73.70627903 0.06707961711
187 -74.1935479 0.06533378963
188 -74.66185817 0.06369429542
189 -75.11112379 0.0621562045
190 -75.54134507 0.06071462492
191 -75.95260462 0.05936472941
192 -76.34506114 0.0581017824
193 -76.71893398 0.05692118532
194 -77.07442103 0.05581868283
195 -77.41109049 0.05479185063
196 -77.72308068 0.0538516762
197 -77.96082778 0.05311383966
198 -77.72528896 0.05353188897
199 -73.83186621 0.06355956758
200 -41.82241889 0.2220584676
201 33.97186794 0.9955052293
202 37.6975693 0.9999306812
203 36.25071869 0.9999138841
204 33.42337321 0.9998571176
205 29.69310138 0.9997184006
206 25.47920494 0.9993934049
207 21.13882463 0.998671182
208 16.91535913 0.9971839157
209 12.95478622 0.9943964568
210 9.337732589 0.989693301
211 6.101794898 0.9825764726
212 3.253492154 0.9728844833
213 0.7759698809 0.9608849651
214 -1.363564227 0.9471773412
215 -3.206285818 0.9324860127
216 -4.795341748 0.9174736479
217 -6.171507116 0.902643089
218 -7.370919937 0.8883212424
219 -8.424347288 0.874687761
220 -9.357353314 0.8618165944
221 -10.19088998 0.8497136
222 -10.94201792 0.8383447922
223 -11.62460652 0.8276554341
224 -12.24994934 0.8175820342
225 -12.82727781 0.8080594352
226 -13.36417766 0.7990247261
227 -13.86692131 0.7904191955
228 -14.34073087 0.7821891226
229 -14.78998569 0.7742859083
230 -15.21838615 0.7666658528
231 -15.62908319 0.7592897596
232 -16.02478116 0.7521224735
233 -16.40781983 0.7451324088
234 -16.78024026 0.7382910997
235 -17.14383787 0.7315727878
236 -17.50020554 0.7249540506
237 -17.85076889 0.7184134731
238 -18.19681522 0.7119313591
239 -18.53951753 0.7054894791
240 -18.87995449 0.6990708512
241 -19.21912726 0.692659551
242 -19.55797361 0.6862405474
243 -19.89737997 0.679799561
244 -20.23819168 0.673322943
245 -20.58122177 0.6667975722
246 -20.92725855 0.6602107689
247 -21.27707209 0.6535502239
248 -21.63141977 0.6468039426
249 -21.99105107 0.6399602033
250 -22.3567115 0.6330075291
251 -22.72914587 0.625934675
252 -23.10910085 0.6187306292
253 -23.49732677 0.6113846301
254 -23.8945787 0.6038861995
255 -24.30161679 0.5962251936
256 -24.71920563 0.5883918715
257 -25.14811285 0.5803769844
258 -25.5891066 0.5721718834
259 -26.042952 0.5637686496
260 -26.51040638 0.5551602441
261 -26.99221336 0.5463406779
262 -27.48909553 0.5373052014
263 -28.00174588 0.5280505085
264 -28.53081791 0.518574954
265 -29.07691449 0.508878776
266 -29.64057561 0.4989643186
267 -30.22226532 0.4888362442
268 -30.82235801 0.4785017267
269 -31.44112457 0.4679706123
270 -32.07871883 0.4572555371
271 -32.73516494 0.4463719884
272 -33.41034615 0.4353382982
273 -34.10399589 0.4241755593
274 -34.81569157 0.4129074573
275 -35.54485183 0.4015600153
276 -36.29073765 0.3901612534
277 -37.05245772 0.3787407701
278 -37.8289781 0.3673292564
279 -38.6191362 0.3559579619
280 -39.42165859 0.3446581311
281 -40.23518221 0.3334604345
282 -41.05827813 0.3223944181
283 -41.88947704 0.3114879938
284 -42.72729531 0.3007669912
285 -43.57026082 0.2902547869
286 -44.41693737 0.2799720218
287 -45.26594695 0.2699364128
288 -46.11598919 0.2601626587
289 -46.96585724 0.2506624349
290 -47.81445006 0.2414444697
291 -48.66078073 0.2325146895
292 -49.50398092 0.22387642
293 -50.34330163 0.2155306293
294 -51.17811047 0.2074762
295 -52.00788591 0.1997102166
296 -52.8322087 0.1922282579
297 -53.65075109 0.1850246844
298 -54.46326412 0.1780929134
299 -55.2695634 0.1714256759
300 -56.06951394 0.1650152506
301 -56.86301422 0.1588536722
302 -57.64998008 0.1529329128
303 -58.43032877 0.1472450335
304 -59.20396351 0.1417823086
305 -59.97075915 0.1365373203
306 -60.73054915 0.1315030267
307 -61.48311445 0.1266728033
308 -62.22817448 0.1220404603
309 -62.96538071 0.117600239
310 -63.69431306 0.1133467876
311 -64.41447915 0.1092751234
312 -65.12531666 0.105380581
313 -65.82619864 0.1016587532
314 -66.51644154 0.09810542741
315 -67.19531571 0.0947165207
316 -67.86205791 0.09148801822
317 -68.51588532 0.08841591669
318 -69.15601047 0.08549617619
319 -69.78165647 0.0827246815
320 -70.39207204 0.08009721401
321 -70.98654571 0.07760943457
322 -71.56441872 0.07525687667
323 -72.12509631 0.07303494925
324 -72.66805714 0.07093894775
325 -73.19286052 0.06896407181
326 -73.69915155 0.06710544804
327 -74.18666413 0.06535815623
328 -74.65522198 0.06371725732
329 -75.10473772 0.06217782199
330 -75.53521037 0.06073495847
331 -75.94672136 0.05938383927
332 -76.33942823 0.05811972821
333 -76.71354931 0.05693802572
334 -77.06928173 0.05583447472
335 -77.40619472 0.05480664527
336 -77.71844144 0.0538654887
337 -77.956588 0.05312639605
338 -77.72267796 0.05354046371
339 -73.8410915 0.06353620905
340 -41.92271769 0.2213237389
341 33.94632262 0.9954524253
342 37.69717331 0.9999306593
343 36.25286519 0.9999139157
344 33.42681166 0.9998572062
345 29.69728576 0.9997186153
346 25.48366367 0.9993938964
347 21.14322074 0.9986722316
348 16.91948897 0.9971859657
349 12.9585396 0.9944000667
350 9.341058161 0.9896989884
351 6.104680099 0.9825844839
352 3.255951923 0.9728946365
353 0.7780379352 0.9608966836
354 -1.361843756 0.9471898478
355 -3.204865711 0.9324985481
356 -4.794176913 0.9174856081
357 -6.17055746 0.9026540652
358 -7.370151401 0.8883309986
359 -8.423731749 0.8746961889
360 -9.356867939 0.8618236691
361 -10.1905164 0.8497193458
362 -10.94174142 0.8383492591
363 -11.62441532 0.8276586827
364 -12.24983401 0.8175841272
365 -12.82723079 0.8080604323
366 -13.36419288 0.7990246815
367 -13.86699389 0.790418157
368 -14.3408569 0.7821871312
369 -14.79016204 0.7742829988
370 -15.21861036 0.7666620534
371 -15.62935332 0.7592850932
372 -16.02509571 0.7521169577
373 -16.40817772 0.7451260563
374 -16.78064071 0.7382839193
375 -17.14428041 0.7315647839
376 -17.50068996 0.7249452241
377 -17.85129521 0.7184038216
378 -18.19738368 0.7119208767
379 -18.54012856 0.7054781571
380 -18.88060874 0.699058678
381 -19.21982554 0.6926465121
382 -19.55871691 0.6862266258
383 -19.89816946 0.6797847369
384 -20.23902869 0.6733071943
385 -20.58210781 0.6667808743
386 -20.92819531 0.6601930948
387 -21.27806142 0.6535315445
388 -21.6324637 0.6467842265
389 -21.99215178 0.639939417
390 -22.35787137 0.6329856374
391 -22.73036745 0.6259116409
392 -23.11038686 0.6187064143
393 -23.49868009 0.6113591949
394 -23.8960024 0.6038595035
395 -24.30311406 0.596197196
396 -24.72077984 0.5883625318
397 -25.14976749 0.5803462625
398 -25.59084527 0.572139741
399 -26.04477838 0.5637350506
400 -26.51232423 0.5551251554
401 -26.99422644 0.546304071
402 -27.49120758 0.5372670529
403 -28.00396057 0.5280108019
404 -28.53313877 0.5185336806
405 -29.07934485 0.5088359365
406 -29.64311854 0.4989199244
407 -30.22492352 0.4887903188
408 -30.82513377 0.4784543067
409 -31.44401966 0.4679217487
410 -32.08173443 0.4572052961
411 -32.73830155 0.4463204518
412 -33.41360354 0.4352855634
413 -34.10737304 0.4241217393
414 -34.81918662 0.4128526796
415 -35.54846205 0.4015044208
416 -36.29445947 0.3901049948
417 -37.05628672 0.3786840093
418 -37.83290909 0.3672721623
419 -38.62316327 0.3559007073
420 -39.4257752 0.3446008897
