0 -60.58823841 0.1324337758
1 -61.34216354 0.1275657916
2 -62.08865032 0.1228967544
3 -62.82736346 0.1184208309
4 -63.55789639 0.1141326008
5 -64.27977005 0.1100270217
6 -64.99243461 0.106099379
7 -65.69527424 0.1023452284
8 -66.38761469 0.09876033223
9 -67.0687333 0.09534059452
10 -67.73787126 0.09208199852
11 -68.39424737 0.08898054878
12 -69.03707283 0.08603222118
13 -69.66556656 0.08323292226
14 -70.27897029 0.08057845904
15 -70.87656296 0.07806451975
16 -71.45767398 0.07568666515
17 -72.02169483 0.07344032958
18 -72.56808887 0.0713208306
19 -73.09639901 0.06932338561
20 -73.60625326 0.06744313383
21 -74.09736812 0.06567516206
22 -74.56954998 0.06401453252
23 -75.02269455 0.06245631142
24 -75.45678463 0.06099559712
25 -75.87188638 0.05962754709
26 -76.26814366 0.05834740454
27 -76.64576568 0.05715053692
28 -77.00496868 0.05603258439
29 -77.34555574 0.0549904909
30 -77.66361697 0.05403048667
31 -77.92524573 0.05323089504
32 -77.85660973 0.05324344984
33 -75.26990136 0.05965659272
34 -53.08343081 0.1486517287
35 30.37322599 0.9803039398
36 37.72484784 0.9999270889
37 36.63325195 0.9999194232
38 34.01271796 0.9998715578
39 30.4143766 0.9997530917
40 26.2582894 0.9994735015
41 21.91929162 0.9988450878
42 17.66139651 0.9975310316
43 13.64573221 0.9950233801
44 9.962708826 0.9907091035
45 6.656589166 0.9840513825
46 3.73888549 0.9748157246
47 1.196424831 0.9631943594
48 -1.001281661 0.9497408445
49 -2.894425954 0.935172938
50 -4.526189453 0.9201746031
51 -5.938000834 0.9052806994
52 -7.166927224 0.8908485787
53 -8.244712842 0.8770814657
54 -9.197825512 0.8640693642
55 -10.04799797 0.8518280331
56 -10.81293989 0.8403290131
57 -11.5070484 0.8295202409
58 -12.14204109 0.8193391568
59 -12.72748814 0.8097205352
60 -13.27124551 0.8006008655
61 -13.77980143 0.7919205895
62 -14.25855083 0.7836250579
63 -14.71201197 0.7756647527
64 -15.14399741 0.7679951121
65 -15.55774904 0.7605761569
66 -15.95604532 0.7533720342
67 -16.34128667 0.7463505447
68 -16.71556396 0.739482688
69 -17.08071363 0.732742242
70 -17.43836252 0.7261053847
71 -17.78996432 0.7195503574
72 -18.13682959 0.7130571694
73 -18.48015061 0.7066073398
74 -18.82102201 0.7001836721
75 -19.16045807 0.6937700598
76 -19.49940734 0.6873513174
77 -19.838765 0.6809130351
78 -20.17938342 0.6744414541
79 -20.52208119 0.6679233607
80 -20.8676509 0.6613459969
81 -21.21686581 0.6546969874
82 -21.57048557 0.6479642808
83 -21.92926111 0.6411361053
84 -22.29393873 0.6342009386
85 -22.6652635 0.6271474922
86 -23.04398193 0.6199647103
87 -23.43084387 0.6126417842
88 -23.82660377 0.6051681826
89 -24.23202111 0.5975336994
90 -24.64785994 0.5897285198
91 -25.0748876 0.5817433054
92 -25.51387239 0.5735692993
93 -25.96558024 0.565198452
94 -26.4307701 0.5566235685
95 -26.91018824 0.5478384752
96 -27.40456117 0.5388382053
97 -27.91458727 0.5296192019
98 -28.44092714 0.5201795322
99 -28.98419262 0.5105191105
100 -29.54493475 0.5006399206
101 -30.12363084 0.4905462306
102 -30.72067081 0.4802447897
103 -31.33634338 0.469744995
104 -31.97082243 0.4590590171
105 -32.62415414 0.4482018711
106 -33.29624563 0.4371914221
107 -33.9868555 0.4260483141
108 -34.69558721 0.4147958165
109 -35.42188572 0.4034595833
110 -36.16503792 0.3920673261
111 -36.92417734 0.3806484076
112 -37.69829305 0.3692333668
113 -38.48624293 0.357853391
114 -39.28677091 0.3465397564
115 -40.09852762 0.3353232583
116 -40.92009383 0.3242336565
117 -41.75000562 0.3132991576
118 -42.58678048 0.3025459557
119 -43.4289432 0.2919978482
120 -44.27505058 0.281675938
121 -45.12371407 0.2715984299
122 -45.97361975 0.2617805205
123 -46.82354483 0.2522343792
124 -47.67237052 0.2429692115
125 -48.51909101 0.2339913934
126 -49.36281861 0.2253046643
127 -50.20278504 0.2169103642
128 -51.03833932 0.2088077011
129 -51.86894245 0.2009940374
130 -52.69415936 0.1934651813
131 -53.51364837 0.1862156762
132 -54.32714885 0.1792390776
133 -55.13446722 0.1725282138
134 -55.93546185 0.1660754239
135 -56.73002731 0.1598727702
136 -57.51807818 0.1539122244
137 -58.29953307 0.1481858245
138 -59.07429906 0.1426858031
139 -59.84225712 0.1374046874
140 -60.60324882 0.1323353715
141 -61.35706484 0.127471162
142 -62.10343557 0.1228058
143 -62.84202425 0.1183334595
144 -63.57242279 0.1140487277
145 -64.29415059 0.1099465684
146 -65.00665637 0.1060222722
147 -65.70932295 0.1022713989
148 -66.40147491 0.09868971337
149 -67.08238868 0.09527312114
150 -67.75130478 0.09201760555
151 -68.40744162 0.08891917022
152 -69.05001036 0.08597378912
153 -69.6782302 0.08317736617
154 -70.29134343 0.08052570527
155 -70.88862987 0.07801449125
156 -71.46942005 0.07563928139
157 -72.03310683 0.07339550669
158 -72.57915512 0.07127848165
159 -73.10710953 0.06928342103
160 -73.61659986 0.06740546193
161 -74.10734449 0.06563968963
162 -74.57915167 0.06398116541
163 -75.03191897 0.06242495519
164 -75.465631 0.06096615764
165 -75.88035563 0.0595999311
166 -76.27623834 0.05832152016
167 -76.65348983 0.05712629412
168 -77.01232761 0.05600989551
169 -77.35255535 0.05496927195
170 -77.67025845 0.05401066715
171 -77.931479 0.05321250724
172 -77.86192214 0.05322745499
173 -75.26972751 0.05965363768
174 -53.03997496 0.1488876193
175 30.39908116 0.9804570904
176 37.72651293 0.9999271515
177 36.63281261 0.9999194187
178 34.01154738 0.9998715312
179 30.41286821 0.9997530238
180 26.25671131 0.9994733493
181 21.91782068 0.9988447786
182 17.66012899 0.9975304696
183 13.64470899 0.9950224831
184 9.961937491 0.9907078705
185 6.656058272 0.9840499591
186 3.738573267 0.9748144151
187 1.19630512 0.9631935641
188 -1.001235133 0.9497409606
189 -2.894236849 0.9351742831
190 -4.525877526 0.9201773873
191 -5.937581727 0.9052850366
192 -7.166412863 0.8908545141
193 -8.244112072 0.8770890029
194 -9.197144751 0.8640784857
195 -10.04724177 0.8518387139
196 -10.8121114 0.8403412279
197 -11.50614969 0.8295339682
198 -12.14107341 0.8193543807
199 -12.72645211 0.8097372457
200 -13.27014125 0.8006190589
201 -13.77862866 0.7919402679
202 -14.25730892 0.7836462285
203 -14.71070001 0.7756874281
204 -15.14261421 0.7680193097
205 -15.55629318 0.7606018983
206 -15.95451515 0.7533993456
207 -16.33968032 0.7463794564
208 -16.71387933 0.7395132344
209 -17.07894843 0.7327744617
210 -17.4365142 0.7261393202
211 -17.7880301 0.7195860553
212 -18.13480648 0.7130946806
213 -18.47803536 0.7066467191
214 -18.81881109 0.7002249789
215 -19.15814769 0.6938133577
216 -19.49699343 0.6873966744
217 -19.83624317 0.6809605236
218 -20.17674899 0.6744911511
219 -20.51932913 0.6679753475
220 -20.86477586 0.6614003596
221 -21.21386207 0.6547538164
222 -21.56734703 0.6480236706
223 -21.92598131 0.6411981546
224 -22.29051082 0.6342657498
225 -22.66168023 0.6272151712
226 -23.04023565 0.6200353656
227 -23.42692656 0.6127155265
228 -23.82250702 0.6052451237
229 -24.22773613 0.5976139515
230 -24.64337761 0.5898121937
231 -25.0701985 0.5818305091
232 -25.50896687 0.5736601364
233 -25.96044841 0.5652930195
234 -26.425402 0.5567219541
235 -26.90457387 0.5479407549
236 -27.39869064 0.5389444404
237 -27.90845092 0.5297294357
238 -28.43451566 0.5202937866
239 -28.97749727 0.5106373826
240 -29.53794752 0.5007621789
241 -30.11634466 0.4906724119
242 -30.71307975 0.4803747958
243 -31.32844286 0.46987869
244 -31.96260943 0.4591962253
245 -32.61562743 0.4483423759
246 -33.2874059 0.4373349652
247 -33.97770553 0.4261945968
248 -34.68613198 0.4149445016
249 -35.41213245 0.4036102984
250 -36.15499612 0.3922196681
251 -36.9138587 0.3808019487
252 -37.68771131 0.3693876611
253 -38.47541375 0.3580079821
254 -39.27571158 0.3466941853
255 -40.08725679 0.3354770717
256 -40.90863117 0.3243864144
257 -41.73837146 0.3134504412
258 -42.57499545 0.3026953735
259 -43.41702786 0.2921450417
260 -44.26302505 0.2818205859
261 -45.11159775 0.271740251
262 -45.96143101 0.2619192752
263 -46.81130077 0.2523698703
264 -47.66008682 0.2431012829
265 -48.50678181 0.2341199286
266 -49.35049639 0.2254295835
267 -50.19046065 0.2170316212
268 -51.02602201 0.2089252797
269 -51.85663995 0.2011079472
270 -52.681878 0.193575454
271 -53.50139326 0.1863223612
272 -54.31492403 0.1793422385
273 -55.12227591 0.1726279245
274 -55.92330669 0.166171765
275 -56.71791056 0.1599658268
276 -57.50600202 0.1540020828
277 -58.28749982 0.1482725701
278 -59.06231143 0.1427695188
279 -59.83031843 0.1374854521
280 -60.59136323 0.1324132591
281 -61.34523751 0.1275462412
282 -62.09167279 0.1228781334
283 -62.83033355 0.1184031045
284 -63.56081298 0.1141157364
285 -64.28263179 0.1100109884
286 -64.99523993 0.1060841478
287 -65.69802137 0.1023307715
288 -66.39030168 0.09874662305
289 -67.07135809 0.09532760751
290 -67.74043173 0.09206970876
291 -68.39674134 0.08896893188
292 -69.03949818 0.08602125306
293 -69.66792125 0.08322257905
294 -70.2812524 0.08056871696
295 -70.87877076 0.0780553551
296 -71.45980596 0.07567805426
297 -72.02374973 0.07343224884
298 -72.57006572 0.07131325648
299 -73.09829713 0.06931629473
300 -73.60807227 0.06743650305
301 -74.09910797 0.06566896854
302 -74.57121092 0.0640087538
303 -75.02427712 0.06245092553
304 -75.45828967 0.06099058262
305 -75.87331501 0.05962288317
306 -76.26949721 0.05834307108
307 -76.64704572 0.05714651451
308 -77.00617695 0.05602885443
309 -77.34669402 0.05498703585
310 -77.66468599 0.05402729212
311 -77.92623578 0.0532279687
312 -77.85741849 0.05324099354
313 -75.26962046 0.05965680038
314 -53.07456279 0.1487001987
315 30.37829397 0.9803345822
316 37.72515346 0.999927101
317 36.63315219 0.9999194221
318 34.01248404 0.9998715525
319 30.41409474 0.999753079
320 26.25802028 0.9994734752
321 21.91907387 0.998845041
322 17.66124895 0.9975309634
323 13.64565998 0.9950233097
324 9.962708954 0.9907090873
325 6.656654384 0.9840515204
326 3.739006791 0.9748161467
327 1.19659323 0.9631951961
328 -1.001074014 0.9497421984
329 -2.894185271 0.9351748721
330 -4.525920267 0.9201771447
331 -5.937706231 0.9052838512
332 -7.16660916 0.8908523307
333 -8.244372446 0.8770858033
334 -9.197463333 0.8640742731
335 -10.04761416 0.8518335018
336 -10.81253433 0.8403350333
337 -11.50662079 0.8295268078
338 -12.141591 0.8193462687
339 -12.72701504 0.809728193
340 -13.27074883 0.8006090727
341 -13.77928051 0.7919293517
342 -14.25800497 0.7836343823
343 -14.71144043 0.7756746483
344 -15.14339939 0.7680055894
345 -15.5571237 0.7605872279
346 -15.95539176 0.7533837123
347 -16.34060394 0.7463628446
348 -16.71485104 0.7394956259
349 -17.07996946 0.7327558355
350 -17.43758593 0.7261196526
351 -17.78915408 0.7195653202
352 -18.13598439 0.7130728489
353 -18.47926906 0.7066237593
354 -18.82010261 0.7002008567
355 -19.15949924 0.693788036
356 -19.49840737 0.6873701135
357 -19.83772208 0.6809326809
358 -20.17829561 0.6744619812
359 -20.52094644 0.6679448023
360 -20.86646702 0.661368388
361 -21.21563048 0.6547203648
362 -21.56919631 0.6479886827
363 -21.9279153 0.6411615715
364 -22.29253361 0.6342275104
365 -22.66379615 0.627175212
366 -23.04244926 0.6199936217
367 -23.42924266 0.6126719314
368 -23.82493066 0.6051996102
369 -24.23027257 0.597566452
370 -24.64603233 0.5897626415
371 -25.07297715 0.581778839
372 -25.51187525 0.5736062856
373 -25.96349247 0.5652369292
374 -26.42858773 0.556663571
375 -26.9079073 0.5478800325
376 -27.40217773 0.538881341
377 -27.9120975 0.5296639322
378 -28.43832736 0.520225865
379 -28.98147936 0.5105670433
380 -29.54210486 0.5006894397
381 -30.12068154 0.4905973095
382 -30.71759976 0.4802973879
383 -31.3331488 0.469799057
384 -31.96750316 0.4591144716
385 -32.62070973 0.4482586305
386 -33.29267638 0.4372493821
387 -33.98316256 0.4261073545
388 -34.6917726 0.414855802
389 -35.41795233 0.4035203645
390 -36.16098957 0.3921287416
391 -36.9200187 0.3807102863
392 -37.6940296 0.3692955306
393 -38.48188091 0.3579156578
394 -39.2823172 0.3466019431
395 -40.09398963 0.3353851843
396 -40.91547938 0.3242951466
397 -41.74532278 0.3133600452
398 -42.58203745 0.3026060853
399 -43.42414812 0.2920570772
400 -44.27021143 0.2817341389
401 -45.11883855 0.2716554912
402 -45.96871513 0.2618363472
403 -46.81861788 0.2522888933
404 -47.66742744 0.2430223512
405 -48.5141374 0.2340431129
406 -49.35785941 0.2253549322
407 -50.19782453 0.2169591624
408 -51.03338115 0.2088550237
409 -51.86398967 0.2010398885
410 -52.68921446 0.193509574
411 -53.50871336 0.1862586303
412 -54.32222533 0.1792806188
413 -55.12955643 0.1725683717
414 -55.93056484 0.1661142309
415 -56.72514495 0.1599102604
416 -57.51321134 0.1539484323
417 -58.29468265 0.1482207844
418 -59.06946613 0.1427195481
419 -59.837443 0.137437249
420 -60.59845516 0.1323667794
