0 -74.4131347 0.0645397621
1 -74.65860816 0.06361031218
2 -74.84061786 0.06296244491
3 -74.95191935 0.0625570428
4 -74.98303577 0.06242059198
5 -74.91414013 0.06261155648
6 -74.77255787 0.06301803875
7 -72.97151236 0.06811436189
8 -56.91367038 0.1318320881
9 24.73685868 0.9417650815
10 37.14813539 0.9999071319
11 36.50338122 0.9999170085
12 34.0138476 0.999871289
13 30.51584062 0.9997571779
14 26.4632745 0.9994917388
15 22.22907162 0.9989051271
16 18.06935046 0.9976967439
17 14.13809268 0.9954155686
18 10.52109516 0.9915120127
19 7.26112535 0.9854865719
20 4.371260896 0.977085596
21 1.842142702 0.9664266492
22 -0.3519710053 0.9539675693
23 -2.246814063 0.9403484828
24 -3.882098089 0.9262121045
25 -5.296924546 0.9120847426
26 -6.527003523 0.8983348768
27 -7.603415617 0.8851845853
28 -8.552404141 0.8727431313
29 -9.395727473 0.8610426868
30 -10.15124662 0.8500675489
31 -10.83356036 0.8397750695
32 -11.45459573 0.8301094455
33 -12.02411819 0.8210102435
34 -12.55015475 0.8124173607
35 -13.03933712 0.804273702
36 -13.4971763 0.7965264556
37 -13.92828106 0.7891275397
38 -14.33653129 0.7820335809
39 -14.72521566 0.7752056462
40 -15.09714118 0.7686088577
41 -15.45472077 0.7622119674
42 -15.8000435 0.7559869347
43 -16.13493128 0.7499085267
44 -16.46098483 0.7439539534
45 -16.77962119 0.7381025402
46 -17.09210458 0.7323354367
47 -17.39957178 0.7266353607
48 -17.70305338 0.7209863738
49 -18.00349142 0.7153736837
50 -18.30175438 0.7097834724
51 -18.59864981 0.7042027452
52 -18.89493517 0.6986191983
53 -19.19132715 0.693021103
54 -19.48850971 0.6873972043
55 -19.78714115 0.6817366315
56 -20.08786022 0.6760288209
57 -20.39129163 0.6702634479
58 -20.69805083 0.6644303691
59 -21.00874829 0.6585195728
60 -21.32399329 0.6525211383
61 -21.64439732 0.6464252041
62 -21.97057697 0.6402219444
63 -22.30315651 0.6339015547
64 -22.64277001 0.6274542477
65 -22.990063 0.6208702596
66 -23.34569374 0.6141398678
67 -23.71033394 0.607253422
68 -24.08466885 0.6002013891
69 -24.46939679 0.5929744138
70 -24.86522789 0.5855633965
71 -25.27288198 0.5779595898
72 -25.69308564 0.570154714
73 -26.12656807 0.5621410946
74 -26.57405595 0.5539118193
75 -27.03626705 0.5454609168
76 -27.51390246 0.5367835547
77 -28.00763765 0.5278762545
78 -28.51811207 0.5187371196
79 -29.0459176 0.5093660715
80 -29.59158585 0.4997650862
81 -30.15557457 0.489938422
82 -30.73825351 0.4798928291
83 -31.33989012 0.4696377274
84 -31.96063553 0.4591853411
85 -32.60051151 0.4485507763
86 -33.259399 0.4377520301
87 -33.93702874 0.4268099212
88 -34.63297493 0.4157479336
89 -35.34665225 0.4045919716
90 -36.0773168 0.3933700262
91 -36.82407137 0.3821117621
92 -37.58587496 0.3708480336
93 -38.36155665 0.359610351
94 -39.14983328 0.3484303143
95 -39.94933048 0.33733904
96 -40.75860633 0.3263666041
97 -41.57617653 0.3155415247
98 -42.40054039 0.3048903036
99 -43.23020645 0.2944370444
100 -44.0637168 0.284203158
101 -44.89966931 0.2742071606
102 -45.73673717 0.2644645654
103 -46.57368501 0.254987864
104 -47.40938148 0.2457865878
105 -48.24280812 0.2368674396
106 -49.07306443 0.2282344824
107 -49.89936946 0.2198893706
108 -50.72106006 0.2118316116
109 -51.53758611 0.2040588442
110 -52.34850328 0.1965671243
111 -53.15346346 0.1893512065
112 -53.95220341 0.1824048158
113 -54.74453206 0.1757209029
114 -55.53031661 0.1692918786
115 -56.30946809 0.1631098246
116 -57.08192639 0.1571666786
117 -57.84764548 0.1514543938
118 -58.60657874 0.1459650703
119 -59.35866516 0.1406910619
120 -60.10381641 0.135625056
121 -60.84190531 0.1307601293
122 -61.57275598 0.1260897814
123 -62.29613596 0.1216079464
124 -63.01175056 0.117308986
125 -63.71923965 0.1131876669
126 -64.41817704 0.1092391236
127 -65.10807242 0.1054588117
128 -65.78837592 0.1018424538
129 -66.45848498 0.09838598095
130 -67.11775337 0.09508547387
131 -67.765502 0.09193710599
132 -68.40103101 0.08893709097
133 -69.02363274 0.08608163693
134 -69.63260514 0.08336690879
135 -70.22726494 0.08078899957
136 -70.80696037 0.07834391103
137 -71.37108275 0.07602754351
138 -71.91907691 0.07383569419
139 -72.45044993 0.07176406291
140 -72.96477819 0.06980826429
141 -73.46171262 0.06796384475
142 -73.94098205 0.06622630318
143 -74.40239488 0.06459111375
144 -74.84583904 0.06305374988
145 -75.27128052 0.06160970811
146 -75.67876059 0.06025453118
147 -76.06839195 0.05898382953
148 -76.44035398 0.05779330078
149 -76.79488739 0.0566787469
150 -77.13228839 0.05563608885
151 -77.45290256 0.05466137866
152 -77.75711862 0.05375080901
153 -78.04536228 0.05290072041
154 -78.31809017 0.05210760616
155 -78.57578401 0.05136811538
156 -78.81894514 0.05067905414
157 -79.04808942 0.05003738519
158 -79.26374242 0.04944022625
159 -79.46643522 0.04888484726
160 -79.65670049 0.04836866675
161 -79.83506904 0.04788924748
162 -80.00206686 0.0474442915
163 -80.1582125 0.04703163486
164 -80.30401479 0.04664924198
165 -80.43997107 0.04629519993
166 -80.56656554 0.04596771257
167 -80.68426814 0.04566509469
168 -80.7935335 0.04538576619
169 -80.89480025 0.04512824642
170 -80.98849053 0.04489114862
171 -81.07500967 0.04467317452
172 -81.15474603 0.04447310915
173 -81.22807103 0.04428981589
174 -81.29533924 0.04412223167
175 -81.35688861 0.04396936245
176 -81.41304078 0.04383027891
177 -81.46410148 0.04370411236
178 -81.51036091 0.04359005086
179 -81.55209427 0.04348733561
180 -81.58956226 0.04339525747
181 -81.62301159 0.04331315375
182 -81.65267555 0.04324040518
183 -81.67877458 0.04317643302
184 -81.7015168 0.04312069644
185 -81.72109859 0.04307268997
186 -81.73770516 0.04303194119
187 -81.75151107 0.0429980085
188 -81.76268076 0.04297047911
189 -81.77136911 0.04294896711
190 -81.77772187 0.04293311166
191 -81.78187623 0.04292257536
192 -81.78396121 0.04291704266
193 -81.78409817 0.04291621842
194 -81.7824012 0.04291982654
195 -81.77897756 0.04292760874
196 -81.61142715 0.04328586987
197 -81.40405698 0.04378047575
198 -81.15245499 0.04438851921
199 -80.8507305 0.0451283854
200 -80.48647026 0.04603436403
201 -80.12014178 0.04695370569
202 -78.2932112 0.05105534155
203 -61.43117355 0.1044916669
204 30.1856899 0.9565084838
205 38.58472694 0.9999342612
206 37.79690573 0.9999347039
207 35.7823016 0.9999066076
208 32.85483457 0.99984105
209 29.3128101 0.9996960685
210 25.48754831 0.9993883819
211 21.63512419 0.9987700415
212 17.91758265 0.9976088987
213 14.42824967 0.9955906848
214 11.21854285 0.9923627334
215 8.314156803 0.9876233613
216 5.722698549 0.9812269206
217 3.437457003 0.9732496891
218 1.440503637 0.9639777002
219 -0.293776237 0.9538262646
220 -1.794997698 0.9432377073
221 -3.093595425 0.9326015305
222 -4.218562613 0.9222145891
223 -5.196148261 0.9122754351
224 -6.049316578 0.9028982084
225 -6.797708938 0.8941333287
226 -7.457885449 0.8859874681
227 -8.043690558 0.8784396973
228 -8.566648544 0.8714532728
229 -9.036338978 0.8649836622
230 -9.460729942 0.8589837087
231 -9.846462532 0.853406777
232 -10.19908819 0.8482085435
233 -10.52326397 0.843347911
234 -10.82291189 0.8387873773
235 -11.10134854 0.8344930772
236 -11.36139019 0.8304346371
237 -11.60543835 0.826584933
238 -11.83554919 0.8229198054
239 -12.05349041 0.8194177638
240 -12.26078761 0.8160597001
241 -12.45876254 0.8128286201
242 -12.64856455 0.8097093983
243 -12.83119672 0.8066885564
244 -13.00753757 0.8037540667
245 -13.17835915 0.8008951769
246 -13.34434227 0.7981022566
247 -13.50608934 0.7953666619
248 -13.6641351 0.7926806158
249 -13.81895587 0.7900371048
250 -13.97097738 0.7874297863
251 -14.12058138 0.784852909
252 -14.26811146 0.7823012419
253 -14.41387792 0.7797700118
254 -14.55816207 0.7772548493
255 -14.70121992 0.7747517395
256 -14.84328539 0.77225698
257 -14.9845731 0.7697671425
258 -15.12528083 0.7672790393
259 -15.26559171 0.7647896933
260 -15.40567608 0.7622963111
261 -15.54569318 0.7597962593
262 -15.68579267 0.7572870424
263 -15.82611594 0.7547662838
264 -15.9667973 0.7522317077
265 -16.10796509 0.7496811238
266 -16.24974262 0.7471124117
267 -16.39224906 0.7445235083
268 -16.53560027 0.7419123948
269 -16.67990953 0.7392770855
270 -16.82528823 0.7366156168
271 -16.97184651 0.7339260374
272 -17.11969391 0.7312063984
273 -17.26893986 0.7284547442
274 -17.41969432 0.7256691041
275 -17.57206825 0.7228474836
276 -17.72617415 0.7199878562
277 -17.88212653 0.7170881553
278 -18.04004244 0.7141462667
279 -18.20004196 0.7111600202
280 -18.36224866 0.7081271824
281 -18.52679012 0.7050454484
282 -18.69379842 0.7019124346
283 -18.86341067 0.6987256702
284 -19.0357695 0.6954825898
285 -19.21102362 0.6921805252
286 -19.38932837 0.6888166973
287 -19.57084628 0.685388208
288 -19.75574766 0.6818920318
289 -19.9442112 0.678325008
290 -20.13642463 0.6746838319
291 -20.33258536 0.670965047
292 -20.5329011 0.6671650365
293 -20.73759065 0.663280016
294 -20.94688453 0.6593060255
295 -21.16102574 0.6552389225
296 -21.38027047 0.6510743757
297 -21.60488889 0.6468078597
298 -21.83516585 0.6424346502
299 -22.0714016 0.6379498216
300 -22.31391253 0.6333482457
301 -22.5630318 0.6286245931
302 -22.81910996 0.6237733373
303 -23.08251548 0.6187887619
304 -23.35363518 0.6136649719
305 -23.63287449 0.6083959104
306 -23.92065759 0.6029753798
307 -24.21742731 0.5973970701
308 -24.52364475 0.5916545949
309 -24.83978862 0.5857415353
310 -25.16635422 0.5796514939
311 -25.5038519 0.5733781589
312 -25.85280514 0.5669153803
313 -26.21374793 0.5602572586
314 -26.58722159 0.5533982464
315 -26.97377085 0.5463332642
316 -27.37393911 0.5390578295
317 -27.78826292 0.5315681991
318 -28.21726561 0.5238615242
319 -28.66144991 0.5159360153
320 -29.12128991 0.5077911138
321 -29.59722203 0.4994276687
322 -30.08963543 0.490848111
323 -30.59886177 0.4820566208
324 -31.12516468 0.4730592813
325 -31.66872919 0.4638642104
326 -32.22965129 0.4544816621
327 -32.80792828 0.4449240914
328 -33.40344998 0.4352061714
329 -34.01599147 0.4253447596
330 -34.6452077 0.4153588056
331 -35.29063033 0.4052691983
332 -35.95166716 0.3950985528
333 -36.62760443 0.3848709392
334 -37.31761207 0.3746115599
335 -38.02075192 0.3643463839
336 -38.73598887 0.3541017506
337 -39.46220453 0.3439039572
338 -40.19821313 0.3337788439
339 -40.94277902 0.3237513922
340 -41.6946354 0.3138453523
341 -42.45250339 0.3040829106
342 -43.21511098 0.2944844079
343 -43.98121118 0.2850681176
344 -44.7495989 0.2758500851
345 -45.51912596 0.2668440316
346 -46.28871403 0.2580613195
347 -47.0573652 0.2495109742
348 -47.82417002 0.2411997573
349 -48.58831305 0.2331322814
350 -49.34907594 0.2253111604
351 -50.10583814 0.2177371844
352 -50.85807553 0.2104095126
353 -51.60535705 0.2033258756
354 -52.34733971 0.1964827816
355 -53.08376205 0.1898757191
356 -53.81443643 0.1834993536
357 -54.53924031 0.1773477138
358 -55.25810668 0.1714143643
359 -55.97101396 0.1656925641
360 -56.67797537 0.1601754088
361 -57.37902813 0.1548559569
362 -58.07422256 0.1497273385
363 -58.76361123 0.1447828483
364 -59.44723841 0.1400160217
365 -60.12513 0.1354206951
366 -60.79728412 0.1309910504
367 -61.4636625 0.1267216454
368 -62.12418307 0.1226074294
369 -62.77871372 0.1186437462
370 -63.42706761 0.1148263252
371 -64.06900005 0.1111512607
372 -64.70420723 0.1076149835
373 -65.33232671 0.1042142232
374 -65.95293982 0.1009459662
375 -66.56557587 0.09780740819
376 -67.16971803 0.09479590634
377 -67.76481079 0.09190893028
378 -68.35026867 0.08914401549
379 -68.92548588 0.08649872008
380 -69.48984676 0.08397058642
381 -70.04273641 0.08155710866
382 -70.58355138 0.07925570686
383 -71.11171 0.07706370813
384 -71.62666201 0.0749783346
385 -72.12789731 0.07299669811
386 -72.61495358 0.07111580094
387 -73.08742265 0.06933254183
388 -73.54495547 0.06764372646
389 -73.98726573 0.06604608137
390 -74.41413208 0.06453627046
391 -74.65956829 0.06360699529
392 -74.84154219 0.06295928151
393 -74.95281001 0.06255401308
394 -74.9838958 0.06241767343
395 -74.91497415 0.06260872056
396 -74.77337519 0.06301524836
397 -72.97231899 0.06811141268
398 -56.91405404 0.1318289554
399 24.73837725 0.941772398
400 37.1484785 0.9999071405
401 36.50361625 0.9999170123
402 34.01411223 0.9998712953
403 30.51614954 0.9997571916
404 26.46361625 0.9994917703
405 22.22943148 0.9989051976
406 18.06971636 0.997696892
407 14.13845548 0.9954158534
408 10.521448 0.9915125092
409 7.261463319 0.9854873541
410 4.371581019 0.9770867147
411 1.842443944 0.9664281183
412 -0.3516880014 0.9539693669
413 -2.246547455 0.9403505658
414 -3.881845359 0.9262144248
415 -5.296682933 0.9120872584
416 -6.52677032 0.8983375569
417 -7.603188334 0.8851874097
418 -8.55218057 0.8727460888
419 -9.395505698 0.861045773
420 -10.151025 0.8500707638
421 -10.83333749 0.839778416
422 -11.4543704 0.8301129284
423 -12.02388937 0.8210138685
424 -12.54992155 0.8124211341
425 -13.03909874 0.8042776303
426 -13.49693205 0.7965305455
427 -13.92803031 0.7891317979
428 -14.33627345 0.7820380141
429 -14.72495019 0.7752102612
430 -15.09686758 0.7686136612
431 -15.45443855 0.7622169664
432 -15.79975219 0.7559921361
433 -16.1346304 0.7499139378
434 -16.46067391 0.7439595816
435 -16.77929977 0.7381083931
436 -17.09177216 0.7323415222
437 -17.39922787 0.7266416873
438 -17.70269746 0.7209929501
439 -18.00312296 0.7153805188
440 -18.30137281 0.709790576
441 -18.59825454 0.7042101273
442 -18.89452559 0.6986268696
443 -19.19090259 0.6930290748
444 -19.48806948 0.6874054884
445 -19.7866845 0.6817452404
446 -20.08738638 0.6760377678
447 -20.39079977 0.6702727467
448 -20.69754006 0.6644400344
449 -21.00821766 0.6585296199
450 -21.32344183 0.6525315833
451 -21.64382396 0.6464360639
452 -21.96998059 0.6402332364
453 -22.30253594 0.6339132972
454 -22.64212398 0.6274664596
455 -22.9893902 0.6208829604
456 -23.34499278 0.6141530775
457 -23.70960336 0.6072671609
458 -24.08390713 0.6002156778
459 -24.46860235 0.5929892728
460 -24.86439907 0.5855788463
461 -25.27201709 0.5779756503
462 -25.69218293 0.5701714043
463 -26.12562577 0.5621584326
464 -26.57307227 0.5539298213
465 -27.03524019 0.545479597
466 -27.51283066 0.5368029246
467 -28.00651919 0.5278963224
468 -28.51694529 0.51875789
469 -29.04470096 0.5093875443
470 -29.59031793 0.4997872561
471 -30.15425415 0.489961278
472 -30.73687956 0.479916354
473 -31.33846187 0.469661897
474 -31.9591525 0.459210124
475 -32.59897355 0.4485761336
476 -33.25780629 0.4377779158
477 -33.93538186 0.4268362818
478 -34.63127485 0.4157747087
479 -35.34490034 0.4046190944
480 -36.07551485 0.3933974248
481 -36.82222152 0.38213936
482 -37.58397976 0.3708757513
483 -38.35961895 0.3596381072
484 -39.14785622 0.3484580274
485 -39.94731745 0.3373666295
486 -40.75656086 0.3263939922
487 -41.57410228 0.3155686371
488 -42.39844107 0.3049170713
489 -43.22808572 0.2944634042
490 -44.06157825 0.2842290535
491 -44.8975164 0.2742325424
492 -45.73457316 0.2644893917
493 -46.57151293 0.2550121004
494 -47.40720412 0.2458102072
495 -48.24062797 0.2368904221
496 -49.0708837 0.2282568144
497 -49.89719008 0.2199110447
498 -50.71888363 0.2118526254
499 -51.53541399 0.2040792002
500 -52.34633656 0.1965868288
501 -53.15130299 0.1893702691
502 -53.95004987 0.1824232486
503 -54.74238593 0.17573872
504 -55.52817829 0.1693090953
505 -56.30733785 0.1631264569
506 -57.07980448 0.1571827432
507 -57.84553213 0.1514699069
508 -58.60447424 0.145980048
509 -59.35656986 0.1407055196
510 -60.10173077 0.1356390081
511 -60.83982994 0.1307735894
512 -61.57069166 0.1261027619
513 -62.29408367 0.1216204587
514 -63.00971147 0.1173210405
515 -63.71721517 0.1131992731
516 -64.41616876 0.10925029
517 -65.10608216 0.1054695463
518 -65.78640569 0.101852764
519 -66.45653694 0.09839587388
520 -67.11582982 0.09509495646
521 -67.76360535 0.09194618519
522 -68.39916371 0.08894577389
523 -69.02179728 0.08608993096
524 -69.63080399 0.08337482172
525 -70.22550052 0.08079653963
526 -70.80523497 0.07835108698
527 -71.36939854 0.07603436463
528 -71.91743588 0.07384217028
529 -72.44885389 0.07177020426
530 -72.96322873 0.06981408162
531 -73.46021109 0.06796934919
532 -73.93952956 0.06623150614
533 -74.40099228 0.06459602689
534 -74.84448695 0.063058385
535 -75.2699793 0.06161407708
536 -75.67751038 0.06025864587
537 -76.06719265 0.0589877017
538 -76.43920529 0.05779694208
539 -76.79378881 0.05668216875
540 -77.13123924 0.05563930243
541 -77.451902 0.05466439485
542 -77.75616568 0.05375363835
543 -78.04445586 0.05290337307
544 -78.31722906 0.05211009195
545 -78.57496693 0.0513704437
546 -78.81817075 0.05068123399
547 -79.04735629 0.05003942515
548 -79.26304911 0.04944213449
549 -79.46578026 0.04888663156
550 -79.65608238 0.04837033449
551 -79.8344863 0.04789080564
552 -80.001518 0.04744574668
553 -80.15769604 0.04703299329
554 -80.3035293 0.04665050954
555 -80.43951511 0.04629638218
556 -80.56613773 0.04596881473
557 -80.68386712 0.04566612166
558 -80.79315795 0.04538672259
559 -80.89444891 0.04512913659
560 -80.98816217 0.04489197663
561 -81.0747031 0.04467394419
562 -81.15446013 0.04447382407
563 -81.2278047 0.04429047942
564 -81.29509144 0.04412284696
565 -81.35665834 0.04396993245
566 -81.41282709 0.0438308064
567 -81.46390346 0.04370459993
568 -81.51017771 0.04359050094
569 -81.55192507 0.04348775048
570 -81.58940628 0.04339563926
571 -81.62286809 0.04331350446
572 -81.65254384 0.04324072667
573 -81.67865398 0.04317672705
574 -81.70140669 0.04312096465
575 -81.72099839 0.0430729339
576 -81.7376143 0.04303216228
577 -81.75142902 0.0429982081
578 -81.76260703 0.04297065848
579 -81.77130321 0.04294912743
580 -81.77766337 0.04293325405
581 -81.78182471 0.04292270086
582 -81.78391627 0.04291715223
583 -81.78405944 0.04291631299
584 -81.78236833 0.04291990696
585 -81.77895021 0.04292767581
