0 -35.18412795 0.4068868902
1 -35.82911192 0.396936607
2 -36.48909929 0.3869188797
3 -37.16337508 0.376856985
4 -37.85111546 0.3667751553
5 -38.55139616 0.3566982305
6 -39.26320359 0.3466512837
7 -39.98544831 0.3366592344
8 -40.71698058 0.3267464626
9 -41.45660734 0.3169364392
10 -42.20311023 0.3072513836
11 -42.95526384 0.2977119626
12 -43.71185379 0.288337038
13 -44.47169393 0.27914347
14 -45.23364215 0.2701459793
15 -45.99661448 0.2613570695
16 -46.75959702 0.2527870057
17 -47.52165564 0.2444438466
18 -48.28194312 0.2363335226
19 -49.03970398 0.2284599524
20 -49.7942768 0.2208251917
21 -50.54509439 0.213429604
22 -51.29168175 0.206272047
23 -52.03365227 0.199350068
24 -52.77070221 0.1926601001
25 -53.50260374 0.1861976575
26 -54.22919675 0.179957522
27 -54.9503797 0.1739339206
28 -55.66609966 0.1681206894
29 -56.37634166 0.1625114236
30 -57.08111775 0.1570996124
31 -57.78045573 0.1518787564
32 -58.47438791 0.1468424702
33 -59.16294005 0.1419845664
34 -59.84612061 0.1372991249
35 -60.52391077 0.1327805446
36 -61.19625515 0.1284235799
37 -61.86305378 0.124223362
38 -62.52415532 0.1201754053
39 -63.17935185 0.1162756017
40 -63.82837545 0.1125202015
41 -64.47089669 0.1089057845
42 -65.10652505 0.1054292228
43 -65.73481142 0.1020876361
44 -66.35525257 0.0988783434
45 -66.9672974 0.09579881182
46 -67.57035492 0.09284660561
47 -68.16380354 0.09001933713
48 -68.7470014 0.08731462173
49 -69.31929746 0.08473003789
50 -69.88004278 0.08226309403
51 -70.42860185 0.07991120244
52 -70.96436342 0.07767166097
53 -71.48675054 0.07554164214
54 -71.9952297 0.07351818953
55 -72.48931863 0.07159822057
56 -72.96859275 0.06977853496
57 -73.43269016 0.0680558277
58 -73.88131515 0.06642670563
59 -74.31424026 0.06488770648
60 -74.73130688 0.06343531938
61 -75.13242472 0.06206600598
62 -75.51757007 0.06077622141
63 -75.88678304 0.05956243444
64 -76.24016417 0.05842114632
65 -76.57787019 0.05734890804
66 -76.90010952 0.05634233559
67 -77.20713727 0.05539812337
68 -77.49925015 0.05451305541
69 -77.77678134 0.05368401465
70 -78.04009532 0.05290799028
71 -78.28958289 0.05218208324
72 -78.52565641 0.0515035101
73 -78.74874519 0.05086960546
74 -78.95929135 0.05027782306
75 -79.15774577 0.04972573575
76 -79.34456427 0.04921103529
77 -79.52020142 0.04873153683
78 -79.68508273 0.04828523124
79 -79.83938605 0.04787075226
80 -79.98117258 0.04749140883
81 -80.09025439 0.04718986562
82 -79.98883784 0.04734836791
83 -78.13973903 0.05144267342
84 -61.45953201 0.1049322147
85 28.4743961 0.9464905571
86 38.28562505 0.9999279364
87 37.49020324 0.999930952
88 35.28760015 0.999897972
89 32.10192991 0.9998181149
90 28.27723633 0.999634272
91 24.17538051 0.9992280169
92 20.07206115 0.9983825531
93 16.14183948 0.996754574
94 12.4856748 0.9938894452
95 9.15801257 0.989312232
96 6.182545801 0.9826841112
97 3.560101293 0.9739481127
98 1.273920759 0.9633710157
99 -0.7049472649 0.9514564537
100 -2.4120389 0.9387918292
101 -3.88460545 0.9259138122
102 -5.158189001 0.913235903
103 -6.264715193 0.9010340243
104 -7.231763608 0.8894657067
105 -8.082578759 0.8786006212
106 -8.836463569 0.8684497099
107 -9.509320105 0.8589880725
108 -10.11420549 0.8501710975
109 -10.66183976 0.8419450304
110 -11.16104235 0.8342534956
111 -11.61909454 0.8270412881
112 -12.04203443 0.8202564063
113 -12.43489434 0.8138510001
114 -12.80189092 0.8077816722
115 -13.14657685 0.802009413
116 -13.47196223 0.7964993394
117 -13.78061173 0.7912203444
118 -14.07472261 0.7861447151
119 -14.35618778 0.7812477554
120 -14.6266468 0.7765074307
121 -14.88752743 0.7719040423
122 -15.1400797 0.7674199362
123 -15.38540386 0.7630392429
124 -15.62447351 0.7587476498
125 -15.85815486 0.7545321998
126 -16.08722274 0.7503811166
127 -16.31237415 0.7462836505
128 -16.53423963 0.7422299447
129 -16.75339289 0.7382109171
130 -16.97035908 0.7342181573
131 -17.18562182 0.7302438363
132 -17.39962937 0.726280626
133 -17.6127998 0.7223216287
134 -17.82552567 0.7183603145
135 -18.03817806 0.7143904652
136 -18.2511101 0.7104061248
137 -18.46466018 0.7064015539
138 -18.67915474 0.7023711904
139 -18.89491084 0.698309612
140 -19.11223848 0.6942115035
141 -19.33144268 0.6900716268
142 -19.55282546 0.6858847929
143 -19.77668761 0.681645837
144 -20.00333037 0.677349595
145 -20.23305702 0.6729908831
146 -20.46617433 0.6685644777
147 -20.702994 0.6640650988
148 -20.94383397 0.6594873938
149 -21.18901969 0.6548259241
150 -21.43888533 0.6500751534
151 -21.69377494 0.6452294381
152 -21.9540435 0.6402830198
153 -22.22005794 0.6352300215
154 -22.49219807 0.6300644454
155 -22.77085737 0.6247801754
156 -23.05644376 0.6193709828
157 -23.34938013 0.613830537
158 -23.65010475 0.608152421
159 -23.95907153 0.6023301534
160 -24.27674995 0.5963572165
161 -24.60362478 0.5902270928
162 -24.94019548 0.5839333093
163 -25.28697517 0.5774694918
164 -25.6444892 0.5708294291
165 -26.01327319 0.564007149
166 -26.39387055 0.5569970059
167 -26.78682928 0.5497937804
168 -27.19269816 0.542392793
169 -27.6120221 0.5347900286
170 -28.04533675 0.5269822742
171 -28.49316224 0.518967267
172 -28.95599602 0.5107438507
173 -29.43430501 0.5023121381
174 -29.92851678 0.4936736757
175 -30.43901026 0.4848316056
176 -30.96610572 0.4757908186
177 -31.51005458 0.466558093
178 -32.07102907 0.4571422102
179 -32.64911218 0.4475540416
180 -33.24428817 0.437806596
181 -33.85643413 0.4279150236
182 -34.48531299 0.4178965677
183 -35.1305683 0.4077704603
184 -35.7917214 0.3975577598
185 -36.468171 0.3872811296
186 -37.15919582 0.3769645615
187 -37.86396002 0.3666330499
188 -38.58152178 0.3563122265
189 -39.31084471 0.3460279659
190 -40.05081189 0.3358059785
191 -40.80024207 0.3256714025
192 -41.55790764 0.3156484131
193 -42.32255351 0.3057598612
194 -43.09291661 0.2960269551
195 -43.86774497 0.2864689951
196 -44.64581597 0.2771031679
197 -45.42595319 0.2679444046
198 -46.20704127 0.2590053024
199 -46.98803851 0.2502961082
200 -47.76798696 0.2418247581
201 -48.54601982 0.2335969671
202 -49.32136622 0.2256163594
203 -50.09335333 0.2178846314
204 -50.86140608 0.2104017391
205 -51.62504458 0.2031660996
206 -52.38387951 0.1961748021
207 -53.13760575 0.1894238182
208 -53.88599448 0.1829082095
209 -54.62888397 0.1766223252
210 -55.3661694 0.1705599884
211 -56.09779181 0.1647146671
212 -56.82372657 0.1590796289
213 -57.54397134 0.1536480784
214 -58.25853412 0.148413276
215 -58.9674212 0.1433686382
216 -59.67062561 0.1385078201
217 -60.36811608 0.1338247792
218 -61.05982684 0.1293138216
219 -61.74564868 0.1249696315
220 -62.42542118 0.1207872842
221 -63.09892678 0.1167622448
222 -63.76588655 0.1128903529
223 -64.4259581 0.1091677957
224 -65.0787355 0.1055910713
225 -65.72375157 0.1021569439
226 -66.36048213 0.09886239452
227 -66.98835245 0.09570456782
228 -67.60674546 0.09268071898
229 -68.21501146 0.0897881622
230 -68.81247917 0.08702422304
231 -69.39846742 0.08438619623
232 -69.97229739 0.08187131036
233 -70.5333047 0.07947670023
234 -71.08085112 0.07719938738
235 -71.6143355 0.07503626855
236 -72.13320359 0.07298411199
237 -72.63695643 0.07103956055
238 -73.12515741 0.06919914091
239 -73.5974375 0.06745927761
240 -74.05349902 0.06581631087
241 -74.49311771 0.06426651699
242 -74.91614328 0.06280613027
243 -75.32249861 0.0614313655
244 -75.71217773 0.06013844007
245 -76.08524263 0.05892359527
246 -76.44181938 0.05778311598
247 -76.78209344 0.05671334858
248 -77.10630452 0.05571071674
249 -77.4147411 0.05477173504
250 -77.70773484 0.0538930203
251 -77.98565482 0.05307130079
252 -78.248902 0.05230342329
253 -78.49790379 0.05158635831
254 -78.73310881 0.05091720351
255 -78.95498205 0.05029318554
256 -79.16400037 0.04971166059
257 -79.36064825 0.04917011372
258 -79.54541411 0.04866615719
259 -79.71878689 0.04819752797
260 -79.88125304 0.04776208464
261 -80.03329395 0.0473578037
262 -80.17538364 0.0469827755
263 -80.30798687 0.04663519991
264 -80.43155755 0.04631338176
265 -80.54653735 0.04601572612
266 -80.65335474 0.04574073366
267 -80.75242409 0.04548699587
268 -80.84414514 0.0452531904
269 -80.92890253 0.04503807651
270 -81.00706557 0.04484049056
271 -81.07898814 0.0446593417
272 -81.14500873 0.04449360769
273 -81.20545052 0.04434233088
274 -81.26062163 0.04420461437
275 -81.31081538 0.04407961834
276 -81.35631069 0.04396655659
277 -81.3973724 0.04386469318
278 -81.43425179 0.04377333934
279 -81.46718696 0.04369185049
280 -81.4964034 0.04361962344
281 -81.52211439 0.04355609376
282 -81.54452161 0.0435007333
283 -81.56381554 0.04345304785
284 -81.58017606 0.04341257496
285 -81.59377286 0.04337888188
286 -81.60476602 0.04335156366
287 -81.61330642 0.04333024127
288 -81.61953622 0.04331456001
289 -81.62358934 0.04330418786
290 -81.62559187 0.04329881401
291 -81.62566249 0.04329814751
292 -81.6239129 0.04330191594
293 -81.62044818 0.0433098642
294 -81.61536716 0.04332175345
295 -81.6087627 0.04333736011
296 -81.60072149 0.04335647602
297 -81.59131936 0.04337891758
298 -81.58057637 0.04340461518
299 -81.56805016 0.04343442712
300 -81.54916965 0.04347748471
301 -81.48220153 0.04361754094
302 -80.9907488 0.04462074802
303 -76.69369962 0.05422594117
304 -39.24689604 0.2325120247
305 36.79984833 0.9977959598
306 38.53830955 0.9999416832
307 37.2710944 0.9999284308
308 34.95178465 0.9998914511
309 31.81610302 0.9998077192
310 28.1832359 0.9996259701
311 24.36229961 0.9992486811
312 20.57417802 0.9985099467
313 16.95369231 0.9971616816
314 13.57767521 0.9948865718
315 10.4880388 0.9913538979
316 7.704374629 0.9863129409
317 5.229755677 0.9796861375
318 3.054025884 0.9716108907
319 1.156976803 0.9624060381
320 -0.4880667 0.952485208
321 -1.910726636 0.9422633064
322 -3.140711594 0.932091188
323 -4.20589396 0.922227766
324 -5.13127313 0.9128406951
325 -5.938603975 0.9040219283
326 -6.646445769 0.8958074874
327 -7.270435154 0.8881956035
328 -7.823651238 0.8811610361
329 -8.316995188 0.8746653932
330 -8.759544273 0.8686641033
