0 -77.93337506 0.0532211978
1 -78.02611338 0.05288771728
2 -78.06186072 0.05276606624
3 -78.03595998 0.05282208983
4 -77.94234695 0.05307323388
5 -77.76829393 0.05355559298
6 -77.58273236 0.05407336944
7 -76.12045562 0.05770337838
8 -62.43234607 0.1030208446
9 23.90719408 0.9069878286
10 37.97862812 0.9999136537
11 37.40306039 0.9999296752
12 35.22739124 0.9998967738
13 32.05174147 0.9998163484
14 28.24351928 0.9996318094
15 24.16705799 0.9992263207
16 20.09531744 0.9983879301
17 16.19936461 0.9967840546
18 12.57715419 0.9939777642
19 9.280804637 0.9895151868
20 6.332374471 0.9830727093
21 3.731782134 0.9745929108
22 1.462066329 0.9643238564
23 -0.5053627442 0.9527391657
24 -2.205340107 0.9403958893
25 -3.67429878 0.9278079563
26 -4.947002448 0.9153761339
27 -6.054718504 0.9033720636
28 -7.024511235 0.8919545048
29 -7.879243605 0.8811971859
30 -8.637948572 0.8711160805
31 -9.316345539 0.8616912255
32 -9.927374755 0.8528823397
33 -10.48168791 0.8446392119
34 -10.98807154 0.8369082193
35 -11.45379988 0.8296361908
36 -11.88492303 0.8227725395
37 -12.28649965 0.8162703082
38 -12.66278375 0.8100865559
39 -13.0173744 0.8041823626
40 -13.35333567 0.7985226238
41 -13.67329311 0.7930757396
42 -13.97951143 0.7878132633
43 -14.27395751 0.7827095436
44 -14.55835168 0.7777413816
45 -14.83420964 0.7728877109
46 -15.10287704 0.7681293074
47 -15.36555814 0.7634485257
48 -15.62333967 0.7588290642
49 -15.87721091 0.7542557548
50 -16.12808066 0.7497143754
51 -16.37679171 0.745191482
52 -16.62413324 0.7406742596
53 -16.87085151 0.7361503878
54 -17.11765918 0.7316079212
55 -17.36524346 0.7270351816
56 -17.61427322 0.7224206623
57 -17.86540524 0.7177529433
58 -18.11928972 0.7130206162
59 -18.37657508 0.7082122208
60 -18.63791203 0.7033161919
61 -18.90395707 0.6983208175
62 -19.1753753 0.69321421
63 -19.45284256 0.6879842909
64 -19.73704686 0.6826187909
65 -20.02868905 0.6771052669
66 -20.32848269 0.6714311378
67 -20.63715308 0.6655837406
68 -20.9554353 0.6595504086
69 -21.28407133 0.6533185734
70 -21.6238062 0.6468758914
71 -21.975383 0.6402103951
72 -22.33953702 0.6333106691
73 -22.71698872 0.6261660494
74 -23.10843596 0.6187668434
75 -23.51454527 0.6111045674
76 -23.93594246 0.6031721956
77 -24.37320279 0.5949644152
78 -24.82684081 0.5864778785
79 -25.29730019 0.5777114444
80 -25.78494378 0.5686663987
81 -26.29004432 0.5593466426
82 -26.812776 0.5497588401
83 -27.35320715 0.5399125139
84 -27.91129458 0.5298200823
85 -28.48687954 0.5194968296
86 -29.07968574 0.5089608081
87 -29.68931949 0.4982326687
88 -30.31527202 0.4873354244
89 -30.95692407 0.4762941503
90 -31.61355264 0.4651356309
91 -32.28433967 0.453887964
92 -32.96838261 0.4425801349
93 -33.66470637 0.4312415756
94 -34.37227653 0.4199017236
95 -35.09001328 0.4085895931
96 -35.81680579 0.3973333734
97 -36.55152664 0.3861600643
98 -37.29304586 0.3750951576
99 -38.04024434 0.3641623714
100 -38.7920263 0.3533834395
101 -39.5473305 0.3427779597
102 -40.30514011 0.3323632964
103 -41.06449103 0.3221545376
104 -41.82447864 0.3121645006
105 -42.58426285 0.3024037799
106 -43.34307164 0.2928808328
107 -44.10020298 0.2836020947
108 -44.85502531 0.274572118
109 -45.6069767 0.2657937273
110 -46.35556276 0.2572681871
111 -46.92541904 0.2505695314
112 -47.41359528 0.2450927497
113 -47.79964617 0.2407638827
114 -48.05558244 0.2378167902
115 -48.13220785 0.2366807363
116 -48.07155792 0.2370264815
117 -47.43285434 0.2426231096
118 -45.74065092 0.2592330913
119 -42.86884647 0.290982753
120 -39.36753378 0.3354569717
121 -36.11154098 0.3829684373
122 -33.66615203 0.4230040065
123 -32.08704442 0.4510378275
124 -31.16191965 0.4683266517
125 -30.65830679 0.4780714829
126 -30.4118122 0.4830281349
127 -30.32368619 0.4849983467
128 -30.33810704 0.4850425128
129 -30.42374171 0.4837672611
130 -30.56253384 0.4815252464
131 -30.74356792 0.4785307992
132 -30.95984497 0.4749223062
133 -31.20660132 0.4707951021
134 -31.48041897 0.4662189044
135 -31.77873918 0.4612473076
136 -32.09958324 0.4559231859
137 -32.44138244 0.4502819468
138 -32.80286773 0.4443536166
139 -33.18299387 0.4381642558
140 -33.58088449 0.4317369684
141 -33.99579088 0.4250926476
142 -34.42706004 0.4182505399
143 -34.87410945 0.4112286777
144 -35.33640692 0.404044212
145 -35.81345428 0.3967136665
146 -36.30477418 0.3892531299
147 -36.80989945 0.3816783949
148 -37.32836454 0.3740050554
149 -37.85969875 0.3662485676
150 -38.40342102 0.3584242795
151 -38.95903609 0.3505474362
152 -39.52603192 0.342633162
153 -40.10387812 0.3346964262
154 -40.69202551 0.3267519934
155 -41.2899065 0.3188143626
156 -41.89693633 0.3108976991
157 -42.51251514 0.3030157596
158 -43.13603061 0.2951818156
159 -43.7668613 0.2874085766
160 -44.40438049 0.2797081143
161 -45.04796045 0.2720917929
162 -45.69697706 0.2645702041
163 -46.35081469 0.2571531112
164 -47.00887118 0.2498494017
165 -47.67056287 0.2426670516
166 -48.33532948 0.2356131005
167 -49.00263877 0.2286936399
168 -49.67199078 0.2219138136
169 -50.34292154 0.2152778317
170 -51.01500611 0.2087889965
171 -51.68786076 0.2024497416
172 -52.36114428 0.1962616817
173 -53.03455815 0.1902256732
174 -53.70784559 0.1843418842
175 -54.3807894 0.1786098717
176 -55.0532085 0.1730286651
177 -55.72495316 0.1675968538
178 -56.39589906 0.1623126767
179 -57.06594006 0.1571741128
180 -57.73497992 0.1521789686
181 -58.40292305 0.1473249628
182 -59.06966453 0.1426098041
183 -59.73507962 0.1380312621
184 -60.3990131 0.1335872271
185 -61.06126876 0.1292757597
186 -61.72159938 0.1250951267
187 -62.37969777 0.1210438238
188 -63.03518909 0.1171205836
189 -63.68762508 0.1133243688
190 -64.33648036 0.1096543526
191 -64.98115137 0.1061098852
192 -65.62095785 0.1026904497
193 -66.25514736 0.09939561022
194 -66.88290238 0.09622495323
195 -67.50335023 0.09317802685
196 -68.11557522 0.09025428051
197 -68.71863271 0.08745300821
198 -69.31156458 0.08477329812
199 -69.89341549 0.08221399075
200 -70.46324919 0.07977364732
201 -71.02016457 0.07745052923
202 -71.56331052 0.07524258889
203 -72.09189938 0.07314747154
204 -72.6052185 0.07116252699
205 -73.10263961 0.06928483006
206 -73.58362592 0.06751120793
207 -74.04773681 0.06583827275
208 -74.49463021 0.06426245769
209 -74.92406292 0.06278005475
210 -75.33588883 0.06138725283
211 -75.73005553 0.06008017489
212 -76.10659944 0.05885491309
213 -76.46563987 0.05770756119
214 -76.80737216 0.05663424376
215 -77.13206029 0.05563114188
216 -77.44002912 0.05469451506
217 -77.73165653 0.05382071974
218 -78.00736567 0.05300622419
219 -78.26761736 0.05224762024
220 -78.51290289 0.05154163198
221 -78.57989028 0.05129128208
222 -78.59116556 0.05124264642
223 -78.54234389 0.0513626879
224 -78.42766783 0.05166816189
225 -78.23491781 0.05219353393
226 -78.03532218 0.05274230216
227 -76.58573953 0.05627209038
228 -63.07768026 0.09994499725
229 23.82928161 0.9025223441
230 38.06845706 0.9999142426
231 37.49350282 0.9999308391
232 35.35096598 0.999899067
233 32.21006638 0.9998215684
234 28.42779623 0.999643935
235 24.36747514 0.9992537518
236 20.30421791 0.9984465726
237 16.41124359 0.9969002069
238 12.78793997 0.994188417
239 9.487390158 0.989863196
240 6.532489656 0.9835969892
241 3.924016757 0.9753180696
242 1.645859867 0.9652550747
243 -0.3298386171 0.9538644705
244 -2.037379871 0.9416931141
245 -3.51287736 0.929252079
246 -4.790955128 0.9169443428
247 -5.902867081 0.9050461236
248 -6.875739676 0.8937211862
249 -7.73253577 0.8830476857
250 -8.492401237 0.8730450993
251 -9.171167085 0.8636960525
252 -9.781876488 0.8549620896
253 -10.33527231 0.8467942419
254 -10.84021981 0.8391397076
255 -11.30406011 0.8319458439
256 -11.73289942 0.8251623948
257 -12.13184307 0.818742605
258 -12.50518356 0.8126436553
259 -12.85655139 0.8068266994
260 -13.1890361 0.8012566815
261 -13.50528348 0.7959020406
262 -13.80757413 0.7907343692
263 -14.09788694 0.7857280626
264 -14.37795091 0.7808599797
265 -14.64928748 0.776109127
266 -14.91324541 0.7714563697
267 -15.1710297 0.7668841696
268 -15.4237257 0.7623763513
269 -15.67231929 0.7579178923
270 -15.91771402 0.753494736
271 -16.16074565 0.7490936243
272 -16.40219462 0.7447019485
273 -16.64279683 0.7403076151
274 -16.88325296 0.7358989261
275 -17.12423665 0.7314644712
276 -17.36640164 0.7269930318
277 -17.61038803 0.722473495
278 -17.85682784 0.717894778
279 -18.10634978 0.7132457628
280 -18.35958343 0.7085152407
281 -18.61716276 0.7036918676
282 -18.87972905 0.6987641315
283 -19.14793315 0.6937203321
284 -19.42243706 0.6885485748
285 -19.70391483 0.6832367801
286 -19.99305267 0.67777271
287 -20.2905483 0.6721440138
288 -20.59710939 0.6663382937
289 -20.91345117 0.6603431927
290 -21.24029301 0.6541465048
291 -21.57835412 0.6477363096
292 -21.92834828 0.6411011294
293 -22.29097758 0.6342301099
294 -22.66692537 0.6271132202
295 -23.0568483 0.6197414723
296 -23.46136777 0.6121071533
297 -23.88106083 0.6042040654
298 -24.31645071 0.5960277684
299 -24.7679973 0.5875758153
300 -25.23608775 0.578847973
301 -25.72102745 0.5698464185
302 -26.22303178 0.5605759017
303 -26.74221879 0.5510438642
304 -27.27860319 0.5412605078
305 -27.8320918 0.5312388042
306 -28.40248081 0.5209944414
307 -28.98945485 0.5105457053
308 -29.59258811 0.499913296
309 -30.2113475 0.4891200823
310 -30.84509783 0.4781908014
311 -31.49310888 0.4671517113
312 -32.15456424 0.4560302083
313 -32.82857163 0.4448544209
314 -33.51417452 0.4336527945
315 -34.21036463 0.4224536784
316 -34.91609501 0.4112849304
317 -35.63029343 0.4001735474
318 -36.35187559 0.3891453338
319 -37.079758 0.3782246141
320 -37.8128701 0.3674339944
321 -38.55016549 0.3567941766
322 -39.29063198 0.3463238247
323 -40.03330033 0.3360394832
324 -40.77725165 0.3259555425
325 -41.5216233 0.3160842495
326 -42.26561331 0.306435756
327 -43.00848342 0.2970182002
328 -43.74956066 0.2878378156
329 -44.48823775 0.2788990596
330 -45.22397221 0.2702047579
