0 -16.06799987 0.7503436569
1 -16.19386881 0.7480680018
2 -16.32106382 0.7457625527
3 -16.4496329 0.7434264127
4 -16.57962617 0.7410586461
5 -16.71109601 0.7386582757
6 -16.84409718 0.7362242804
7 -16.97868699 0.7337555934
8 -17.11492541 0.7312510986
9 -17.25287529 0.7287096287
10 -17.39260249 0.7261299619
11 -17.53417608 0.7235108188
12 -17.67766853 0.7208508592
13 -17.82315592 0.7181486791
14 -17.97071817 0.7154028065
15 -18.12043925 0.7126116983
16 -18.27240744 0.7097737357
17 -18.4267156 0.7068872207
18 -18.58346145 0.7039503715
19 -18.74274785 0.7009613176
20 -18.90468314 0.6979180959
21 -19.06938144 0.6948186449
22 -19.23696304 0.6916608002
23 -19.40755476 0.6884422888
24 -19.58129033 0.6851607238
25 -19.75831085 0.6818135987
26 -19.93876519 0.6783982816
27 -20.12281045 0.6749120093
28 -20.3106125 0.6713518815
29 -20.50234643 0.6677148549
30 -20.6981971 0.6639977369
31 -20.89835971 0.6601971805
32 -21.10304034 0.6563096785
33 -21.31245656 0.6523315586
34 -21.52683801 0.6482589784
35 -21.74642703 0.6440879222
36 -21.97147924 0.6398141975
37 -22.20226416 0.6354334336
38 -22.43906582 0.630941081
39 -22.6821833 0.6263324128
40 -22.93193124 0.6216025286
41 -23.18864037 0.6167463603
42 -23.45265787 0.6117586815
43 -23.72434765 0.6066341207
44 -24.00409057 0.6013671784
45 -24.29228444 0.5959522492
46 -24.58934386 0.5903836502
47 -24.89569978 0.5846556549
48 -25.21179889 0.578762536
49 -25.53810256 0.5726986147
50 -25.87508547 0.5664583205
51 -26.22323379 0.5600362604
52 -26.58304288 0.5534272984
53 -26.95501434 0.5466266464
54 -27.33965261 0.5396299671
55 -27.73746067 0.5324334872
56 -28.14893526 0.5250341227
57 -28.57456113 0.5174296139
58 -29.01480466 0.5096186686
59 -29.47010667 0.5016011126
60 -29.94087448 0.4933780419
61 -30.42747337 0.4849519752
62 -30.93021749 0.4763270009
63 -31.44936038 0.4675089118
64 -31.9850854 0.4585053229
65 -32.53749626 0.4493257651
66 -33.10660791 0.4399817469
67 -33.69233831 0.4304867779
68 -34.29450132 0.4208563485
69 -34.91280107 0.4111078598
70 -35.5468283 0.4012605017
71 -36.19605888 0.3913350763
72 -36.85985488 0.3813537707
73 -37.53746826 0.3713398805
74 -38.22804734 0.3613174933
75 -38.93064597 0.3513111393
76 -39.64423517 0.3413454233
77 -40.36771705 0.3314446477
78 -41.09994052 0.3216324432
79 -41.83971821 0.3119314181
80 -42.58584424 0.3023628397
81 -43.33711209 0.2929463574
82 -44.09233195 0.2836997768
83 -44.85034724 0.274638888
84 -45.61004952 0.2657773525
85 -46.37039167 0.2571266464
86 -47.1303989 0.2486960584
87 -47.88917746 0.2404927369
88 -48.64592093 0.2325217799
89 -49.39991418 0.2247863599
90 -50.150535 0.2172878772
91 -50.89725355 0.2100261324
92 -51.63962986 0.2029995125
93 -52.37730954 0.196205182
94 -53.11001787 0.1896392755
95 -53.83755267 0.1832970865
96 -54.55977589 0.1771732466
97 -55.2766044 0.171261896
98 -55.98799995 0.1655568396
99 -56.69395863 0.1600516895
100 -57.39449998 0.1547399916
101 -58.08965587 0.149615337
102 -58.77945946 0.1446714562
103 -59.46393433 0.1399022986
104 -60.14308408 0.1353020943
105 -60.81688255 0.1308654016
106 -61.48526493 0.1265871385
107 -62.14812008 0.1224626001
108 -62.8052841 0.1184874614
109 -63.45653554 0.1146577684
110 -64.10159237 0.1109699173
111 -64.74011084 0.1074206238
112 -65.37168634 0.1040068841
113 -65.99585624 0.1007259305
114 -66.61210469 0.09757518226
115 -67.21986925 0.09455219505
116 -67.81854908 0.09165461039
117 -68.40751447 0.08888010765
118 -68.9861174 0.08622635999
119 -69.55370266 0.08369099585
120 -70.10961931 0.08127156699
121 -70.65323192 0.07896552386
122 -71.18393143 0.0767701985
123 -71.70114511 0.07468279491
124 -72.20434554 0.07270038646
125 -72.69305823 0.0708199196
126 -73.16686798 0.06903822302
127 -73.62542356 0.06735202127
128 -74.06844105 0.06575795174
129 -74.49570562 0.06425258391
130 -74.907072 0.0628324401
131 -75.30246358 0.06149401656
132 -75.68187057 0.06023380441
133 -76.04534702 0.05904830965
134 -76.39300716 0.05793407183
135 -76.72502113 0.0568876811
136 -77.04161023 0.05590579329
137 -77.34304183 0.054985143
138 -77.62962422 0.05412255466
139 -77.90170133 0.05331495156
140 -78.15964756 0.05255936298
141 -78.40386274 0.05185292952
142 -78.63476731 0.05119290685
143 -78.85279779 0.05057666788
144 -79.05840254 0.05000170384
145 -79.25203788 0.049465624
146 -79.43416453 0.04896615467
147 -79.60524442 0.04850113724
148 -79.76573787 0.04806852566
149 -79.91610109 0.04766638334
150 -80.05678402 0.04729287971
151 -80.18822849 0.04694628639
152 -80.31086662 0.04662497321
153 -80.42511959 0.0463274041
154 -80.53139653 0.04605213279
155 -80.63009376 0.04579779863
156 -80.72159412 0.04556312236
157 -80.80626654 0.0453469019
158 -80.88446579 0.04514800833
159 -80.95653227 0.04496538187
160 -81.02279205 0.04479802805
161 -81.08355687 0.04464501403
162 -81.13912438 0.04450546497
163 -81.18977832 0.04437856071
164 -81.23578884 0.04426353246
165 -81.27741281 0.04415965972
166 -81.31489426 0.04406626735
167 -81.34846474 0.04398272278
168 -81.37834377 0.04390843339
169 -81.40473931 0.04384284399
170 -81.42784819 0.04378543451
171 -81.44785658 0.04373571778
172 -81.46494046 0.04369323744
173 -81.47926609 0.043657566
174 -81.49099044 0.04362830298
175 -81.50026167 0.04360507321
176 -81.50721952 0.04358752522
177 -81.51199578 0.04357532969
178 -81.51471465 0.04356817806
179 -81.5154932 0.04356578119
180 -81.51444169 0.0435678681
181 -81.51166398 0.04357418485
182 -81.50725783 0.04358449339
183 -81.50131531 0.04359857058
184 -81.49392304 0.04361620725
185 -81.48516256 0.04363720724
186 -81.47511058 0.04366138666
187 -81.46383925 0.04368857303
188 -81.45141648 0.0437186046
189 -81.43790609 0.04375132965
190 -81.42336816 0.04378660587
191 -81.40785914 0.04382429974
192 -81.39143214 0.04386428599
193 -81.3741371 0.04390644711
194 -81.35602095 0.04395067279
195 -81.33712784 0.04399685957
196 -81.31749925 0.0440449103
197 -81.29717421 0.04409473385
198 -81.27618937 0.04414624468
199 -81.2545792 0.04419936251
200 -81.2323761 0.04425401199
201 -81.20961051 0.04431012241
202 -81.18631104 0.04436762742
203 -81.1625046 0.04442646474
204 -81.13821643 0.04448657595
205 -81.11347028 0.04454790622
206 -81.08828844 0.04461040414
207 -81.06269186 0.04467402146
208 -81.03670022 0.04473871297
209 -81.01033197 0.04480443625
210 -80.98360446 0.04487115158
211 -80.95653396 0.0449388217
212 -80.92913575 0.04500741176
213 -80.90142416 0.0450768891
214 -80.8734126 0.04514722318
215 -80.84511368 0.04521838544
216 -80.8165392 0.04529034917
217 -80.7877002 0.04536308945
218 -80.75860704 0.04543658302
219 -80.72926938 0.04551080819
220 -80.69969629 0.04558574478
221 -80.6698962 0.045661374
222 -80.63987698 0.04573767849
223 -80.60964573 0.0458146426
224 -80.57920688 0.04589225642
225 -80.54854427 0.04597055344
226 -80.51745326 0.04604996344
227 -80.4839733 0.04613461334
228 -80.42975768 0.04626320764
229 -80.18358096 0.04679963009
230 -78.15044005 0.05132575089
231 -59.68688734 0.1120448947
232 31.17710613 0.9679459653
233 38.67034729 0.9999373279
234 37.94327254 0.9999363521
235 36.09256876 0.9999115425
236 33.41400497 0.9998559908
237 30.1779943 0.9997392689
238 26.67919686 0.9995045713
239 23.14335991 0.9990559359
240 19.712426 0.9982474223
241 16.46787691 0.9968823598
242 13.45522228 0.9947324293
243 10.69903246 0.9915812812
244 8.210055415 0.9872837128
245 5.988242131 0.9818167859
246 4.024523346 0.9752975541
247 2.302708437 0.9679584995
248 0.8017581646 0.9600941484
249 -0.5018756898 0.9520032951
250 -1.632232201 0.9439460765
251 -2.612367933 0.9361225275
252 -3.463454096 0.9286692623
253 -4.204345715 0.9216671089
254 -4.851483065 0.9151531907
255 -5.41899662 0.9091332586
256 -5.918918276 0.9035922343
257 -6.361434268 0.8985023535
258 -6.755141287 0.8938290334
259 -7.107285325 0.8895348771
260 -7.423974194 0.8855822702
261 -7.710361251 0.8819349743
262 -7.970801385 0.8785590295
263 -8.208981982 0.8754231997
264 -8.428032128 0.8724991241
265 -8.630613341 0.8697612874
266 -8.818994829 0.8671868838
267 -8.995115913 0.8647556236
268 -9.16063786 0.8624495162
269 -9.316986976 0.8602526455
270 -9.465390534 0.8581509532
271 -9.606906781 0.8561320336
272 -9.742450081 0.8541849457
273 -9.872812028 0.8523000416
274 -9.998679236 0.8504688133
275 -10.12064835 0.8486837552
276 -10.23923879 0.8469382427
277 -10.35490349 0.8452264247
278 -10.46803818 0.843543129
279 -10.57898912 0.841883779
280 -10.68805988 0.8402443204
281 -10.79551704 0.8386211572
282 -10.90159515 0.8370110954
283 -11.00650092 0.8354112936
284 -11.11041691 0.8338192198
285 -11.21350469 0.8322326133
286 -11.31590753 0.8306494517
287 -11.41775279 0.8290679214
288 -11.51915396 0.8274863923
289 -11.62021243 0.825903395
290 -11.72101904 0.824317601
291 -11.82165544 0.8227278057
292 -11.92219524 0.8211329125
293 -12.02270506 0.8195319195
294 -12.12324543 0.8179239079
295 -12.22387155 0.8163080309
296 -12.32463401 0.8146835047
297 -12.42557938 0.8130496003
298 -12.52675075 0.8114056358
299 -12.62818819 0.8097509705
300 -12.7299292 0.8080849984
301 -12.83200904 0.8064071436
302 -12.93446106 0.8047168551
303 -13.03731703 0.8030136034
304 -13.14060735 0.8012968759
305 -13.24436133 0.7995661742
306 -13.34860734 0.7978210106
307 -13.45337307 0.7960609055
308 -13.55868564 0.794285385
309 -13.66457179 0.7924939782
310 -13.771058 0.7906862151
311 -13.87817063 0.788861625
312 -13.98593605 0.787019734
313 -14.09438075 0.7851600637
314 -14.20353141 0.7832821291
315 -14.31341506 0.7813854376
316 -14.42405912 0.7794694867
317 -14.53549154 0.7775337631
318 -14.64774084 0.7755777407
319 -14.76083623 0.7736008796
320 -14.87480768 0.7716026245
321 -14.98968601 0.7695824033
322 -15.10550296 0.7675396253
323 -15.22229132 0.7654736804
324 -15.34008493 0.7633839371
325 -15.45891887 0.7612697409
326 -15.57882945 0.7591304134
327 -15.69985438 0.75696525
328 -15.82203282 0.7547735185
329 -15.94540549 0.7525544575
330 -16.07001479 0.7503072745
331 -16.19590486 0.748031144
332 -16.32312175 0.7457252054
333 -16.45171348 0.7433885614
334 -16.58173023 0.7410202754
335 -16.71322441 0.7386193696
336 -16.84625081 0.7361848224
337 -16.98086679 0.7337155657
338 -17.11713237 0.7312104831
339 -17.25511043 0.7286684063
340 -17.3948669 0.7260881123
341 -17.53647089 0.7234683211
342 -17.67999494 0.7208076914
343 -17.82551518 0.7181048179
344 -17.9731116 0.7153582279
345 -18.12286823 0.7125663767
346 -18.27487343 0.7097276445
347 -18.42922013 0.706840332
348 -18.58600614 0.7039026557
349 -18.74533439 0.700912744
350 -18.90731332 0.6978686321
351 -19.07205715 0.6947682569
352 -19.23968627 0.6916094523
353 -19.41032761 0.6883899434
354 -19.58411501 0.6851073415
355 -19.7611897 0.6817591382
356 -19.94170066 0.6783426993
357 -20.12580515 0.6748552598
358 -20.31366918 0.6712939168
359 -20.50546798 0.6676556247
360 -20.70138658 0.6639371886
361 -20.90162036 0.6601352589
362 -21.10637557 0.6562463258
363 -21.31586998 0.6522667141
364 -21.53033341 0.6481925789
365 -21.75000843 0.6440199014
366 -21.97515087 0.6397444866
367 -22.20603048 0.6353619606
368 -22.44293153 0.6308677711
369 -22.68615334 0.6262571884
370 -22.93601082 0.6215253093
371 -23.19283495 0.616667063
372 -23.45697317 0.6116772209
373 -23.72878969 0.606550409
374 -24.00866562 0.6012811261
375 -24.29699906 0.5958637652
376 -24.59420486 0.5902926424
377 -24.90071424 0.5845620309
378 -25.21697414 0.5786662037
379 -25.54344614 0.5725994832
380 -25.88060513 0.5663563014
381 -26.22893746 0.5599312685
382 -26.58893859 0.5533192534
383 -26.96111022 0.5465154747
384 -27.34595679 0.5395156028
385 -27.74398122 0.5323158749
386 -28.15568011 0.524913219
387 -28.58153796 0.5173053897
388 -29.02202081 0.509491112
389 -29.47756899 0.5014702306
390 -29.94858921 0.4932438633
391 -30.43544602 0.4848145531
392 -30.93845264 0.4761864148
393 -31.45786158 0.4673652694
394 -31.99385499 0.4583587626
395 -32.54653519 0.4491764565
396 -33.11591566 0.4398298917
397 -33.70191274 0.4303326103
398 -34.30433853 0.420700134
399 -34.92289537 0.410949894
400 -35.55717215 0.4011011074
401 -36.20664291 0.391174601
402 -36.87066788 0.3811925818
403 -37.54849731 0.371178361
404 -38.23927792 0.361156036
405 -38.9420621 0.3511501412
406 -39.65581966 0.3411852796
407 -40.37945173 0.3312857456
408 -41.11180648 0.3214751562
409 -41.85169611 0.3117761005
410 -42.5979146 0.3022098217
411 -43.34925553 0.2927959413
412 -44.10452954 0.2835522335
413 -44.86258067 0.2744944549
414 -45.6223014 0.265636232
415 -46.38264569 0.2569890055
416 -47.14263998 0.2485620292
417 -47.90139189 0.2403624176
418 -48.65809645 0.2323952365
419 -49.41204003 0.2246636287
420 -50.16260189 0.2171689671
421 -50.9092537 0.2099110284
422 -51.65155689 0.2028881778
423 -52.38915839 0.1960975621
424 -53.12178474 0.1895353008
425 -53.84923483 0.1831966751
426 -54.57137161 0.1770763076
427 -55.28811272 0.1711683319
428 -55.99942057 0.1654665486
429 -56.7052917 0.1599645677
430 -57.40574594 0.1546559351
431 -58.10081528 0.1495342434
432 -58.7905328 0.1445932261
433 -59.47492185 0.1398268366
434 -60.15398561 0.1352293099
435 -60.82769737 0.1307952101
436 -61.49599164 0.1265194611
437 -62.15875647 0.122397364
438 -62.81582706 0.1184246
439 -63.46698101 0.1145972209
440 -64.1119353 0.1109116284
441 -64.75034519 0.1073645428
442 -65.38180509 0.1039529647
443 -66.00585149 0.1006741298
444 -66.62196772 0.09752545996
445 -67.22959065 0.09450451254
446 -67.82811891 0.09160893009
447 -68.4169224 0.0888363922
448 -68.99535289 0.08618457162
449 -69.56275516 0.08365109577
450 -70.11847843 0.08123351496
451 -70.66188761 0.07892927784
452 -71.19237414 0.07673571444
453 -71.70936596 0.07465002667
454 -72.21233644 0.0726692858
455 -72.70081203 0.07079043629
456 -73.17437849 0.06901030505
457 -73.63268567 0.06732561507
458 -74.07545075 0.06573300248
459 -74.50246002 0.06422903585
460 -74.91356933 0.06281023691
461 -75.30870317 0.06147310165
462 -75.6878528 0.0602141213
463 -76.05107326 0.05902980223
464 -76.39847973 0.05791668469
465 -76.73024321 0.05687135978
466 -77.04658578 0.05589048449
467 -77.34777551 0.0549707948
468 -77.63412132 0.05410911665
469 -77.90596765 0.053302375
470 -78.16368937 0.05254760089
471 -78.40768666 0.05184193674
472 -78.63838027 0.0511826401
473 -78.85620693 0.0505670858
474 -79.06161517 0.04999276694
475 -79.2550614 0.04945729473
476 -79.43700638 0.04895839733
477 -79.60791205 0.04849391796
478 -79.76823866 0.04806181237
479 -79.91844236 0.04766014571
480 -80.05897296 0.04728708908
481 -80.19027214 0.04694091573
482 -80.31277187 0.04661999703
483 -80.42689312 0.04632279838
484 -80.53304484 0.04604787495
485 -80.63162312 0.04579386741
486 -80.72301059 0.04555949779
487 -80.80757596 0.04534356522
488 -80.88567374 0.04514494193
489 -80.95764414 0.04496256921
490 -81.02381296 0.04479545363
491 -81.08449174 0.04464266328
492 -81.13997789 0.04450332427
493 -81.19055492 0.04437661728
494 -81.23649278 0.0442617743
495 -81.27804812 0.0441580756
