0 -46.57988796 0.2549425885
1 -47.42865588 0.2456012988
2 -48.2755809 0.2365456608
3 -49.1197421 0.2277801318
4 -49.96033787 0.2193067012
5 -50.79668473 0.2111251513
6 -51.62821287 0.2032333384
7 -52.45445884 0.1956274839
8 -53.2750557 0.1883024643
9 -54.08972119 0.1812520923
10 -54.89824418 0.1744693818
11 -55.70046991 0.1679467924
12 -56.49628438 0.1616764491
13 -57.28559834 0.1556503357
14 -58.06833125 0.1498604596
15 -58.84439563 0.1442989883
16 -59.61368216 0.1389583571
17 -60.37604609 0.133831349
18 -61.13129519 0.1289111484
19 -61.87917977 0.1241913687
20 -62.61938509 0.1196660582
21 -63.35152636 0.1153296853
22 -64.07514671 0.1111771065
23 -64.7897181 0.1072035204
24 -65.49464525 0.1034044124
25 -66.1892724 0.09977549239
26 -66.87289268 0.09631263043
27 -67.5447597 0.09301179316
28 -68.20410083 0.0898689849
29 -68.85013176 0.08688019543
30 -69.48207158 0.08404135679
31 -70.09915788 0.0813483102
32 -70.70066137 0.07879678386
33 -71.28589937 0.07638238131
34 -71.85424784 0.07410057981
35 -72.40515169 0.07194673761
36 -72.93813296 0.06991610859
37 -73.45279697 0.06800386273
38 -73.94883634 0.06620511075
39 -74.42603284 0.06451493132
40 -74.88425743 0.06292839929
41 -75.32346849 0.06144061395
42 -75.74370854 0.06004672614
43 -76.1450992 0.05874196468
44 -76.52783149 0.05752166961
45 -76.89212627 0.05638139554
46 -77.23796222 0.05531758318
47 -77.56295677 0.05433270928
48 -77.84551374 0.05347571426
49 -77.91029977 0.05316297287
50 -76.35466618 0.05687590528
51 -62.12534578 0.1043826976
52 22.1230002 0.8984134845
53 37.5547173 0.9999034496
54 37.02014323 0.9999245348
55 34.66273301 0.9998857482
56 31.23747809 0.9997874695
57 27.16512126 0.999553604
58 22.83851732 0.9990214224
59 18.54652697 0.997889251
60 14.46957324 0.9956834611
61 10.71062407 0.9918014133
62 7.322328363 0.9856704259
63 4.322389652 0.9769758066
64 1.70225972 0.9658185328
65 -0.5655329492 0.9526899642
66 -2.519753272 0.9382918567
67 -4.20343613 0.9233286004
68 -5.658679489 0.9083716938
69 -6.923609899 0.8938153341
70 -8.031126753 0.8798921456
71 -9.008785135 0.8667125642
72 -9.879266209 0.8543051628
73 -10.66107228 0.8426487673
74 -11.36924686 0.8316949468
75 -12.01602757 0.8213825201
76 -12.61140025 0.8116463321
77 -13.16355237 0.8024222377
78 -13.67923675 0.7936497065
79 -14.16406005 0.7852729939
80 -14.62271063 0.7772414852
81 -15.05913823 0.7695095823
82 -15.47669599 0.7620363602
83 -15.87825292 0.7547851208
84 -16.26628355 0.7477229194
85 -16.6429396 0.7408201045
86 -17.01010775 0.7340498882
87 -17.36945635 0.7273879593
88 -17.72247354 0.7208121376
89 -18.07049854 0.7143020697
90 -18.41474744 0.7078389634
91 -18.75633466 0.7014053556
92 -19.09629093 0.6949849118
93 -19.43557843 0.6885622517
94 -19.77510354 0.682122799
95 -20.11572782 0.6756526533
96 -20.45827732 0.6691384796
97 -20.80355058 0.6625674162
98 -21.15232554 0.6559269982
99 -21.50536548 0.6492050959
100 -21.86342403 0.6423898676
101 -22.22724942 0.6354697268
102 -22.59758808 0.6284333238
103 -22.97518737 0.6212695419
104 -23.3607977 0.6139675082
105 -23.75517389 0.6065166218
106 -24.15907575 0.5989065979
107 -24.5732678 0.5911275307
108 -24.99851818 0.5831699747
109 -25.43559646 0.575025047
110 -25.88527052 0.566684549
111 -26.34830221 0.5581411102
112 -26.82544177 0.5493883516
113 -27.31742105 0.5404210688
114 -27.82494535 0.5312354318
115 -28.34868394 0.5218291987
116 -28.88925935 0.5122019372
117 -29.44723545 0.5023552485
118 -30.02310465 0.492292985
119 -30.61727427 0.4820214508
120 -31.23005276 0.4715495754
121 -31.86163593 0.4608890478
122 -32.51209387 0.4500543983
123 -33.18135924 0.4390630163
124 -33.86921742 0.4279350933
125 -34.57529932 0.4166934842
126 -35.29907735 0.405363481
127 -36.03986524 0.3939725003
128 -36.79682188 0.3825496894
129 -37.56895955 0.3711254606
130 -38.35515648 0.3597309707
131 -39.15417345 0.3483975637
132 -39.96467395 0.3371562002
133 -40.78524722 0.3260368967
134 -41.6144333 0.3150681992
135 -42.45074909 0.3042767113
136 -43.29271438 0.2936866948
137 -44.13887692 0.2833197566
138 -44.98783552 0.2731946278
139 -45.83826057 0.2633270375
140 -46.6889112 0.2537296796
141 -47.53864881 0.2444122623
142 -48.38644674 0.235381632
143 -49.231396 0.2266419583
144 -50.07270725 0.2181949648
145 -50.90970918 0.2100401938
146 -51.7418437 0.2021752904
147 -52.56865822 0.1945962951
148 -53.38979552 0.1872979344
149 -54.20498159 0.1802739017
150 -55.01401183 0.1735171207
151 -55.8167361 0.1670199883
152 -56.6130429 0.160774592
153 -57.4028433 0.1547729003
154 -58.18605475 0.1490069251
155 -58.96258548 0.1434688544
156 -59.73231964 0.138151157
157 -60.4951038 0.133046659
158 -61.25073514 0.1281485938
159 -61.99895171 0.1234506272
160 -62.73942511 0.1189468592
161 -63.47175597 0.1146318071
162 -64.19547228 0.1105003706
163 -64.91003081 0.1065477844
164 -65.6148215 0.1027695605
165 -66.30917474 0.09916142563
166 -66.99237113 0.09571925584
167 -67.66365352 0.09243901366
168 -68.32224066 0.0893166894
169 -68.96734195 0.08634825004
170 -69.59817275 0.0835295974
171 -70.21396959 0.08085653669
172 -70.81400473 0.07832475594
173 -71.39759955 0.07592981617
174 -71.96413651 0.07366715137
175 -72.51306909 0.07153207731
176 -73.04392982 0.06951980751
177 -73.55633607 0.06762547474
178 -74.04999369 0.06584415652
179 -74.52469863 0.06417090286
180 -74.98033661 0.06260076491
181 -75.41688105 0.06112882327
182 -75.83438949 0.05975021511
183 -76.23299834 0.05846016039
184 -76.61291296 0.05725399477
185 -76.97436784 0.05612727243
186 -77.31735391 0.05507643612
187 -77.63949341 0.05410396235
188 -77.91912956 0.05325878592
189 -77.98023748 0.05295754074
190 -76.41338237 0.05668795296
191 -62.10076657 0.1044175378
192 22.36669556 0.9003925835
193 37.57781394 0.9999044567
194 37.03019113 0.9999246848
195 34.67256054 0.9998859567
196 31.24876528 0.9997879083
197 27.17784135 0.9995546326
198 22.85229548 0.9990238321
199 18.56097223 0.9978945953
200 14.48433998 0.9956943461
201 10.72541239 0.9918214457
202 7.336888402 0.9857035517
203 4.336535977 0.9770251984
204 1.715882936 0.965885667
205 -0.5524675616 0.9527744542
206 -2.507220112 0.9383920055
207 -4.191369556 0.9234421938
208 -5.646992849 0.9084966205
209 -6.912209652 0.8939499004
210 -8.019921256 0.8800351526
211 -8.997689237 0.8668632572
212 -9.868203072 0.854463137
213 -10.6499736 0.8428138736
214 -11.35805223 0.8318672145
215 -12.00468355 0.8215620994
216 -12.59985927 0.8118334538
217 -13.15177173 0.8026171863
218 -13.66717768 0.7938528023
219 -14.15168689 0.7854845824
220 -14.60999015 0.7774619302
221 -15.046039 0.7697392628
222 -15.46318786 0.7622756686
223 -15.8643066 0.7550344626
224 -16.25187019 0.7479827139
225 -16.6280305 0.7410907856
226 -16.994674 0.734331906
227 -17.3534686 0.7276817818
228 -17.70590175 0.7211182519
229 -18.05331174 0.7146209842
230 -18.39691352 0.7081712091
231 -18.7378202 0.701751488
232 -19.07706098 0.6953455123
233 -19.41559631 0.6889379287
234 -19.75433073 0.6825141899
235 -20.09412373 0.6760604249
236 -20.43579915 0.669563329
237 -20.78015316 0.6630100713
238 -21.1279612 0.6563882179
239 -21.47998387 0.6496856693
240 -21.83697202 0.6428906132
241 -22.19967104 0.6359914909
242 -22.56882434 0.6289769778
243 -22.94517629 0.6218359786
244 -23.32947424 0.6145576377
245 -23.72246999 0.6071313652
246 -24.12492039 0.59954688
247 -24.53758715 0.591794271
248 -24.96123577 0.5838640768
249 -25.39663352 0.5757473854
250 -25.84454631 0.5674359547
251 -26.30573452 0.5589223535
252 -26.78094757 0.5502001232
253 -27.27091717 0.5412639581
254 -27.77634938 0.5321099044
255 -28.29791522 0.5227355714
256 -28.83624011 0.5131403524
257 -29.39189212 0.5033256484
258 -29.96536915 0.4932950857
259 -30.55708558 0.4830547183
260 -31.16735835 0.4726132043
261 -31.7963933 0.4619819437
262 -32.44427204 0.4511751657
263 -33.1109401 0.4402099525
264 -33.79619689 0.4291061907
265 -34.4996883 0.4178864408
266 -35.22090239 0.4065757198
267 -35.95916873 0.3952011983
268 -36.71366195 0.3837918149
269 -37.48340948 0.3723778186
270 -38.26730364 0.3609902544
271 -39.06411786 0.3496604106
272 -39.87252645 0.3384192499
273 -40.6911273 0.3272968493
274 -41.5184667 0.31632187
275 -42.35306523 0.3055210815
276 -43.1934438 0.2949189555
277 -44.03814871 0.284537344
278 -44.88577497 0.2743952503
279 -45.73498695 0.2645086929
280 -46.58453593 0.254890663
281 -47.43327393 0.2455511658
282 -48.28016379 0.2364973365
283 -49.12428527 0.2277336182
284 -49.96483746 0.2192619879
285 -50.80113752 0.2110822168
286 -51.63261627 0.2031921521
287 -52.45881081 0.1955880075
288 -53.27935472 0.1882646535
289 -54.09396618 0.1812158982
290 -54.90243441 0.1744347526
291 -55.70460492 0.1679136743
292 -56.50036392 0.1616447877
293 -57.28962229 0.1556200765
294 -58.07229951 0.1498315492
295 -58.84830805 0.1442713748
296 -59.6175385 0.1389319905
297 -60.37984593 0.1338061819
298 -61.13503789 0.1288871356
299 -61.88286445 0.1241684677
300 -62.62301057 0.1196442291
301 -63.35509115 0.1153088906
302 -64.07864903 0.1111573107
303 -64.79315589 0.1071846902
304 -65.49801618 0.1033865162
305 -66.19257392 0.09975849984
306 -66.87612209 0.09629651223
307 -67.54791416 0.09299652084
308 -68.20717748 0.08985453051
309 -68.85312774 0.08686653132
310 -69.48498411 0.08402845544
311 -70.10198435 0.08133614412
312 -70.70339937 0.07878532548
313 -71.28854675 0.07637160295
314 -71.85680277 0.07409045374
315 -72.40761266 0.07193723604
316 -72.94049886 0.06990720376
317 -73.45506708 0.06799552704
318 -73.95101031 0.06619731681
319 -74.42811072 0.06450765209
320 -74.88623966 0.0629216082
321 -75.32535588 0.06143428498
322 -75.74550225 0.06004083394
323 -76.1468007 0.05873648463
324 -76.52944254 0.05751657792
325 -76.89364886 0.05637666935
326 -77.23939842 0.05531320089
327 -77.56430736 0.05432865339
328 -77.84676718 0.05347199501
329 -77.91133816 0.05315983302
330 -76.35446842 0.05687576452
331 -62.11542931 0.1044233915
332 22.14686489 0.898652835
333 37.5556415 0.9999035337
334 37.01991254 0.9999245324
335 34.66217217 0.9998857368
336 31.2367488 0.9997874412
337 27.16434307 0.9995535403
338 22.83777686 0.9990212903
339 18.54587481 0.9978890032
340 14.46903295 0.9956830493
341 10.71020232 0.9918008175
342 7.322021828 0.9856696891
343 4.322189269 0.97697505
344 1.702153574 0.965817935
345 -0.5655574476 0.9526897153
346 -2.519707869 0.9382921171
347 -4.203330899 0.9233294811
348 -5.658522577 0.9083732581
349 -6.923407628 0.8938176089
350 -8.030883888 0.8798951353
351 -9.008505192 0.8667162612
352 -9.878951734 0.8543095544
353 -10.66072508 0.8426538399
354 -11.36886817 0.8317006884
355 -12.0156182 0.8213889212
356 -12.61096068 0.8116533859
357 -13.16308282 0.8024299406
358 -13.67873723 0.7936580573
359 -14.1635304 0.7852819943
360 -14.62215055 0.777251139
361 -15.05854729 0.7695198957
362 -15.47607364 0.7620473415
363 -15.8775985 0.7547967801
364 -16.26559631 0.7477352688
365 -16.6422187 0.7408331579
366 -17.00935224 0.7340636613
367 -17.36866517 0.7274024697
368 -17.72164556 0.7208274045
369 -18.0696325 0.7143181142
370 -18.41384197 0.7078558083
371 -18.7553883 0.7014230256
372 -19.09530211 0.6950034335
373 -19.43454542 0.6885816534
374 -19.77402452 0.682143111
375 -20.11460082 0.6756739078
376 -20.45710024 0.6691607107
377 -20.80232117 0.66259066
378 -21.15104141 0.6559512924
379 -21.50402407 0.6492304802
380 -21.86202262 0.6424163832
381 -22.22578515 0.6354974168
382 -22.59605791 0.6284622325
383 -22.9735881 0.6212997146
384 -23.35912596 0.6139989915
385 -23.75342615 0.6065494625
386 -24.15724833 0.598940843
387 -24.57135688 0.5911632266
388 -24.9965198 0.5832071669
389 -25.43350657 0.5750637788
390 -25.88308499 0.5667248612
391 -26.34601684 0.5581830397
392 -26.82305237 0.5494319305
393 -27.31492346 0.5404663229
394 -27.82233549 0.5312823796
395 -28.3459579 0.5218778495
396 -28.88641344 0.5122522903
397 -29.44426629 0.5024072911
398 -30.02000922 0.4923466911
399 -30.61405005 0.4820767795
400 -31.22669778 0.4716064702
401 -31.85814887 0.4609474355
402 -32.50847416 0.4501141884
403 -33.17760711 0.4391241006
404 -33.86533397 0.4279973466
405 -34.57128657 0.4167567648
406 -35.29493829 0.4054276322
407 -36.03560379 0.3940373522
408 -36.7924429 0.3826150614
409 -37.56446879 0.3711911641
410 -38.35056049 0.3597968122
411 -39.1494795 0.3484633484
412 -39.95988988 0.3372217352
413 -40.78038134 0.3261019946
414 -41.6094942 0.3151326809
415 -42.44574552 0.3043404092
416 -43.28765508 0.293749455
417 -44.13377044 0.2833814409
418 -44.98269015 0.2732551148
419 -45.83308417 0.2633862236
420 -46.68371111 0.2537874789
