0 -4.671014635 0.9173950597
1 -5.439293362 0.9093219652
2 -6.112270752 0.9018144449
3 -6.704711343 0.8948697836
4 -7.22902991 0.8884641769
5 -7.695625083 0.8825618355
6 -8.113194624 0.8771212243
7 -8.489016094 0.8720991163
8 -8.82918804 0.8674530887
9 -9.138832884 0.8631429572
10 -9.422265352 0.8591315155
11 -9.683131256 0.8553848321
12 -9.924521371 0.8518722783
13 -10.14906475 0.848566399
14 -10.35900521 0.8454426997
15 -10.55626411 0.8424793949
16 -10.74249196 0.8396571457
17 -10.91911107 0.8369588037
18 -11.08735078 0.8343691695
19 -11.24827673 0.8318747701
20 -11.40281529 0.829463658
21 -11.55177396 0.8271252302
22 -11.69585847 0.8248500679
23 -11.83568724 0.8226297944
24 -11.97180356 0.8204569491
25 -12.10468592 0.8183248779
26 -12.2347568 0.8162276352
27 -12.36239019 0.8141598992
28 -12.48791799 0.8121168966
29 -12.61163554 0.810094337
30 -12.73380634 0.8080883551
31 -12.85466615 0.8060954593
32 -12.97442654 0.8041124875
33 -13.09327794 0.8021365674
34 -13.21139233 0.8001650814
35 -13.32892555 0.7981956362
36 -13.44601934 0.7962260354
37 -13.56280313 0.7942542552
38 -13.67939558 0.792278423
39 -13.79590599 0.7902967984
40 -13.91243549 0.7883077557
41 -14.02907813 0.7863097693
42 -14.14592184 0.7843013992
43 -14.26304928 0.7822812791
44 -14.38053862 0.7802481053
45 -14.49846419 0.7782006259
46 -14.61689715 0.7761376322
47 -14.73590604 0.7740579496
48 -14.85555725 0.77196043
49 -14.97591558 0.7698439445
50 -15.09704463 0.7677073763
51 -15.21900719 0.765549614
52 -15.34186569 0.763369546
53 -15.46568251 0.7611660538
54 -15.59052039 0.7589380067
55 -15.71644272 0.7566842556
56 -15.84351392 0.7544036279
57 -15.97179975 0.7520949211
58 -16.10136766 0.7497568979
59 -16.23228712 0.7473882793
60 -16.36462995 0.7449877398
61 -16.49847073 0.7425539001
62 -16.63388711 0.7400853211
63 -16.77096019 0.7375804974
64 -16.909775 0.7350378492
65 -17.05042082 0.7324557159
66 -17.19299174 0.7298323472
67 -17.33758704 0.7271658947
68 -17.48431177 0.7244544032
69 -17.63327726 0.7216958005
70 -17.78460173 0.7188878875
71 -17.93841088 0.7160283267
72 -18.09483862 0.7131146307
73 -18.2540277 0.7101441496
74 -18.41613057 0.7071140578
75 -18.58131011 0.7040213395
76 -18.74974057 0.7008627744
77 -18.92160846 0.6976349217
78 -19.09711352 0.694334104
79 -19.27646979 0.6909563902
80 -19.45990665 0.6874975782
81 -19.64766997 0.6839531769
82 -19.8400233 0.6803183889
83 -20.03724905 0.6765880922
84 -20.23964973 0.6727568233
85 -20.44754915 0.6688187609
86 -20.66129371 0.6647677114
87 -20.88125353 0.6605970962
88 -21.10782359 0.6562999423
89 -21.34142476 0.6518688764
90 -21.58250467 0.6472961244
91 -21.83153844 0.6425735172
92 -22.0890291 0.6376925035
93 -22.35550774 0.6326441725
94 -22.63153331 0.6274192875
95 -22.91769188 0.6220083318
96 -23.2145954 0.61640157
97 -23.52287986 0.6105891261
98 -23.84320264 0.6045610794
99 -24.17623908 0.5983075822
100 -24.52267811 0.5918189979
101 -24.88321689 0.5850860632
102 -25.2585544 0.5781000726
103 -25.64938386 0.5708530858
104 -26.05638409 0.5633381557
105 -26.48020974 0.5555495747
106 -26.92148051 0.5474831333
107 -27.38076945 0.5391363871
108 -27.85859058 0.5305089221
109 -28.35538603 0.5216026107
110 -28.87151308 0.5124218469
111 -29.40723134 0.5029737494
112 -29.96269048 0.4932683223
113 -30.53791842 0.4833185694
114 -31.13280912 0.4731405683
115 -31.74710706 0.4627535448
116 -32.38038249 0.4521800304
117 -33.03198875 0.4414462242
118 -33.700995 0.4305826527
119 -34.3860971 0.4196250682
120 -35.08552676 0.4086152734
121 -35.79699462 0.3976013362
122 -36.51770496 0.3866366685
123 -37.24446274 0.3757777471
124 -37.97386422 0.3650807435
125 -38.70253448 0.3545977358
126 -39.42736255 0.3443733163
127 -40.1456892 0.3344422458
128 -40.85542046 0.3248284599
129 -41.55506119 0.31554537
130 -42.24368034 0.3065971482
131 -42.92082938 0.2979805778
132 -43.58643717 0.289687075
133 -44.24070131 0.2817045823
134 -44.88398992 0.274019155
135 -45.51676136 0.2666161693
136 -46.13950453 0.2594811596
137 -46.7526985 0.2526003343
138 -47.35678846 0.245960844
139 -47.95217426 0.2395508719
140 -48.53920774 0.2333596103
141 -49.11819581 0.2273771713
142 -49.68940666 0.2215944681
143 -50.25307747 0.2160030895
144 -50.80942227 0.2105951824
145 -51.35863933 0.2053633488
146 -51.90091763 0.2003005613
147 -52.43644222 0.1954000957
148 -52.96539856 0.1906554802
149 -53.48797576 0.1860604581
150 -54.0043689 0.1816089628
151 -54.5147806 0.1772951009
152 -55.01942185 0.1731131432
153 -55.51851228 0.1690575204
154 -56.01227996 0.1651228231
155 -56.5009608 0.1613038046
156 -56.98479756 0.1575953851
157 -57.46403866 0.1539926579
158 -57.9389366 0.1504908961
159 -58.40974635 0.1470855593
160 -58.87672334 0.143772301
161 -59.34012143 0.1405469756
162 -59.80019063 0.1374056453
163 -60.25717471 0.1343445867
164 -60.71130872 0.1313602966
165 -61.16281631 0.1284494971
166 -61.6119071 0.1256091405
167 -62.05877389 0.1228364122
168 -62.50358993 0.1201287336
169 -62.94650616 0.1174837627
170 -63.38764856 0.1148993939
171 -63.82711561 0.112373756
172 -64.2649759 0.109905208
173 -64.70126604 0.1074923336
174 -65.1359888 0.1051339331
175 -65.56911163 0.1028290137
176 -66.00056561 0.100576777
177 -66.43024489 0.09837660546
178 -66.85800654 0.09622804566
179 -67.2836711 0.09413079095
180 -67.70702359 0.09208466188
181 -68.12781511 0.09008958569
182 -68.54576511 0.0881455749
183 -68.96056406 0.08625270554
184 -69.37187675 0.08441109528
185 -69.77934598 0.0826208821
186 -70.18259664 0.08088220379
187 -70.58124011 0.07919517874
188 -70.97487879 0.07755988832
189 -71.36311089 0.07597636133
190 -71.74553504 0.07444456047
191 -72.12175501 0.07296437125
192 -72.49138408 0.07153559334
193 -72.85404931 0.0701579343
194 -73.20939537 0.06883100573
195 -73.55708803 0.06755432163
196 -73.89681721 0.06632729897
197 -74.22829957 0.06514925997
198 -74.55128059 0.06401943612
199 -74.86553619 0.06293697357
200 -75.17087387 0.06190093956
201 -75.46713333 0.06091032974
202 -75.7541867 0.05996407614
203 -76.03193839 0.05906105535
204 -76.30032447 0.05820009705
205 -76.55931183 0.05737999237
206 -76.808897 0.05659950215
207 -77.04910475 0.05585736485
208 -77.2799865 0.05515230406
209 -77.50161856 0.0544830356
210 -77.71410029 0.05384827393
211 -77.91755217 0.05324673815
212 -78.11211383 0.05267715735
213 -78.29794208 0.05213827531
214 -78.47520895 0.05162885475
215 -78.64409976 0.05114768094
216 -78.80481128 0.05069356475
217 -78.95754992 0.05026534534
218 -79.10253006 0.04986189222
219 -79.23997242 0.049482107
220 -79.37010257 0.04912492468
221 -79.49314951 0.04878931468
222 -79.60934441 0.04847428145
223 -79.71891944 0.04817886486
224 -79.82210665 0.04790214035
225 -79.91913703 0.04764321884
226 -80.01023967 0.0474012465
227 -80.09564093 0.04717540428
228 -80.17556384 0.04696490737
229 -80.25022745 0.04676900458
230 -80.31984638 0.04658697752
231 -80.38463035 0.04641813978
232 -80.44478386 0.04626183608
233 -80.50050588 0.04611744127
234 -80.55198961 0.04598435941
235 -80.59942236 0.04586202274
236 -80.64298537 0.04574989069
237 -80.68285373 0.04564744885
238 -80.71919638 0.04555420799
239 -80.75217608 0.04546970301
240 -80.78194944 0.045393492
241 -80.80866697 0.0453251552
242 -80.83247314 0.0452642941
243 -80.85350651 0.04521053046
244 -80.87189983 0.04516350542
245 -80.88778016 0.04512287863
246 -80.90126901 0.04508832734
247 -80.9124825 0.04505954564
248 -80.9215315 0.04503624357
249 -80.92852182 0.04501814646
250 -80.93355431 0.04500499412
251 -80.93672494 0.04499654049
252 -80.93812373 0.04499255544
253 -80.93782397 0.04499284669
254 -80.93578465 0.04499746112
255 -80.93096943 0.04500850338
256 -80.91337097 0.04504660811
257 -80.79158528 0.04530112572
258 -79.73425814 0.0475450003
259 -70.2230312 0.07238753634
260 6.409986287 0.7033995932
261 38.30390642 0.9998580758
262 38.23035499 0.9999393142
263 36.58458105 0.9999190962
264 33.99622376 0.9998707498
265 30.72389138 0.9997648055
266 27.08802109 0.9995420697
267 23.3580482 0.9990962033
268 19.71233894 0.9982563972
269 16.25588955 0.9967816537
270 13.04774391 0.9943820442
271 10.11961353 0.9907763398
272 7.485181555 0.9857745715
273 5.144285231 0.979349873
274 3.085523644 0.9716607207
275 1.289006544 0.9630118157
276 -0.2705282344 0.9537771219
277 -1.620695621 0.9443225618
278 -2.789030643 0.9349540638
279 -3.801353854 0.9258963619
280 -4.680883129 0.9172947019
281 -5.447908078 0.9092284122
282 -6.119824877 0.9017278423
283 -6.711367741 0.8947899546
284 -7.234925159 0.8883907518
285 -7.700873444 0.8824943425
286 -8.117891658 0.8770591501
287 -8.493241808 0.8720419445
288 -8.833009555 0.8674003222
289 -9.142306661 0.8630941314
290 -9.425439029 0.8590862036
291 -9.686045157 0.8553426472
292 -9.927209741 0.8518328723
293 -10.15155677 0.848529461
294 -10.36132583 0.8454079526
295 -10.55843472 0.8424465927
296 -10.74453097 0.8396260703
297 -10.92103436 0.836929262
298 -11.08917208 0.8343409904
299 -11.25000796 0.8318478023
300 -11.40446681 0.8294377673
301 -11.55335479 0.827100298
302 -11.6973765 0.824825989
303 -11.83714937 0.8226064755
304 -11.97321583 0.8204343076
305 -12.10605364 0.8183028404
306 -12.23608464 0.8162061366
307 -12.36368226 0.8141388817
308 -12.48917791 0.8120963089
309 -12.61286651 0.8100741335
310 -12.73501118 0.8080684953
311 -12.85584734 0.8060759073
312 -12.97558629 0.8040932115
313 -13.09441819 0.8021175392
314 -13.21251478 0.8001462761
315 -13.33003171 0.7981770319
316 -13.44711054 0.7962076128
317 -13.56388052 0.7942359975
318 -13.68046017 0.7922603155
319 -13.79695865 0.7902788285
320 -13.91347697 0.7882899128
321 -14.03010908 0.7862920443
322 -14.14694279 0.7842837849
323 -14.26406067 0.7822637697
324 -14.38154079 0.7802306963
325 -14.49945741 0.7781833145
326 -14.61788159 0.7761204168
327 -14.7368818 0.7740408299
328 -14.85652435 0.7719434072
329 -14.97687397 0.7698270209
330 -15.09799417 0.7676905556
331 -15.21994768 0.7655329015
332 -15.34279683 0.763352948
333 -15.46660395 0.7611495784
334 -15.59143166 0.7589216634
335 -15.71734328 0.7566680555
336 -15.84440314 0.7543875838
337 -15.9726769 0.7520790478
338 -16.1022319 0.7497412118
339 -16.23313749 0.7473727995
340 -16.3654654 0.7449724872
341 -16.49929003 0.7425388983
342 -16.63468891 0.7400705965
343 -16.771743 0.7375660791
344 -16.91053713 0.73502377
345 -17.05116042 0.7324420119
346 -17.19370673 0.7298190583
347 -17.33827513 0.7271530653
348 -17.48497043 0.7244420823
349 -17.63390368 0.7216840423
350 -17.78519281 0.7188767518
351 -17.93896322 0.7160178794
352 -18.09534842 0.7131049445
353 -18.25449083 0.7101353046
354 -18.41654243 0.7071061421
355 -18.58166569 0.70401445
356 -18.75003432 0.7008570176
357 -18.92183431 0.6976304144
358 -19.09726481 0.6943309742
359 -19.27653922 0.6909547779
360 -19.45988624 0.6874976365
361 -19.647551 0.683955073
362 -19.83979626 0.6803223045
363 -20.03690359 0.6765942251
364 -20.2391746 0.6727653879
365 -20.44693215 0.6688299894
366 -20.66052165 0.6647818541
367 -20.88031216 0.6606144226
368 -21.10669757 0.6563207412
369 -21.34009764 0.6518934565
370 -21.58095886 0.6473248145
371 -21.82975518 0.6426066654
372 -22.08698848 0.6377304769
373 -22.35318872 0.6326873562
374 -22.62891374 0.6274680825
375 -22.91474858 0.6220631533
376 -23.21130427 0.6164628442
377 -23.51921598 0.6106572862
378 -23.83914043 0.6046365617
379 -24.17175252 0.5983908199
380 -24.51774097 0.5919104155
381 -24.877803 0.5851860687
382 -25.252638 0.5782090494
383 -25.64293994 0.5709713838
384 -26.04938883 0.5634660814
385 -26.47264093 0.5556873809
386 -26.91331802 0.5476310088
387 -27.37199573 0.5392944459
388 -27.84919118 0.5306771937
389 -28.34535006 0.5217810305
390 -28.86083371 0.5126102485
391 -29.39590621 0.5031718581
392 -29.95072209 0.4934757515
393 -30.52531444 0.483534819
394 -31.11958262 0.4733650256
395 -31.73327676 0.4629854877
396 -32.3659731 0.4524186303
397 -33.01703183 0.4416905437
398 -33.68553069 0.4308316324
399 -34.37017717 0.419877497
400 -35.06921905 0.4088697418
401 -35.78038814 0.3978561845
402 -36.50091431 0.3868899484
403 -37.22763011 0.3760272219
404 -37.9571578 0.3653239394
405 -38.68614291 0.3548320451
406 -39.41148622 0.3445961359
407 -40.13052981 0.3346511262
408 -40.84117069 0.3250212381
409 -41.54189593 0.3157202691
410 -42.23175033 0.3067528331
411 -42.91025767 0.2981161696
412 -43.57731815 0.2898021291
413 -44.23310182 0.2817990427
414 -44.87795176 0.2740932938
415 -45.5123046 0.266670522
416 -46.13663117 0.2595164617
417 -46.75139597 0.2526174643
418 -47.35703288 0.2459607748
419 -47.95393324 0.2395346308
420 -48.54244275 0.2333282476
