0 -59.82110327 0.1374703505
1 -60.50126122 0.1329314322
2 -61.17600775 0.1285549163
3 -61.84524862 0.1243358794
4 -62.508839 0.1202697799
5 -63.1665778 0.116352455
6 -63.81820367 0.1125801054
7 -64.4633929 0.1089492686
8 -65.10175939 0.1054567831
9 -65.73285657 0.102099746
10 -66.35618149 0.09887546434
11 -66.97118073 0.09578140476
12 -67.57725812 0.0928151414
13 -68.17378392 0.08997430596
14 -68.76010526 0.08725654083
15 -69.33555728 0.08465945746
16 -69.89947479 0.08218060084
17 -70.45120393 0.0798174214
18 -70.99011349 0.07756725448
19 -71.51560551 0.07542730755
20 -72.02712498 0.07339465491
21 -72.52416815 0.07146623909
22 -73.0062896 0.06963887838
23 -73.4731077 0.06790927913
24 -73.92430855 0.06627405216
25 -74.35964825 0.06472973209
26 -74.77895294 0.06327280071
27 -75.18211148 0.06189972758
28 -75.56901995 0.06060713554
29 -75.93916191 0.05939291824
30 -76.28836121 0.05826464804
31 -76.5834743 0.05730410445
32 -76.56440315 0.05717057546
33 -74.19474337 0.06336518524
34 -53.83888113 0.1461964772
35 28.67197846 0.9726652049
36 37.45616591 0.9999208563
37 36.51549704 0.9999174731
38 33.93946374 0.999869669
39 30.3885119 0.9997516165
40 26.29556273 0.9994762917
41 22.02905942 0.9988657229
42 17.84427792 0.9976049276
43 13.89580447 0.9952233681
44 10.27017653 0.9911545846
45 7.010090389 0.9848976886
46 4.127406627 0.9762210646
47 1.61070199 0.9652811412
48 -0.5680508831 0.9525741031
49 -2.446543328 0.938763599
50 -4.065858216 0.9244979686
51 -5.465888203 0.9102966056
52 -6.68269254 0.896515713
53 -7.747417847 0.8833648139
54 -8.686217557 0.8709427347
55 -9.520689192 0.8592739088
56 -10.26851196 0.8483373037
57 -10.94410818 0.838086798
58 -11.55924577 0.8284644315
59 -12.12355227 0.8194085018
60 -12.64493782 0.8108582144
61 -13.12993627 0.8027561492
62 -13.58397711 0.7950493957
63 -14.01160127 0.7876899105
64 -14.41663195 0.7806344395
65 -14.8023102 0.7738442151
66 -15.17140267 0.7672845505
67 -15.52628767 0.7609244026
68 -15.86902422 0.7547359429
69 -16.20140773 0.7486941553
70 -16.52501517 0.7427764699
71 -16.84124191 0.7369624362
72 -17.15133201 0.7312334334
73 -17.45640316 0.7255724156
74 -17.75746749 0.7199636893
75 -18.05544892 0.7143927184
76 -18.35119779 0.7088459539
77 -18.6455033 0.7033106854
78 -18.939104 0.6977749113
79 -19.23269696 0.6922272247
80 -19.52694557 0.6866567146
81 -19.82248636 0.6810528784
82 -20.119935 0.6754055472
83 -20.41989151 0.6697048193
84 -20.72294491 0.6639410042
85 -21.02967733 0.6581045749
86 -21.34066761 0.6521861282
87 -21.65649452 0.6461763529
88 -21.97773954 0.6400660068
89 -22.30498933 0.6338459012
90 -22.63883774 0.6275068947
91 -22.97988748 0.6210398961
92 -23.32875139 0.614435877
93 -23.68605323 0.6076858961
94 -24.05242801 0.6007811347
95 -24.42852178 0.5937129459
96 -24.8149908 0.5864729172
97 -25.2125 0.5790529492
98 -25.62172076 0.5714453499
99 -26.04332777 0.5636429467
100 -26.47799497 0.5556392149
101 -26.92639055 0.547428425
102 -27.38917077 0.5390058056
103 -27.8669728 0.5303677222
104 -28.36040627 0.5215118688
105 -28.87004388 0.5124374673
106 -29.39641084 0.5031454726
107 -29.93997348 0.4936387737
108 -30.50112717 0.4839223848
109 -31.08018378 0.4740036167
110 -31.67735916 0.4638922189
111 -32.29276091 0.453600481
112 -32.92637712 0.4431432833
113 -33.57806646 0.4325380869
114 -34.24755036 0.4218048546
115 -34.93440763 0.4109658985
116 -35.63807221 0.40004565
117 -36.3578343 0.3890703556
118 -37.09284528 0.3780677038
119 -37.84212639 0.3670663943
120 -38.60458112 0.3560956624
121 -39.37901118 0.3451847784
122 -40.16413521 0.3343625399
123 -40.95861 0.323656778
124 -41.76105313 0.3130938975
125 -42.57006639 0.3026984683
126 -43.38425891 0.2924928813
127 -44.20226939 0.282497081
128 -45.02278652 0.272728378
129 -45.84456699 0.2632013449
130 -46.66645071 0.2539277898
131 -47.48737273 0.2449168036
132 -48.30637195 0.2361748691
133 -49.12259636 0.2277060243
134 -49.93530509 0.2195120644
135 -50.74386731 0.2115927744
136 -51.54775844 0.2039461789
137 -52.34655377 0.1965688006
138 -53.13992002 0.1894559177
139 -53.92760499 0.182601815
140 -54.70942579 0.1760000207
141 -55.48525594 0.1696435268
142 -56.25501161 0.163524989
143 -57.01863737 0.1576369039
144 -57.77609181 0.1519717632
145 -58.52733327 0.1465221828
146 -59.2723061 0.1412810083
147 -60.0109277 0.1362413963
148 -60.74307679 0.1313968721
149 -61.46858321 0.1267413656
150 -62.18721956 0.1222692264
151 -62.89869498 0.1179752201
152 -63.60265133 0.1138545078
153 -64.29866192 0.1099026117
154 -64.98623291 0.1061153693
155 -65.66480729 0.1024888798
156 -66.33377137 0.09901944562
157 -66.99246355 0.09570351183
158 -67.64018492 0.09253760773
159 -68.27621149 0.08951829181
160 -68.89980739 0.08664210336
161 -69.51023851 0.08390552206
162 -70.10678632 0.0813049366
163 -70.68876104 0.07883662309
164 -71.25551404 0.07649673291
165 -71.80644885 0.07428128972
166 -72.34103068 0.07218619446
167 -72.85879414 0.0702072373
168 -73.3593491 0.06834011506
169 -73.84238467 0.06658045272
170 -74.30767134 0.06492382753
171 -74.75506135 0.06336579453
172 -75.18448756 0.06190191228
173 -75.59596087 0.06052776789
174 -75.98956652 0.0592390005
175 -76.36545943 0.05803132282
176 -76.72385885 0.0569005402
177 -77.06504243 0.05584256715
178 -77.38934001 0.05485344108
179 -77.69712729 0.05392933345
180 -77.98881944 0.05306655836
181 -78.26486486 0.05226157874
182 -78.52573918 0.0515110104
183 -78.77193954 0.05081162413
184 -79.00397928 0.05016034615
185 -79.222383 0.04955425712
186 -79.42768205 0.04899058985
187 -79.62041051 0.04846672616
188 -79.80110157 0.04798019279
189 -79.97028435 0.04752865679
190 -80.12848116 0.04710992039
191 -80.27620516 0.04672191556
192 -80.41395834 0.04636269834
193 -80.54222991 0.04603044303
194 -80.66149497 0.04572343641
195 -80.77221344 0.04544007191
196 -80.87482934 0.04517884393
197 -80.96977014 0.04493834222
198 -81.05744649 0.04471724648
199 -81.13825198 0.04451432113
200 -81.21256312 0.04432841024
201 -81.28073943 0.04415843274
202 -81.34312365 0.04400337779
203 -81.40004206 0.04386230045
204 -81.45180477 0.04373431746
205 -81.49870623 0.04361860338
206 -81.54102565 0.04351438683
207 -81.57902755 0.04342094704
208 -81.61296225 0.04333761052
209 -81.64306646 0.04326374797
210 -81.66956383 0.04319877142
211 -81.69266552 0.04314213142
212 -81.71257075 0.0430933146
213 -81.72946741 0.04305184118
214 -81.74353254 0.04301726279
215 -81.75493292 0.04298916039
216 -81.7638256 0.04296714226
217 -81.77035838 0.04295084225
218 -81.77467032 0.04293991802
219 -81.77689221 0.04293404948
220 -81.77714704 0.0429329373
221 -81.77555041 0.04293630153
222 -81.77221099 0.04294388033
223 -81.76723086 0.04295542872
224 -81.7607059 0.04297071757
225 -81.75272596 0.04298953289
226 -81.74337343 0.04301167842
227 -81.73270761 0.04303700626
228 -81.72062204 0.04306570032
229 -81.70555888 0.04310083258
230 -81.67295493 0.04317137104
231 -81.49146199 0.04354018623
232 -79.98227911 0.04666787908
233 -66.68663117 0.0835756525
234 24.09755186 0.8836605339
235 38.54908011 0.9999186561
236 38.01988005 0.9999371633
237 36.16335656 0.9999127977
238 33.36415195 0.9998551442
239 29.90040169 0.9997270414
240 26.10541282 0.9994534771
241 22.24919107 0.9988988601
242 18.50723439 0.997846122
243 14.98220878 0.9959943658
244 11.73143202 0.9929956291
245 8.784419965 0.9885383522
246 6.151415313 0.9824525496
247 3.827551409 0.9747834592
248 1.796086987 0.965790323
249 0.03201243198 0.9558733534
250 -1.494159071 0.9454723774
251 -2.813073322 0.9349832369
252 -3.954136664 0.9247130792
253 -4.94410229 0.9148710088
254 -5.806453893 0.9055800362
255 -6.561323316 0.896897168
256 -7.22571063 0.8888335169
257 -7.813842664 0.8813708738
258 -8.337569487 0.8744739618
259 -8.806744783 0.8680988612
260 -9.229565462 0.8621984815
261 -9.612862715 0.8567259259
262 -9.962345432 0.8516364321
263 -10.28280081 0.8468883848
264 -10.57825829 0.8424437467
265 -10.85212298 0.8382681381
266 -11.10728402 0.8343307127
267 -11.34620268 0.8306039266
268 -11.57098407 0.8270632566
269 -11.78343574 0.8236869053
270 -11.98511555 0.8204555116
271 -12.17737115 0.8173518785
272 -12.36137245 0.8143607233
273 -12.53813858 0.8114684521
274 -12.70856029 0.8086629585
275 -12.87341867 0.8059334443
276 -13.03340083 0.8032702623
277 -13.1891131 0.8006647772
278 -13.34109221 0.7981092438
279 -13.48981474 0.7955966998
280 -13.63570516 0.7931208722
281 -13.77914276 0.790676095
282 -13.92046749 0.7882572364
283 -14.05998506 0.7858596357
284 -14.19797132 0.7834790474
285 -14.33467602 0.7811115915
286 -14.47032613 0.7787537106
287 -14.60512864 0.7764021307
288 -14.73927315 0.774053828
289 -14.87293396 0.771705998
290 -15.00627205 0.7693560289
291 -15.13943678 0.7670014773
292 -15.27256736 0.7646400472
293 -15.40579416 0.7622695706
294 -15.53923998 0.7598879897
295 -15.67302101 0.7574933421
296 -15.80724783 0.755083746
297 -15.94202628 0.7526573876
298 -16.0774582 0.7502125092
299 -16.21364213 0.7477473985
300 -16.350674 0.7452603789
301 -16.4886477 0.7427497996
302 -16.6276556 0.7402140277
303 -16.76778912 0.7376514397
304 -16.90913917 0.7350604141
305 -17.05179662 0.7324393242
306 -17.19585271 0.7297865307
307 -17.3413995 0.727100376
308 -17.48853026 0.7243791767
309 -17.63733984 0.7216212182
310 -17.78792509 0.7188247478
311 -17.94038521 0.7159879692
312 -18.09482213 0.7131090363
313 -18.25134094 0.710186047
314 -18.41005019 0.7072170373
315 -18.57106236 0.7041999754
316 -18.7344942 0.7011327554
317 -18.90046716 0.6980131912
318 -19.06910782 0.6948390104
319 -19.2405483 0.6916078478
320 -19.4149267 0.688317239
321 -19.59238761 0.684964614
322 -19.77308251 0.6815472909
323 -19.95717035 0.6780624689
324 -20.14481799 0.674507222
325 -20.3362008 0.6708784921
326 -20.53150316 0.6671730831
327 -20.73091907 0.6633876539
328 -20.93465271 0.659518713
329 -21.14291905 0.6555626121
330 -21.35594449 0.651515541
331 -21.57396746 0.6473735233
332 -21.79723904 0.6431324119
333 -22.02602364 0.6387878866
334 -22.26059956 0.6343354525
335 -22.50125963 0.6297704398
336 -22.74831177 0.6250880059
337 -23.00207951 0.6202831397
338 -23.26290245 0.6153506685
339 -23.53113665 0.6102852686
340 -23.80715491 0.6050814796
341 -24.09134688 0.5997337231
342 -24.38411907 0.5942363267
343 -24.68589458 0.5885835544
344 -24.99711264 0.5827696436
345 -25.31822786 0.5767888493
346 -25.64970905 0.5706354979
347 -25.99203778 0.5643040492
348 -26.34570634 0.5577891696
349 -26.7112153 0.5510858156
350 -27.08907037 0.5441893285
351 -27.47977876 0.5370955407
352 -27.8838447 0.5298008937
353 -28.30176432 0.5223025664
354 -28.73401978 0.5145986135
355 -29.18107251 0.5066881113
356 -29.64335581 0.4985713094
357 -30.12126669 0.4902497838
358 -30.61515708 0.4817265881
359 -31.1253246 0.4730063973
360 -31.65200297 0.4640956379
361 -32.19535238 0.4550025986
362 -32.75545008 0.4457375141
363 -33.33228144 0.4363126152
364 -33.925732 0.4267421382
365 -34.53558069 0.4170422885
366 -35.16149481 0.4072311529
367 -35.80302696 0.3973285596
368 -36.45961432 0.3873558831
369 -37.13058053 0.3773357991
370 -37.81514031 0.3672919922
371 -38.51240682 0.3572488255
372 -39.22140171 0.347230982
373 -39.94106766 0.3372630894
374 -40.670283 0.3273693421
375 -41.40787801 0.317573134
376 -42.15265238 0.3078967155
377 -42.90339316 0.2983608857
378 -43.65889276 0.2889847303
379 -44.41796622 0.2797854124
380 -45.17946735 0.2707780198
381 -45.94230331 0.2619754715
382 -46.70544712 0.25338848
383 -47.46794804 0.2450255678
384 -48.22893946 0.2368931316
385 -48.98764446 0.2289955463
386 -49.74337888 0.2213353032
387 -50.49555217 0.2139131729
388 -51.24366598 0.2067283852
389 -51.98731098 0.1997788202
390 -52.72616175 0.1930612032
391 -53.45997029 0.1865712979
392 -54.18855819 0.1803040943
393 -54.91180773 0.1742539872
394 -55.62965211 0.1684149427
395 -56.34206499 0.1627806511
396 -57.04904957 0.1573446646
397 -57.75062737 0.1521005188
398 -58.44682695 0.1470418386
399 -59.13767265 0.1421624266
400 -59.82317378 0.1374563357
401 -60.50331427 0.1329179252
402 -61.17804314 0.1285419012
403 -61.84726601 0.1243233412
404 -62.51083791 0.1202577049
405 -63.16855757 0.1163408306
406 -63.82016344 0.11256892
407 -64.46533164 0.1089385116
408 -65.10367588 0.1054464449
409 -65.73474942 0.1020898176
410 -66.35804915 0.09886593743
411 -66.97302151 0.09577227133
412 -67.57907022 0.09280639375
413 -68.17556546 0.08996593651
414 -68.7618543 0.087248542
415 -69.33727187 0.08465182153
416 -69.90115299 0.08217331988
417 -70.45284386 0.07981048719
418 -70.99171334 0.07756065845
419 -71.51716361 0.07542104078
420 -72.02863978 0.07338870808
421 -72.52563827 0.07146060254
422 -73.00771384 0.0696335421
423 -73.47448507 0.06790423284
424 -73.92563825 0.06626928534
425 -74.36092969 0.06472523404
426 -74.78018576 0.06326856062
427 -75.1832955 0.0618957346
428 -75.57015519 0.06060337885
429 -75.94024846 0.05938938734
430 -76.28939826 0.05826133482
431 -76.58445169 0.0573010212
432 -76.56522859 0.05716791551
433 -74.19462091 0.06336495285
434 -53.83131871 0.1462371315
435 28.67753159 0.9727044385
436 37.45655334 0.9999208729
437 36.51541409 0.9999174723
438 33.93922343 0.9998696635
439 30.38819911 0.9997516024
440 26.29523252 0.9994762601
441 22.02874761 0.9988656586
442 17.84400414 0.99760481
443 13.89557738 0.9952231775
444 10.26999827 0.9911543144
445 7.00995931 0.9848973587
446 4.127318944 0.9762207255
447 1.610652883 0.9652808649
448 -0.5680664557 0.952573965
449 -2.446530066 0.9387636625
450 -4.065820173 0.924498278
451 -5.465828694 0.9102971864
452 -6.682614175 0.8965165766
453 -7.747322632 0.8833659624
454 -8.686107008 0.8709441651
455 -9.520564441 0.8592756156
456 -10.26837384 0.8483392811
457 -10.9439573 0.8380890402
458 -11.55908257 0.8284669335
459 -12.12337705 0.8194112596
460 -12.64475078 0.8108612251
461 -13.12973751 0.8027594108
462 -13.58376669 0.7950529073
463 -14.01137916 0.7876936717
464 -14.4163981 0.7806384511
465 -14.80206451 0.7738484783
466 -15.171145 0.7672890674
467 -15.52601785 0.760929176
468 -15.86874203 0.7547409762
469 -16.20111293 0.7486994524
470 -16.52470749 0.7427820354
471 -16.84092104 0.7369682754
472 -17.15099761 0.731239552
473 -17.45605486 0.72557882
474 -17.75710487 0.7199703866
475 -18.05507155 0.7143997161
476 -18.35080519 0.7088532604
477 -18.64509493 0.7033183097
478 -18.93867932 0.6977828629
479 -19.23225536 0.692235514
480 -19.5264864 0.6866653525
481 -19.82200893 0.6810618767
482 -20.11943856 0.6754149184
483 -20.41937526 0.6697145765
484 -20.72240801 0.6639511615
485 -21.02911886 0.658115147
486 -21.34008661 0.6521971306
487 -21.65588995 0.6461878018
488 -21.97711032 0.6400779191
489 -22.30433429 0.6338582946
490 -22.63815566 0.6275197875
491 -22.97917707 0.621053307
492 -23.32801129 0.6144498254
493 -23.68528201 0.6077004016
494 -24.05162419 0.6007962172
495 -24.4276838 0.5937286252
496 -24.81411704 0.5864892131
497 -25.2115888 0.5790698809
498 -25.62077042 0.5714629359
499 -26.04233654 0.5636612044
500 -26.4769611 0.5556581602
501 -26.92531226 0.5474480718
502 -27.38804631 0.5390261656
503 -27.86580045 0.5303888039
504 -28.35918437 0.5215336772
505 -28.86877086 0.5124600033
506 -29.39508524 0.5031687325
507 -29.938594 0.4936627482
508 -30.4996927 0.4839470589
509 -31.07869343 0.4740289689
510 -31.6758123 0.463918221
511 -32.29115719 0.4536270977
512 -32.92471653 0.4431704719
513 -33.57634935 0.4325657975
514 -34.24577745 0.4218330305
515 -34.93258005 0.4109944762
516 -35.63619146 0.4000745602
517 -36.3559023 0.3890995239
518 -37.09086432 0.378097052
519 -37.84009911 0.3670958411
520 -38.60251051 0.3561251252
521 -39.37690047 0.3452141744
522 -40.16198788 0.3343917878
523 -40.95642969 0.3236857991
524 -41.7588436 0.313122617
525 -42.5678314 0.3027268165
526 -43.38200223 0.2925207944
527 -44.19999469 0.2825245018
528 -45.02049734 0.2727552567
529 -45.84226668 0.2632276389
530 -46.66414239 0.2539534642
531 -47.48505926 0.2449418307
532 -48.30405591 0.2361992284
533 -49.12028005 0.2277297016
534 -49.93299048 0.2195350519
535 -50.74155609 0.2116150694
536 -51.54545202 0.2039677837
537 -52.34425331 0.1965897213
538 -53.13762642 0.1894761641
539 -53.92531895 0.1826213991
540 -54.70714784 0.1760189568
541 -55.48298648 0.1696618305
542 -56.25275093 0.1635426769
543 -57.01638573 0.1576539929
544 -57.77384946 0.1519882702
545 -58.52510049 0.1465381244
546 -59.27008323 0.1412964004
547 -60.00871521 0.1362562539
548 -60.74087529 0.1314112092
549 -61.4663935 0.1267551952
550 -62.18504263 0.1222825603
551 -62.89653204 0.1179880692
552 -63.60050381 0.1138668818
553 -64.29653149 0.1099145194
554 -64.98412145 0.106126819
555 -65.6627169 0.1024998791
556 -66.33170433 0.09903000178
557 -66.99042226 0.09571363196
558 -67.63817193 0.09254729893
559 -68.27422942 0.08952756135
560 -68.89785887 0.08665095883
561 -69.50832617 0.08391397144
562 -70.10491273 0.08131298842
563 -70.68692868 0.07884428642
564 -71.25372524 0.07650401742
565 -71.80470576 0.07428820565
566 -72.33933525 0.0721927526
567 -72.85714809 0.07021344896
568 -73.3577539 0.06834599198
569 -73.84084153 0.06658600699
570 -74.30618122 0.06492907153
571 -74.75362493 0.06337074081
572 -75.18310525 0.0619065735
573 -75.59463284 0.06053215671
574 -75.98829269 0.05924312952
575 -76.3642395 0.05803520448
576 -76.7226923 0.05690418677
577 -77.06392855 0.05584599059
578 -77.38827792 0.05485665307
579 -77.69611596 0.05393234531
580 -77.98785771 0.05306938103
581 -78.26395145 0.05226422274
582 -78.52487271 0.05151348583
583 -78.77111858 0.05081394066
584 -79.00320232 0.05016251302
585 -79.22164849 0.04955628311
586 -79.42698842 0.04899248332
587 -79.61975617 0.04846849503
588 -79.80048492 0.04798184457
589 -79.9697038 0.04753019857
590 -80.12793514 0.04711135887
591 -80.27569211 0.04672325706
592 -80.41347674 0.04636394881
593 -80.54177827 0.04603160808
594 -80.66107185 0.04572452131
595 -80.77181743 0.04544108161
596 -80.87445907 0.04517978308
597 -80.96942431 0.04493921518
598 -81.05712383 0.04471805735
599 -81.13795127 0.04451507375
600 -81.2122832 0.04432910822
