0 -80.52250755 0.0460997634
1 -77.15242396 0.05421269069
2 -72.70581794 0.06848651732
3 -66.56291449 0.09311962156
4 -47.01873933 0.1976337715
5 39.58646249 0.9966505409
6 38.46773288 0.9999420044
7 36.58778276 0.9999195846
8 33.51164766 0.9998601784
9 29.41964342 0.9997059877
10 24.78124411 0.9993168144
11 20.05213679 0.9983985625
12 15.53355933 0.9964392725
13 11.38542336 0.9927307781
14 7.678716011 0.9865514889
15 4.432530847 0.9774739035
16 1.632586338 0.9656028574
17 -0.7581214881 0.9515552598
18 -2.789857261 0.9362069338
19 -4.517276284 0.9204036534
20 -5.992742886 0.9047897779
21 -7.262584091 0.8897712887
22 -8.365787172 0.8755558243
23 -9.33419444 0.8622140668
24 -10.19339065 0.8497337295
25 -10.96378502 0.8380580527
26 -11.66164033 0.8271101856
27 -12.29995377 0.81680737
28 -12.88917152 0.8070685551
29 -13.43775177 0.7978180729
30 -13.95260188 0.7889870733
31 -14.43941551 0.7805137538
32 -14.9029322 0.7723429835
33 -15.34713782 0.7644256586
34 -15.77541993 0.7567179711
35 -16.19068895 0.7491806853
36 -16.59547338 0.7417784656
37 -16.99199524 0.7344792736
38 -17.38223021 0.7272538373
39 -17.76795616 0.7200751906
40 -18.15079251 0.7129182753
41 -18.53223255 0.7057595998
42 -18.91367009 0.6985769481
43 -19.29642169 0.691349132
44 -19.68174529 0.6840557831
45 -20.07085592 0.6766771809
46 -20.46493892 0.6691941129
47 -20.86516109 0.6615877674
48 -21.27268004 0.6538396568
49 -21.68865173 0.6459315727
50 -22.1142365 0.6378455741
51 -22.55060343 0.6295640101
52 -22.99893303 0.6210695807
53 -23.46041817 0.6123454378
54 -23.93626303 0.6033753315
55 -24.42767993 0.5941438027
56 -24.93588383 0.5846364267
57 -25.46208414 0.574840109
58 -26.00747383 0.5647434327
59 -26.57321545 0.5543370556
60 -27.16042406 0.5436141516
61 -27.77014708 0.5325708857
62 -28.40334119 0.5212069089
63 -29.06084657 0.5095258514
64 -29.74335928 0.4975357908
65 -30.45140245 0.4852496633
66 -31.18529751 0.4726855845
67 -31.94513704 0.4598670445
68 -32.73076053 0.446822943
69 -33.54173523 0.4335874356
70 -34.37734345 0.4201995706
71 -35.23657824 0.4067027095
72 -36.11814833 0.3931437377
73 -37.02049338 0.379572092
74 -37.94180931 0.3660386437
75 -38.88008331 0.3525944944
76 -39.83313684 0.3392897476
77 -40.79867492 0.3261723246
78 -41.77433891 0.3132868882
79 -42.75776015 0.300673931
80 -43.74661175 0.2883690684
81 -44.73865584 0.2764025593
82 -45.7317844 0.2647990617
83 -46.72405195 0.2535776108
84 -47.71369934 0.2427517958
85 -48.69916841 0.2323301008
86 -49.67910757 0.2223163715
87 -50.65236924 0.2127103658
88 -51.61800005 0.2035083527
89 -52.57522497 0.1947037228
90 -53.52342667 0.1862875867
91 -54.46212135 0.1782493357
92 -55.39093232 0.1705771538
93 -56.30956235 0.1632584677
94 -57.21776601 0.1562803319
95 -58.11532271 0.149629746
96 -59.00201158 0.143293906
97 -59.87758872 0.1372603928
98 -60.74176777 0.1315173029
99 -61.59420416 0.1260533258
100 -62.4344837 0.1208577776
101 -63.26211576 0.1159205955
102 -64.07653117 0.1112323016
103 -64.87708496 0.1067839447
104 -65.66306352 0.1025670266
105 -66.43369579 0.09857342051
106 -67.18816801 0.09479528818
107 -67.92564096 0.09122500153
108 -68.64526898 0.08785507295
109 -69.3462199 0.08467809779
110 -70.02769466 0.08168671087
111 -70.68894609 0.07887355777
112 -71.32929581 0.07623128039
113 -71.9481489 0.07375251574
114 -72.54500569 0.07142990574
115 -73.11947061 0.06925611597
116 -73.67125793 0.06722386077
117 -74.20019438 0.06532593232
118 -74.70621913 0.06355523152
119 -75.18938103 0.06190479877
120 -75.6498339 0.06036784309
121 -76.08782982 0.05893776855
122 -76.50371126 0.05760819707
123 -76.89790208 0.05637298733
124 -77.27089801 0.05522624951
125 -77.62325678 0.05416235587
126 -74.36699481 0.06308229817
127 -69.89665409 0.0794062462
128 -63.32186731 0.1092535876
129 -38.98668317 0.2618532642
130 39.4381048 0.9984799224
131 38.03913177 0.9999377286
132 35.80994273 0.9999075987
133 32.40531669 0.9998291343
134 28.11713208 0.9996272568
135 23.43314597 0.9991277337
136 18.76356482 0.9979842374
137 14.358668 0.9956300954
138 10.34423662 0.9913359371
139 6.77202083 0.9844280456
140 3.650333205 0.9745918528
141 0.95875663 0.962054756
142 -1.342568056 0.9475037065
143 -3.304134182 0.9318140872
144 -4.979015045 0.9157861542
145 -6.417091412 0.9000081692
146 -7.662019432 0.8848402204
147 -8.750340639 0.870459956
148 -9.711844328 0.8569216931
149 -10.57047778 0.844205998
150 -11.34538465 0.8322543181
151 -12.05186962 0.8209906958
152 -12.70221576 0.8103343332
153 -13.30634467 0.800206313
154 -13.87233615 0.7905328223
155 -14.40683191 0.7812463902
156 -14.91534752 0.772286053
157 -15.40251331 0.7635969798
158 -15.87226104 0.7551298581
159 -16.32796915 0.7468402021
160 -16.7725767 0.7386876684
161 -17.20867335 0.7306354183
162 -17.63857106 0.722649545
163 -18.06436174 0.7146985681
164 -18.48796404 0.7067529942
165 -18.91116162 0.6987849393
166 -19.33563477 0.6907678074
167 -19.76298665 0.6826760221
168 -20.19476519 0.6744848064
169 -20.63248133 0.6661700098
170 -21.07762422 0.6577079818
171 -21.53167354 0.6490754918
172 -21.9961092 0.6402496988
173 -22.47241857 0.6312081741
174 -22.96210097 0.6219289802
175 -23.46666939 0.612390813
176 -23.9876492 0.6025732121
177 -24.52657344 0.592456844
178 -25.08497441 0.582023864
179 -25.66437121 0.5712583567
180 -26.26625281 0.5601468567
181 -26.89205654 0.5486789398
182 -27.54314183 0.536847875
183 -28.22075946 0.5246513149
184 -28.9260167 0.5120919948
185 -29.65983939 0.4991784029
186 -30.42293216 0.4859253721
187 -31.21573871 0.4723545398
188 -32.03840433 0.4584946202
189 -32.89074341 0.4443814317
190 -33.7722146 0.430057638
191 -34.68190636 0.4155721705
192 -35.61853527 0.4009793294
193 -36.58045872 0.3863375816
194 -37.5657027 0.3717081086
195 -38.5720041 0.3571531781
196 -39.59686592 0.3427344379
197 -40.63762248 0.3285112371
198 -41.69151086 0.3145390812
199 -42.75574425 0.3008683115
200 -43.82758292 0.2875430814
201 -44.90439869 0.2746006686
202 -45.98372951 0.2620711354
203 -47.06332188 0.2499773202
204 -48.14115958 0.2383351197
205 -49.21547846 0.2271540064
206 -50.28476785 0.2164377198
207 -51.34775967 0.2061850654
208 -52.4034072 0.1963907648
209 -53.45085523 0.1870463044
210 -54.48940408 0.178140743
211 -55.51846932 0.1696614479
212 -56.53753966 0.1615947394
213 -57.54613485 0.1539264306
214 -58.54376568 0.1466422593
215 -59.52989792 0.1397282111
216 -60.50392182 0.1331707407
217 -61.46512868 0.1269568994
218 -62.41269557 0.1210743827
219 -63.34567897 0.1155115105
220 -64.26301752 0.110257157
221 -65.16354366 0.1053006471
222 -66.04600336 0.1006316339
223 -66.90908246 0.09623997427
224 -67.75143817 0.09211561318
225 -68.57173344 0.08824848748
226 -69.36867239 0.0846284555
227 -70.14103459 0.08124525541
228 -70.88770648 0.07808849229
229 -71.6077085 0.07514765155
230 -72.30021686 0.07241213428
231 -72.96457935 0.06987130913
232 -73.60032503 0.06751457498
233 -74.207168 0.06533142885
234 -74.78500576 0.06331153419
235 -75.33391277 0.06144478572
236 -75.85413014 0.05972136768
237 -76.34605226 0.05813180378
238 -76.81021129 0.05666699779
239 -77.24726029 0.05531826437
240 -77.65795566 0.05407735058
241 -78.04313968 0.05293644875
242 -78.4037234 0.05188820149
243 -78.74067051 0.05092570023
244 -79.05498232 0.05004247812
245 -79.34768409 0.04923249853
246 -79.61981275 0.04849014012
247 -79.87240626 0.0478101794
248 -80.10649425 0.0471877715
249 -80.32309025 0.04661842993
250 -80.52318514 0.04609800573
251 -77.15303848 0.0542108529
252 -72.70638912 0.06848441773
253 -66.56348116 0.0931169245
254 -47.01926331 0.1976288654
255 39.58653398 0.9966506679
256 38.46783704 0.9999420054
257 36.58798858 0.9999195875
258 33.51198013 0.9998601867
259 29.42009922 0.9997060117
260 24.78180213 0.9993168824
261 20.0527723 0.9983987409
262 15.53424965 0.996439693
263 11.38614818 0.99273165
264 7.679457212 0.9865530719
265 4.433273441 0.977476435
266 1.633319785 0.9656064767
267 -0.7574026309 0.9515599817
268 -2.789153872 0.9362126807
269 -4.516585969 0.9204103098
270 -5.99206138 0.9047972332
271 -7.261906346 0.889779458
272 -8.365108054 0.8755646523
273 -9.333509089 0.8622235239
274 -10.19269464 0.8497438052
275 -10.96307436 0.8380687502
276 -11.66091144 0.8271215175
277 -12.29920345 0.8168193549
278 -12.88839682 0.8070812161
279 -13.43694998 0.7978314362
280 -13.95177045 0.7890011676
281 -14.43855196 0.7805286098
282 -14.90203416 0.7723586341
283 -15.34620291 0.7644421384
284 -15.77444575 0.7567353168
285 -16.18967305 0.749198936
286 -16.59441326 0.7417976627
287 -16.99088826 0.734499461
288 -17.38107363 0.7272750619
289 -17.76674708 0.7200975022
290 -18.14952785 0.7129417269
291 -18.53090904 0.705784248
292 -18.91228424 0.6986028529
293 -19.29496978 0.6913763574
294 -19.68022333 0.684084397
295 -20.06925964 0.6767072552
296 -20.46326376 0.6692257235
297 -20.86340218 0.6616209943
298 -21.27083218 0.6538745837
299 -21.68670937 0.6459682872
300 -22.11219375 0.6378841668
301 -22.54845404 0.6296045745
302 -22.99667042 0.621112212
303 -23.45803541 0.6123902323
304 -23.93375289 0.603422385
305 -24.4250349 0.594193209
306 -24.93309616 0.5846882759
307 -25.45914593 0.5748944849
308 -26.00437709 0.5648004103
309 -26.56995223 0.554396698
310 -27.15698656 0.5436765068
311 -27.76652782 0.5326359831
312 -28.39953313 0.521274755
313 -29.05684335 0.5095964268
314 -29.73915542 0.497609046
315 -30.44699353 0.4853255157
316 -31.18068044 0.4727639159
317 -31.94031019 0.4599476993
318 -32.72572398 0.4469057275
319 -33.53649088 0.433672119
320 -34.37189516 0.4202858872
321 -35.23093184 0.4067903622
322 -36.11231161 0.3932324036
323 -37.014476 0.3796614289
324 -37.93562265 0.3661282976
325 -38.87374021 0.3526841079
326 -39.82665134 0.3393789681
327 -40.79206191 0.3262608124
328 -41.76761378 0.3133743242
329 -42.75093843 0.3007600228
330 -43.73970874 0.288453555
331 -44.73168633 0.2764852148
332 -45.72476235 0.2648796971
333 -46.71699028 0.253656074
334 -47.70660981 0.2428279708
335 -48.69206146 0.2324039058
336 -49.67199231 0.2223877553
337 -50.64525348 0.212779305
338 -51.61089039 0.2035748471
339 -52.56812686 0.194767792
340 -53.5163446 0.1863492655
341 -54.45505902 0.1783086711
342 -55.38389284 0.1706342011
343 -56.30254844 0.1633132878
344 -57.2107802 0.1563329883
345 -58.10836757 0.149680303
346 -58.99508987 0.1433424271
347 -59.87070361 0.1373069393
348 -60.73492296 0.1315619328
349 -61.58740401 0.1260960939
350 -62.4277333 0.1208987351
351 -63.25542097 0.11595979
352 -64.06989865 0.1112697776
353 -64.87052213 0.1068197443
354 -65.65657845 0.1026011898
355 -66.42729715 0.09860598618
356 -67.18186488 0.09482629457
357 -67.91944266 0.09125448697
358 -68.63918497 0.0878830764
359 -69.34025952 0.08470465925
360 -70.02186697 0.08171187172
361 -70.68325972 0.07889736088
362 -71.32375877 0.07625377025
363 -71.94276846 0.07377373834
364 -72.53978827 0.07144990844
365 -73.11442171 0.06927494726
366 -73.66638201 0.06724156997
367 -74.19549492 0.06534256925
368 -74.70169854 0.0635708462
369 -75.18504072 0.06191944105
370 -75.64567428 0.06038156234
371 -76.08385039 0.05895061336
372 -76.49991065 0.057620215
373 -76.89427813 0.05638422469
374 -77.26744785 0.05523675114
375 -77.6199769 0.05417216503
