0 -66.77677393 0.096749048
1 -67.38383146 0.09375182758
2 -67.98154684 0.09088025162
3 -68.56928072 0.08813196064
4 -69.146379 0.08550457605
5 -69.71218425 0.0829956634
6 -70.26604713 0.08060270274
7 -70.80733769 0.07832306634
8 -71.33545596 0.07615400412
9 -71.84984169 0.07409263643
10 -72.34998294 0.07213595378
11 -72.83542333 0.07028082259
12 -73.30576783 0.06852399619
13 -73.76068705 0.06686212974
14 -74.19992001 0.06529179838
15 -74.62327548 0.06380951722
16 -75.03063196 0.06241176246
17 -75.42193644 0.06109499263
18 -75.79720206 0.05985566943
19 -76.15650496 0.05869027741
20 -76.4999803 0.05759534222
21 -76.82781775 0.05656744699
22 -77.14025666 0.05560324685
23 -77.43758084 0.05469948127
24 -77.72011332 0.05385298444
25 -77.98821112 0.05306069358
26 -78.24226002 0.05231965542
27 -78.48266965 0.05162703091
28 -78.70986864 0.05098009835
29 -78.92430025 0.0503762551
30 -79.1264182 0.04981301807
31 -79.31668287 0.04928802318
32 -79.49555788 0.04879902386
33 -79.663507 0.04834388887
34 -79.82099144 0.04792059943
35 -79.96846748 0.04752724601
36 -80.10638435 0.0471620246
37 -80.23518256 0.04682323281
38 -80.35529236 0.04650926572
39 -80.46713259 0.04621861169
40 -80.57110967 0.04594984807
41 -80.66761686 0.04570163684
42 -80.75703375 0.04547272047
43 -80.83972578 0.04526191763
44 -80.91604412 0.04506811918
45 -80.98632547 0.04489028416
46 -81.05089212 0.04472743599
47 -81.11005205 0.04457865875
48 -81.16409914 0.0444430937
49 -81.21331338 0.04431993581
50 -81.25796123 0.04420843063
51 -81.29829598 0.04410787119
52 -81.3345581 0.04401759508
53 -81.36697573 0.04393698176
54 -81.39576506 0.04386544988
55 -81.42113083 0.0438024549
56 -81.44326677 0.04374748674
57 -81.46235607 0.04370006763
58 -81.4785718 0.04365975017
59 -81.49207682 0.04362611643
60 -81.50301978 0.04359878521
61 -81.51149504 0.04357749157
62 -81.5171807 0.04356281265
63 -81.51609337 0.04356267974
64 -81.47152828 0.0436507887
65 -81.05397672 0.04449691085
66 -77.32083114 0.052725695
67 -44.8122718 0.1933349619
68 35.95701019 0.9960976537
69 38.53620206 0.9999412544
70 37.32649985 0.9999291261
71 35.02083406 0.9998928448
72 31.86706625 0.9998096575
73 28.18819158 0.9996267558
74 24.30431087 0.9992418708
75 20.44734144 0.9984783106
76 16.75993237 0.9970687007
77 13.32362877 0.994668675
78 10.18279879 0.9909193714
79 7.357860421 0.9855524629
80 4.851471507 0.9784933235
81 2.652177445 0.969903696
82 0.7379981792 0.9601389414
83 -0.9195895349 0.9496487183
84 -2.351846086 0.9388746736
85 -3.589769991 0.9281826564
86 -4.662156739 0.9178368174
87 -5.594611928 0.9080038015
88 -6.409253506 0.8987714393
89 -7.124832107 0.8901706336
90 -7.757062182 0.8821946651
91 -8.319030074 0.8748140219
92 -8.821603396 0.8679868531
93 -9.273804774 0.8616658903
94 -9.683135917 0.8558027864
95 -10.05585024 0.850350681
96 -10.39717807 0.8452655984
97 -10.71151082 0.8405071053
98 -11.00255054 0.8360385171
99 -11.27343137 0.8318268385
100 -11.52681785 0.8278425586
101 -11.76498479 0.8240593754
102 -11.98988233 0.8204538928
103 -12.2031889 0.8170053186
104 -12.4063548 0.8136951766
105 -12.60063789 0.8105070406
106 -12.78713315 0.8074262933
107 -12.96679718 0.8044399099
108 -13.14046858 0.8015362671
109 -13.30888505 0.7987049727
110 -13.47269766 0.7959367176
111 -13.63248298 0.793223144
112 -13.78875326 0.790556731
113 -13.94196513 0.7879306937
114 -14.09252701 0.7853388951
115 -14.24080543 0.7827757685
116 -14.38713049 0.780236249
117 -14.53180051 0.7777157141
118 -14.67508613 0.7752099308
119 -14.81723379 0.7727150087
120 -14.95846881 0.7702273591
121 -15.09899804 0.7677436583
122 -15.23901222 0.7652608152
123 -15.37868803 0.7627759425
124 -15.51818991 0.7602863309
125 -15.65767163 0.7577894257
126 -15.79727779 0.7552828065
127 -15.93714502 0.7527641682
128 -16.07740315 0.750231304
129 -16.21817626 0.7476820903
130 -16.35958356 0.7451144724
131 -16.50174029 0.7425264519
132 -16.64475842 0.7399160746
133 -16.78874744 0.7372814196
134 -16.93381495 0.7346205892
135 -17.0800673 0.7319316991
136 -17.22761016 0.7292128698
137 -17.37654906 0.7264622175
138 -17.52698992 0.7236778461
139 -17.67903951 0.7208578396
140 -17.83280595 0.7180002543
141 -17.98839919 0.7151031115
142 -18.14593144 0.7121643899
143 -18.30551763 0.7091820192
144 -18.46727587 0.7061538723
145 -18.6313279 0.7030777589
146 -18.79779954 0.6999514182
147 -18.96682114 0.696772512
148 -19.13852809 0.6935386179
149 -19.31306125 0.6902472218
150 -19.49056746 0.6868957115
151 -19.67120008 0.6834813692
152 -19.85511946 0.6800013645
153 -20.0424935 0.6764527474
154 -20.23349822 0.6728324413
155 -20.42831829 0.6691372359
156 -20.62714768 0.6653637806
157 -20.83019021 0.6615085779
158 -21.03766018 0.6575679768
159 -21.24978304 0.6535381677
160 -21.46679598 0.6494151766
161 -21.68894862 0.6451948606
162 -21.91650364 0.6408729049
163 -22.14973742 0.6364448202
164 -22.38894065 0.6319059417
165 -22.63441899 0.6272514307
166 -22.88649351 0.6224762773
167 -23.14550132 0.6175753069
168 -23.41179587 0.6125431891
169 -23.68574738 0.6073744503
170 -23.96774292 0.6020634918
171 -24.25818654 0.5966046113
172 -24.55749904 0.5909920319
173 -24.86611761 0.5852199367
174 -25.18449513 0.5792825114
175 -25.51309913 0.5731739953
176 -25.85241045 0.5668887413
177 -26.2029213 0.5604212864
178 -26.56513297 0.5537664328
179 -26.93955285 0.5469193402
180 -27.32669086 0.5398756302
181 -27.72705525 0.5326315018
182 -28.14114752 0.5251838584
183 -28.56945675 0.5175304451
184 -29.01245297 0.5096699943
185 -29.47057993 0.5016023778
186 -29.94424697 0.4933287616
187 -30.43382039 0.4848517598
188 -30.93961417 0.4761755825
189 -31.46188042 0.4673061719
190 -32.00079968 0.4582513195
191 -32.55647131 0.4490207591
192 -33.1289044 0.4396262263
193 -33.7180095 0.4300814792
194 -34.32359148 0.4204022737
195 -34.9453441 0.4106062884
196 -35.58284637 0.4007129961
197 -36.23556138 0.3907434808
198 -36.90283754 0.3807202021
199 -37.58391263 0.3706667119
200 -38.27792057 0.3606073297
201 -38.98390098 0.3505667869
202 -39.70081123 0.3405698522
203 -40.42754066 0.3306409506
204 -41.16292664 0.3208037908
205 -41.90577186 0.3110810127
206 -42.65486228 0.3014938695
207 -43.40898515 0.292061953
208 -44.16694655 0.2828029703
209 -44.92758785 0.2737325776
210 -45.68980064 0.2648642723
211 -46.4525398 0.2562093425
212 -47.21483429 0.2477768715
213 -47.97579566 0.2395737913
214 -48.73462415 0.2316049783
215 -49.4906123 0.2238733846
216 -50.24314631 0.2163801958
217 -50.99170517 0.2091250076
218 -51.7358579 0.2021060158
219 -52.47525887 0.19532021
220 -53.20964172 0.1887635684
221 -53.93881185 0.1824312472
222 -54.66263778 0.1763177616
223 -55.38104173 0.1704171557
224 -56.09398929 0.1647231585
225 -56.80147875 0.1592293258
226 -57.50352999 0.1539291654
227 -58.20017328 0.1488162474
228 -58.89143809 0.1438842965
229 -59.57734222 0.1391272694
230 -60.25788137 0.1345394146
231 -60.93301945 0.1301153172
232 -61.60267987 0.1258499283
233 -62.26673796 0.1217385789
234 -62.9250149 0.1177769811
235 -63.57727323 0.113961216
236 -64.22321423 0.1102877106
237 -64.8624772 0.1067532045
238 -65.49464084 0.1033547101
239 -66.11922651 0.1000894656
240 -66.7357036 0.09695488548
241 -67.34349655 0.09394850943
242 -67.94199351 0.09106795164
243 -68.53055619 0.08831085344
244 -69.10853068 0.08567484016
245 -69.67525878 0.0831574839
246 -70.23008954 0.08075627325
247 -70.7723905 0.07846859036
248 -71.30155843 0.0762916958
249 -71.81702911 0.07422272074
250 -72.3182861 0.07225866613
251 -72.80486804 0.07039640806
252 -73.2763746 0.06863270828
253 -73.73247091 0.06696422899
254 -74.17289042 0.06538755068
255 -74.59743638 0.06389919208
256 -75.0059819 0.06249563122
257 -75.39846883 0.06117332672
258 -75.77490545 0.05992873871
259 -76.13536339 0.05875834862
260 -76.47997373 0.05765867757
261 -76.80892248 0.05662630297
262 -77.12244576 0.05565787313
263 -77.4208246 0.05475011986
264 -77.70437973 0.05389986896
265 -77.97346627 0.05310404874
266 -78.22846853 0.05235969662
267 -78.46979502 0.05166396397
268 -78.69787367 0.05101411939
269 -78.91314731 0.0504075505
270 -79.11606956 0.04984176456
271 -79.30710094 0.04931438794
272 -79.48670547 0.04882316474
273 -79.65534749 0.04836595465
274 -79.81348897 0.04794073011
275 -79.96158707 0.04754557313
276 -80.10009205 0.04717867156
277 -80.22944551 0.04683831528
278 -80.35007888 0.04652289197
279 -80.46241222 0.04623088297
280 -80.56685321 0.04596085897
281 -80.66379641 0.04571147569
282 -80.75362267 0.04548146963
283 -80.83669875 0.04526965391
284 -80.91337705 0.04507491411
285 -80.98399554 0.04489620437
286 -81.04887773 0.04473254347
287 -81.1083328 0.04458301119
288 -81.16265576 0.0444467447
289 -81.21212771 0.04432293524
290 -81.2570162 0.0442108248
291 -81.29757551 0.04410970313
292 -81.33404712 0.04401890476
293 -81.36666008 0.04393780627
294 -81.39563148 0.04386582366
295 -81.42116689 0.04380240993
296 -81.44346085 0.04374705267
297 -81.4626973 0.04369927198
298 -81.47905 0.04365861847
299 -81.49268252 0.04362467234
300 -81.50374419 0.04359705053
301 -81.51233059 0.04357548531
302 -81.51812586 0.04356054122
303 -81.51719699 0.0435600478
304 -81.47329025 0.04364678953
305 -81.06096153 0.04448213439
306 -77.37406853 0.05259914174
307 -45.2627789 0.1903740865
308 35.87487649 0.9959015893
309 38.53854096 0.9999412368
310 37.33639943 0.9999292496
311 35.03595019 0.9998931381
312 31.88569078 0.999810306
313 28.20828722 0.9996281294
314 24.32426227 0.9992446241
315 20.46614343 0.9984834557
316 16.7770465 0.9970775647
317 13.33880508 0.9946826502
318 10.195959 0.9909394548
319 7.369036336 0.985578756
320 4.860771112 0.9785247813
321 2.659759604 0.9699382984
322 0.7440492203 0.9601741899
323 -0.9148765061 0.9496821854
324 -2.348286679 0.9389043794
325 -3.587197849 0.9282072121
326 -4.660427508 0.9178553942
327 -5.593603539 0.908016016
328 -6.408864369 0.8987772222
329 -7.124978417 0.8901701167
330 -7.757675049 0.8821880961
331 -8.32005286 0.8748017062
332 -8.822989404 0.8679691166
333 -9.275515326 0.8616430565
334 -9.685138794 0.8557751644
335 -10.05811843 0.8503185587
336 -10.39968878 0.8452292399
337 -10.71424468 0.840466751
338 -11.00549099 0.8359943843
339 -11.27656416 0.8317791229
340 -11.53013065 0.8277914363
341 -11.76846689 0.8240050043
342 -11.99352435 0.8203964147
343 -12.20698265 0.8169448605
344 -12.41029305 0.8136318524
345 -12.60471429 0.8104409521
346 -12.7913421 0.8073575315
347 -12.97113373 0.8043685559
348 -13.14492837 0.8014623928
349 -13.31346425 0.7986286421
350 -13.4773929 0.7958579867
351 -13.63729133 0.793142062
352 -13.79367217 0.7904733405
353 -13.94699243 0.7878450311
354 -14.09766085 0.7852509913
355 -14.24604429 0.7826856485
356 -14.39247311 0.7801439331
357 -14.53724594 0.7776212176
358 -14.68063368 0.7751132642
359 -14.82288301 0.772616178
360 -14.9642195 0.770126366
361 -15.10485023 0.7676405002
362 -15.24496618 0.7651554853
363 -15.38474426 0.7626684301
364 -15.5243491 0.760176621
365 -15.66393473 0.7576774995
366 -15.80364594 0.7551686411
367 -15.94361959 0.7526477367
368 -16.08398572 0.7501125756
369 -16.22486864 0.7475610301
370 -16.36638779 0.7449910414
371 -16.50865862 0.7424006069
372 -16.65179335 0.7397877681
373 -16.7959017 0.7371505998
374 -16.94109151 0.7344871998
375 -17.08746941 0.7317956792
376 -17.23514131 0.7290741535
377 -17.38421303 0.726320734
378 -17.53479077 0.7235335196
379 -17.6869816 0.7207105888
380 -17.84089395 0.7178499922
381 -17.9966381 0.7149497454
382 -18.1543266 0.7120078209
383 -18.31407476 0.7090221418
384 -18.47600106 0.7059905745
385 -18.64022766 0.7029109216
386 -18.80688079 0.6997809146
387 -18.97609126 0.6965982077
388 -19.14799494 0.69336037
389 -19.3227332 0.690064879
390 -19.50045343 0.6867091133
391 -19.68130955 0.6832903454
392 -19.86546251 0.6798057349
393 -20.05308088 0.6762523211
394 -20.24434134 0.6726270163
395 -20.4394293 0.6689265986
396 -20.6385395 0.6651477051
397 -20.84187657 0.6612868254
398 -21.04965569 0.6573402955
399 -21.26210321 0.6533042915
400 -21.4794573 0.6491748252
401 -21.7019686 0.644947739
402 -21.92990087 0.6406187026
403 -22.16353162 0.636183211
404 -22.40315275 0.6316365836
405 -22.64907113 0.6269739656
406 -22.90160915 0.6221903311
407 -23.16110525 0.6172804896
408 -23.42791428 0.6122390951
409 -23.70240788 0.6070606596
410 -23.98497458 0.6017395702
411 -24.27601989 0.5962701128
412 -24.5759661 0.5906464997
413 -24.88525184 0.5848629062
414 -25.20433139 0.5789135128
415 -25.53367366 0.5727925575
416 -25.87376071 0.5664943963
417 -26.22508587 0.5600135747
418 -26.58815137 0.5533449092
419 -26.96346529 0.5464835815
420 -27.35153801 0.539425243
421 -27.75287783 0.5321661317
422 -28.16798596 0.5247032003
423 -28.59735068 0.5170342542
424 -29.04144071 0.509158098
425 -29.50069786 0.5010746883
426 -29.97552887 0.4927852886
427 -30.46629672 0.4842926234
428 -30.9733113 0.4756010257
429 -31.4968198 0.466716572
430 -32.03699705 0.4576471984
431 -32.59393587 0.448402791
432 -33.16763808 0.4389952436
433 -33.75800622 0.4294384742
434 -34.36483663 0.4197483974
435 -34.98781402 0.4099428447
436 -35.62650812 0.4000414317
437 -36.28037262 0.3900653705
438 -36.94874669 0.3800372304
439 -37.63085922 0.36998065
440 -38.32583583 0.3599200096
441 -39.03270867 0.3498800734
442 -39.75042865 0.3398856129
443 -40.47787986 0.3299610262
444 -41.21389573 0.3201299654
445 -41.95727646 0.3104149871
446 -42.70680695 0.3008372364
447 -43.46127485 0.2914161761
448 -44.21948804 0.2821693679
449 -44.980291 0.2731123106
450 -45.74257955 0.2642583364
451 -46.50531381 0.2556185655
452 -47.26752879 0.2472019143
453 -48.02834271 0.239015153
454 -48.78696289 0.2310630044
455 -49.54268917 0.2233482774
456 -50.2949151 0.2158720267
457 -51.04312691 0.2086337318
458 -51.78690054 0.2016314861
459 -52.52589692 0.1948621922
460 -53.2598557 0.1883217558
461 -53.98858764 0.182005275
462 -54.71196596 0.1759072207
463 -55.42991678 0.170021605
464 -56.14240878 0.1643421366
465 -56.84944248 0.1588623615
466 -57.55103913 0.1535757868
467 -58.24722948 0.1484759897
468 -58.93804265 0.143556709
469 -59.62349523 0.1388119205
470 -60.30358096 0.1342358962
471 -60.97826108 0.1298232476
472 -61.64745569 0.1255689535
473 -62.31103633 0.1214683739
474 -62.96881999 0.117517249
475 -63.62056477 0.1137116867
476 -64.26596743 0.1100481385
477 -64.90466283 0.1065233659
478 -65.53622541 0.1031343994
479 -66.16017272 0.09987849195
480 -66.77597084 0.09675306847
481 -67.38304155 0.09375567511
482 -67.98077111 0.09088392889
483 -68.56852017 0.08813547039
484 -69.14563465 0.08550792109
485 -69.7114571 0.08299884676
486 -70.26533817 0.08060572765
487 -70.80664783 0.07832593627
488 -71.33478604 0.07615672278
489 -71.8491925 0.07409520781
490 -72.34935515 0.07213838209
491 -72.83481752 0.07028311231
492 -73.30518448 0.06852615197
493 -73.76012651 0.06686415643
494 -74.19938252 0.06529370097
495 -74.62276118 0.0638113008
496 -75.03014086 0.06241343218
497 -75.42146845 0.06109655368
498 -75.796757 0.05985712699
499 -76.15608255 0.05869163662
500 -76.49958016 0.05759660815
501 -76.82743946 0.05656862462
502 -77.1398997 0.05560434104
503 -77.43724463 0.05470049674
504 -77.71979726 0.05385392575
505 -77.98791455 0.05306156514
506 -78.24198226 0.05232046146
507 -78.48240997 0.05162777547
508 -78.70962632 0.05098078529
509 -78.92407456 0.05037688809
510 -79.12620839 0.0498136006
511 -79.3164882 0.04928855855
512 -79.49537762 0.04879951519
513 -79.66334043 0.0483443391
514 -79.82083785 0.04792101134
515 -79.96832617 0.0475276222
516 -80.10625466 0.04716236751
517 -80.23506384 0.04682354473
518 -80.35518398 0.04650954881
519 -80.46703394 0.04621886796
520 -80.57102017 0.04595007939
521 -80.66753597 0.04570184497
522 -80.75696093 0.04547290704
523 -80.83966054 0.04526208417
524 -80.91598597 0.0450682671
525 -80.98627396 0.0448904148
526 -81.05084683 0.04472755057
527 -81.11001257 0.04457875843
528 -81.16406509 0.04444317953
529 -81.2132844 0.04432000879
530 -81.25793698 0.04420849168
531 -81.29827614 0.04410792116
532 -81.33454238 0.04401763478
533 -81.36696384 0.04393701191
534 -81.39575674 0.04386547117
535 -81.42112583 0.04380246796
536 -81.44326487 0.04374749216
537 -81.46235706 0.04370006596
538 -81.47857546 0.04365974191
539 -81.49208298 0.04362610206
540 -81.50302825 0.04359876515
541 -81.51150569 0.04357746621
542 -81.5171935 0.04356278207
543 -81.5161094 0.04356264185
544 -81.47155844 0.04365072155
545 -81.05412039 0.04449660986
546 -77.32198049 0.05272296393
547 -44.82205376 0.1932703461
548 35.95525957 0.9960935226
549 38.53625401 0.999941254
550 37.32671566 0.9999291288
551 35.02116408 0.9998928512
552 31.86747416 0.9998096717
553 28.18863376 0.9996267861
554 24.30475254 0.9992419318
555 20.44776076 0.9984784254
556 16.76031744 0.9970689002
557 13.32397381 0.9946689926
558 10.18310168 0.9909198332
559 7.358121449 0.9855530759
560 4.851692631 0.9784940695
561 2.652361807 0.9699045341
562 0.7381496029 0.9601398186
563 -0.9194669953 0.9496495816
564 -2.351748498 0.9388754786
565 -3.589693762 0.9281833712
566 -4.662098721 0.9178374221
567 -5.59456944 0.9080042861
568 -6.4092243 0.8987718009
569 -7.124814318 0.890170874
570 -7.757054272 0.8821947887
571 -8.319030772 0.8748140348
572 -8.821611653 0.8679867618
573 -9.27381972 0.8616657013
574 -9.683156826 0.8558025062
575 -10.0558765 0.8503503157
576 -10.39720918 0.8452651534
577 -10.71154633 0.8405065856
578 -11.00259009 0.8360379274
579 -11.27347464 0.8318261828
580 -11.52686455 0.8278418407
581 -11.7650347 0.8240585986
582 -11.98993523 0.82045306
583 -12.20324462 0.8170044325
584 -12.40641318 0.8136942396
585 -12.60069879 0.8105060549
586 -12.78719644 0.8074252607
587 -12.96686275 0.8044388322
588 -13.14053635 0.8015351457
589 -13.30895492 0.798703809
590 -13.47276957 0.7959355128
591 -13.63255686 0.7932218991
592 -13.78882905 0.7905554469
593 -13.94204278 0.7879293713
594 -14.09260649 0.785337535
595 -14.24088669 0.7827743712
596 -14.38721351 0.780234815
597 -14.53188526 0.7777142439
598 -14.6751726 0.7752084246
599 -14.81732196 0.7727134667
600 -14.95855867 0.7702257814
601 -15.09908959 0.7677420449
602 -15.23910546 0.7652591661
603 -15.37878296 0.7627742577
604 -15.51828654 0.7602846101
605 -15.65776997 0.7577876687
606 -15.79737786 0.755281013
607 -15.93724683 0.7527623377
608 -16.07750673 0.7502294361
609 -16.21828164 0.7476801844
610 -16.35969077 0.745112528
611 -16.50184936 0.7425244682
612 -16.6448694 0.7399140508
613 -16.78886037 0.737279355
614 -16.93392987 0.7346184828
615 -17.08018427 0.7319295501
616 -17.22772923 0.7292106769
617 -17.37667031 0.7264599796
618 -17.5271134 0.723675562
619 -17.67916529 0.7208555079
620 -17.83293412 0.7179978736
621 -17.98852982 0.7151006802
622 -18.14606462 0.7121619064
623 -18.30565346 0.7091794817
624 -18.46741445 0.706151279
625 -18.63146934 0.7030751078
626 -18.79794395 0.6999487072
627 -18.96696865 0.6967697388
628 -19.13867883 0.69353578
629 -19.31321536 0.6902443168
630 -19.49072509 0.6868927367
631 -19.67136139 0.6834783216
632 -19.85528462 0.6799982411
633 -20.04266269 0.676449545
634 -20.23367163 0.6728291564
635 -20.42849614 0.669133865
636 -20.62733018 0.6653603197
637 -20.83037759 0.6615050229
638 -21.03785269 0.6575643236
639 -21.24998094 0.6535344116
640 -21.46699956 0.6494113127
641 -21.68915818 0.6451908839
642 -21.91671949 0.6408688101
643 -22.1499599 0.6364406015
644 -22.38917013 0.6319015933
645 -22.63465583 0.6272469463
646 -22.88673814 0.6224716505
647 -23.14575415 0.6175705309
648 -23.41205737 0.6125382566
649 -23.68601801 0.6073693541
650 -23.96802319 0.6020582242
651 -24.25847698 0.5965991644
652 -24.55780022 0.5909863976
653 -24.86643011 0.5852141068
654 -25.18481955 0.5792764775
655 -25.51343612 0.5731677488
656 -25.85276066 0.5668822739
657 -26.20328541 0.5604145897
658 -26.56551168 0.5537594986
659 -26.93994687 0.5469121608
660 -27.32710092 0.5398681983
661 -27.72748206 0.5326238105
662 -28.14159182 0.5251759019
663 -28.56991924 0.5175222185
664 -29.01293435 0.509661494
665 -29.47108085 0.5015936014
666 -29.94476805 0.4933197086
667 -30.43436219 0.4848424315
668 -30.94017717 0.4761659824
669 -31.46246504 0.4672963056
670 -32.00140622 0.4582411955
671 -32.55709995 0.4490103882
672 -33.12955522 0.4396156223
673 -33.71868241 0.4300706587
674 -34.32428626 0.4203912561
675 -34.94606035 0.410595096
676 -35.58358355 0.4007016535
677 -36.23631876 0.3907320151
678 -36.90361424 0.3807086424
679 -37.5847076 0.3706550889
680 -38.27873262 0.3605956753
681 -38.98472878 0.3505551336
682 -39.70165332 0.3405582326
683 -40.42839549 0.3306293972
684 -41.1637926 0.3207923348
685 -41.90664729 0.3110696842
686 -42.65574548 0.3014826967
687 -43.40987443 0.2920509618
688 -44.16784026 0.2827921842
689 -44.92848439 0.2737220173
690 -45.69069848 0.2648539557
691 -46.4534375 0.2561992844
692 -47.21573051 0.2477670838
693 -47.97668919 0.2395642832
694 -48.73551389 0.2315957562
695 -49.4914973 0.2238644523
696 -50.24402572 0.2163715548
697 -50.99257831 0.2091166576
698 -51.73672417 0.2020979542
699 -52.47611781 0.1953124331
700 -53.21049298 0.1887560709
701 -53.93965516 0.1824240229
702 -54.66347297 0.1763108035
703 -55.38186869 0.1704104561
704 -56.09480797 0.1647167095
705 -56.80228914 0.1592231191
706 -57.50433211 0.153923193
707 -58.20096715 0.148810501
708 -58.89222373 0.1438787684
709 -59.57811963 0.139121952
710 -60.25865052 0.1345343008
711 -60.93378026 0.1301104004
712 -61.60343221 0.1258452022
713 -62.26748163 0.1217340379
714 -62.92574963 0.1177726201
715 -63.57799867 0.1139570302
716 -64.22392996 0.1102836957
717 -64.86318272 0.1067493566
718 -65.49533555 0.1033510257
719 -66.11990979 0.1000859413
720 -66.73637475 0.09695151817
