0 -18.35884822 0.70815698
1 -18.51439773 0.7052445644
2 -18.67243555 0.7022809029
3 -18.83306709 0.6992640829
4 -18.99640338 0.6961920961
5 -19.16256142 0.6930628342
6 -19.33166451 0.6898740836
7 -19.50384268 0.6866235197
8 -19.67923305 0.6833087019
9 -19.85798028 0.6799270676
10 -20.04023702 0.6764759263
11 -20.22616438 0.672952454
12 -20.41593241 0.6693536874
13 -20.60972065 0.6656765178
14 -20.80771862 0.6619176854
15 -21.01012641 0.6580737741
16 -21.21715525 0.6541412057
17 -21.4290281 0.650116236
18 -21.64598021 0.6459949497
19 -21.86825978 0.6417732578
20 -22.09612854 0.637446895
21 -22.32986232 0.6330114186
22 -22.56975166 0.6284622094
23 -22.8161023 0.6237944738
24 -23.06923575 0.6190032492
25 -23.32948963 0.6140834115
26 -23.59721808 0.6090296862
27 -23.87279198 0.6038366638
28 -24.156599 0.5984988191
29 -24.4490436 0.5930105366
30 -24.75054667 0.5873661414
31 -25.06154502 0.5815599374
32 -25.38249055 0.5755862533
33 -25.71384904 0.5694394964
34 -26.05609855 0.5631142172
35 -26.40972739 0.5566051831
36 -26.7752315 0.5499074631
37 -27.15311127 0.5430165239
38 -27.54386776 0.5359283375
39 -27.94799816 0.5286394995
40 -28.36599058 0.5211473584
41 -28.79831799 0.5134501536
42 -29.24543155 0.5055471615
43 -29.70775301 0.4974388452
44 -30.18566664 0.4891270068
45 -30.67951039 0.4806149351
46 -31.1895667 0.4719075462
47 -31.7160531 0.4630115089
48 -32.25911266 0.4539353497
49 -32.81880485 0.44468953
50 -33.3950969 0.4352864892
51 -33.98785618 0.4257406462
52 -34.59684387 0.4160683546
53 -35.22171038 0.4062878082
54 -35.86199274 0.3964188925
55 -36.51711444 0.3864829849
56 -37.18638774 0.3765027043
57 -37.86901877 0.366501617
58 -38.56411525 0.3565039055
59 -39.27069685 0.3465340128
60 -39.98770789 0.3366162712
61 -40.71403206 0.3267745321
62 -41.44850864 0.317031807
63 -42.1899498 0.3074099351
64 -42.93715823 0.2979292866
65 -43.68894478 0.2886085124
66 -44.44414524 0.2794643453
67 -45.20163606 0.2705114583
68 -45.9603483 0.2617623793
69 -46.71927975 0.2532274612
70 -47.47750473 0.2449149036
71 -48.23418165 0.2368308203
72 -48.98855815 0.2289793457
73 -49.73997389 0.2213627727
74 -50.4878612 0.2139817142
75 -51.23174357 0.2068352814
76 -51.97123228 0.1999212713
77 -52.70602143 0.1932363577
78 -53.43588136 0.1867762814
79 -54.16065099 0.1805360333
80 -54.88022894 0.1745100297
81 -55.59456388 0.1686922751
82 -56.30364424 0.163076512
83 -57.00748732 0.1576563561
84 -57.70612822 0.1524254158
85 -58.39960852 0.1473773957
86 -59.08796514 0.1425061849
87 -59.77121946 0.1378059279
88 -60.44936691 0.1332710807
89 -61.12236737 0.1288964506
90 -61.79013653 0.1246772215
91 -62.4525385 0.1206089639
92 -63.10937994 0.1166876322
93 -63.76040583 0.1129095492
94 -64.40529717 0.1092713793
95 -65.04367069 0.1057700929
96 -65.67508055 0.1024029228
97 -66.29902223 0.09916731576
98 -66.91493828 0.09606088033
99 -67.52222594 0.09308133437
100 -68.12024624 0.09022645348
101 -68.70833442 0.08749402289
102 -69.28581121 0.08488179422
103 -69.85199455 0.08238744858
104 -70.40621148 0.08000856703
105 -70.94780974 0.07774260869
106 -71.47616862 0.07558689689
107 -71.99070904 0.07353861283
108 -72.49090224 0.07159479633
109 -72.97627721 0.06975235278
110 -73.44642653 0.06800806522
111 -73.90101073 0.06635861065
112 -74.33976102 0.06480057917
113 -74.76248058 0.06333049519
114 -75.16904443 0.06194483952
115 -75.55939807 0.06064007163
116 -75.93355504 0.05941265119
117 -76.29159355 0.05825905855
118 -76.63365233 0.05717581359
119 -76.95992602 0.05615949259
120 -77.27066002 0.0552067432
121 -77.56614523 0.05431429709
122 -77.84671256 0.05347898062
123 -78.11272753 0.05269772336
124 -78.36458494 0.05196756472
125 -78.60270374 0.05128565877
126 -78.82752211 0.05064927743
127 -79.03949296 0.05005581229
128 -79.2390796 0.04950277507
129 -79.42675191 0.04898779709
130 -79.60298283 0.04850862783
131 -79.76824516 0.04806313264
132 -79.92300885 0.04764928997
133 -80.06773852 0.04726518803
134 -80.20289137 0.04690902109
135 -80.32891541 0.04657908552
136 -80.44624798 0.04627377568
137 -80.55531453 0.04599157961
138 -80.6565276 0.04573107472
139 -80.75028616 0.04549092352
140 -80.83697496 0.04526986927
141 -80.91696425 0.04506673182
142 -80.99060945 0.04488040349
143 -81.05825116 0.04470984504
144 -81.12021514 0.0445540819
145 -81.17681244 0.04441220036
146 -81.22833962 0.04428334408
147 -81.275079 0.04416671068
148 -81.31729907 0.04406154848
149 -81.35525477 0.04396715344
150 -81.389188 0.04388286622
151 -81.41932799 0.04380806946
152 -81.44589182 0.04374218509
153 -81.46908488 0.04368467195
154 -81.4891013 0.04363502339
155 -81.50612453 0.04359276513
156 -81.52032775 0.04355745318
157 -81.53187437 0.0435286719
158 -81.54091849 0.0435060322
159 -81.5476054 0.04348916983
160 -81.55207196 0.04347774378
161 -81.55444711 0.04347143477
162 -81.5548522 0.04346994388
163 -81.5534015 0.0434729912
164 -81.55020249 0.04348031464
165 -81.54535628 0.04349166872
166 -81.53895798 0.04350682359
167 -81.53109699 0.04352556391
168 -81.52185738 0.04354768802
169 -81.51131815 0.04357300697
170 -81.49955354 0.04360134377
171 -81.48663333 0.04363253258
172 -81.47262305 0.04366641801
173 -81.45758429 0.04370285445
174 -81.44157489 0.04374170544
175 -81.42464917 0.04378284309
176 -81.40685815 0.04382614753
177 -81.38824975 0.04387150641
178 -81.36886896 0.04391881441
179 -81.34875802 0.04396797283
180 -81.32795661 0.04401888911
181 -81.30650196 0.04407147651
182 -81.28442902 0.0441256537
183 -81.26177063 0.04418134447
184 -81.23855757 0.04423847734
185 -81.21481877 0.04429698534
186 -81.19058135 0.04435680571
187 -81.16587077 0.04441787961
188 -81.14071092 0.04448015191
189 -81.11512421 0.04454357098
190 -81.08913166 0.04460808843
191 -81.06275298 0.04467365897
192 -81.03600667 0.04474024016
193 -81.00891004 0.04480779232
194 -80.98147935 0.0448762783
195 -80.9537298 0.04494566336
196 -80.92567565 0.04501591501
197 -80.89733025 0.04508700292
198 -80.8687061 0.04515889876
199 -80.83981487 0.04523157608
200 -80.81066751 0.04530501024
201 -80.78127421 0.04537917828
202 -80.75164453 0.04545405882
203 -80.72178736 0.045529632
204 -80.69171101 0.04560587939
205 -80.66142319 0.04568278392
206 -80.63093102 0.04576032997
207 -80.60024025 0.04583850489
208 -80.56934842 0.04591731341
209 -80.53818016 0.04599691346
210 -80.50598332 0.04607888659
211 -80.46569122 0.04617811975
212 -80.35131519 0.04643415659
213 -79.54751155 0.04817762891
214 -72.34905822 0.06632297137
215 -10.96597929 0.5148675677
216 38.05372615 0.99971261
217 38.4297451 0.9999412601
218 36.99648491 0.9999247982
219 34.64412475 0.9998849603
220 31.60844227 0.9997994996
221 28.18891358 0.9996243368
222 24.64676815 0.9992818005
223 21.15794377 0.9986481636
224 17.8263596 0.9975473963
225 14.71047894 0.9957607012
226 11.84257742 0.9930598109
227 9.238780803 0.9892617251
228 6.903405963 0.9842867307
229 4.831021754 0.9781927835
230 3.008213031 0.9711685439
231 1.415712744 0.9634895187
232 0.03076514606 0.9554591753
233 -1.170678642 0.9473580903
234 -2.212240865 0.9394132986
235 -3.115977638 0.9317880327
236 -3.901763022 0.9245855889
237 -4.587065947 0.9178601757
238 -5.186982354 0.9116295031
239 -5.714410898 0.9058862325
240 -6.180294218 0.9006071604
241 -6.593877154 0.8957600166
242 -6.962954673 0.8913082075
243 -7.294096273 0.8872139593
244 -7.592842055 0.8834402961
245 -7.863870325 0.8799522036
246 -8.111138893 0.8767172456
247 -8.338003179 0.8737058239
248 -8.547314473 0.8708912142
249 -8.74150146 0.8682494679
250 -8.92263781 0.8657592386
251 -9.092498251 0.8634015723
252 -9.252605139 0.8611596848
253 -9.404267209 0.8590187414
254 -9.548611921 0.8569656469
255 -9.686612511 0.8549888511
256 -9.819110709 0.8530781705
257 -9.946835848 0.8512246274
258 -10.07042102 0.8494203063
259 -10.19041673 0.8476582252
260 -10.30730254 0.8459322222
261 -10.42149689 0.8442368546
262 -10.53336561 0.8425673109
263 -10.64322901 0.8409193323
264 -10.75136816 0.8392891447
265 -10.85803008 0.8376733986
266 -10.96343234 0.8360691166
267 -11.06776694 0.8344736472
268 -11.17120366 0.8328846249
269 -11.273893 0.8312999345
270 -11.37596864 0.8297176806
271 -11.47754964 0.8281361603
272 -11.57874232 0.8265538397
273 -11.67964187 0.824969333
274 -11.78033378 0.8233813843
275 -11.88089509 0.8217888515
276 -11.98139544 0.820190692
277 -12.08189803 0.8185859507
278 -12.18246046 0.8169737488
279 -12.28313539 0.8153532738
280 -12.38397127 0.8137237713
281 -12.4850128 0.8120845372
282 -12.58630152 0.810434911
283 -12.68787616 0.8087742696
284 -12.78977307 0.8071020222
285 -12.89202656 0.8054176051
286 -12.99466919 0.8037204777
287 -13.09773206 0.8020101183
288 -13.20124503 0.8002860211
289 -13.30523698 0.7985476923
290 -13.40973595 0.7967946479
291 -13.51476936 0.7950264104
292 -13.62036415 0.7932425069
293 -13.72654695 0.7914424667
294 -13.83334419 0.7896258189
295 -13.94078225 0.7877920908
296 -14.04888755 0.7859408062
297 -14.15768668 0.7840714831
298 -14.26720649 0.7821836327
299 -14.37747421 0.7802767572
300 -14.4885175 0.7783503488
301 -14.60036459 0.7764038879
302 -14.71304433 0.7744368417
303 -14.8265863 0.7724486627
304 -14.94102086 0.7704387874
305 -15.05637927 0.7684066349
306 -15.17269379 0.766351605
307 -15.28999768 0.7642730773
308 -15.40832539 0.7621704094
309 -15.52771258 0.7600429353
310 -15.64819622 0.757889964
311 -15.76981472 0.7557107779
312 -15.89260799 0.7535046308
313 -16.01661752 0.7512707465
314 -16.14188657 0.7490083167
315 -16.26846017 0.7467164994
316 -16.39638532 0.7443944165
317 -16.52571106 0.7420411521
318 -16.65648863 0.7396557501
319 -16.78877158 0.737237212
320 -16.92261592 0.7347844943
321 -17.05808027 0.7322965061
322 -17.19522601 0.7297721066
323 -17.33411747 0.7272101018
324 -17.47482208 0.724609242
325 -17.61741058 0.7219682184
326 -17.7619572 0.71928566
327 -17.9085399 0.7165601301
328 -18.05724056 0.7137901223
329 -18.20814526 0.7109740574
330 -18.36134451 0.7081102786
331 -18.51693351 0.7051970478
332 -18.67501248 0.7022325411
333 -18.83568691 0.6992148441
334 -18.99906795 0.696141947
335 -19.16527266 0.69301174
336 -19.33442449 0.6898220075
337 -19.50665354 0.6865704233
338 -19.68209707 0.6832545448
339 -19.86089987 0.6798718072
340 -20.04321472 0.6764195181
341 -20.22920286 0.6728948512
342 -20.4190345 0.6692948409
343 -20.61288933 0.6656163761
344 -20.81095703 0.6618561946
345 -21.01343789 0.6580108775
346 -21.22054331 0.6540768442
347 -21.43249643 0.6500503475
348 -21.64953274 0.6459274696
349 -21.87190063 0.6417041186
350 -22.09986205 0.6373760261
351 -22.33369307 0.6329387468
352 -22.57368447 0.6283876585
353 -22.82014225 0.6237179649
354 -23.07338816 0.6189247007
355 -23.33376011 0.6140027392
356 -23.60161249 0.6089468037
357 -23.87731645 0.6037514826
358 -24.16125995 0.598411249
359 -24.4538477 0.5929204863
360 -24.75550086 0.5872735188
361 -25.06665649 0.5814646505
362 -25.38776673 0.5754882108
363 -25.71929755 0.569338609
364 -26.06172723 0.5630103983
365 -26.4155442 0.5564983504
366 -26.78124449 0.5497975398
367 -27.15932856 0.5429034407
368 -27.55029743 0.5358120342
369 -27.9546482 0.5285199269
370 -28.37286875 0.5210244807
371 -28.80543178 0.5133239506
372 -29.25278802 0.5054176309
373 -29.7153587 0.4973060053
374 -30.19352739 0.4889908988
375 -30.68763122 0.4804756254
376 -31.19795166 0.4717651287
377 -31.7247051 0.4628661066
378 -32.26803334 0.4537871165
379 -32.82799441 0.4445386518
380 -33.40455399 0.4351331837
381 -33.99757778 0.4255851629
382 -34.60682519 0.415910974
383 -35.2319448 0.4061288391
384 -35.87247182 0.3962586697
385 -36.52782789 0.3863218655
386 -37.19732353 0.3763410631
387 -37.88016319 0.3663398413
388 -38.57545308 0.35634239
389 -39.28221154 0.346373153
390 -39.9993818 0.336456458
391 -40.7258467 0.3266161454
392 -41.46044494 0.3168752104
393 -42.20198837 0.3072554705
394 -42.94927972 0.2977772701
395 -43.70113008 0.2884592303
396 -44.45637579 0.2793180516
397 -45.21389407 0.2703683728
398 -45.97261698 0.2616226867
399 -46.73154347 0.2530913111
400 -47.48974917 0.244782411
401 -48.24639391 0.2367020674
402 -49.00072678 0.2288543837
403 -49.75208897 0.2212416242
404 -50.49991428 0.2138643762
405 -51.24372764 0.2067217279
406 -51.98314175 0.1998114568
407 -52.71785197 0.1931302201
408 -53.44762983 0.1866737449
409 -54.17231528 0.1804370117
410 -54.89180782 0.1744144286
411 -55.60605687 0.1685999948
412 -56.3150514 0.1629874498
413 -57.0188091 0.1575704081
414 -57.71736524 0.152342479
415 -58.41076144 0.1472973694
416 -59.09903446 0.1424289719
417 -59.78220532 0.1377314358
418 -60.46026898 0.1331992223
419 -61.13318466 0.1288271448
420 -61.80086727 0.1246103932
421 -62.46318006 0.1205445444
422 -63.11992871 0.1166255588
423 -63.77085719 0.112849765
424 -64.41564547 0.1092138326
425 -65.05390925 0.1057147367
426 -65.68520172 0.1023497139
427 -66.30901745 0.09911621383
428 -66.92479821 0.09601184741
429 -67.53194057 0.09303433378
430 -68.12980508 0.0901814491
431 -68.71772666 0.08745097838
432 -69.29502588 0.08484067238
433 -69.86102076 0.08234821086
434 -70.41503858 0.07997117306
435 -70.9564275 0.07770701603
436 -71.48456742 0.07555306086
437 -71.99888 0.07350648647
438 -72.49883735 0.07156433046
439 -72.98396944 0.06972349617
440 -73.45386993 0.06798076483
441 -73.90820046 0.06633281189
442 -74.34669339 0.06477622624
443 -74.76915307 0.06330753144
444 -75.17545566 0.06192320782
445 -75.56554778 0.06061971468
446 -75.93944404 0.05939351189
447 -76.29722364 0.05824108034
448 -76.63902627 0.05715894066
449 -76.96504741 0.05614367023
450 -77.27553324 0.05519191794
451 -77.57077534 0.05430041694
452 -77.85110523 0.0534659952
453 -78.11688892 0.05268558402
454 -78.36852166 0.05195622464
455 -78.60642271 0.05127507301
456 -78.83103056 0.05063940299
457 -79.04279829 0.05004660809
458 -79.24218936 0.04949420198
459 -79.42967372 0.04897981791
460 -79.60572431 0.04850120724
461 -79.77081394 0.04805623719
462 -79.92541246 0.04764288799
463 -80.0699844 0.0472592496
464 -80.20498681 0.04690351796
465 -80.33086756 0.04657399108
466 -80.44806378 0.04626906483
467 -80.55700073 0.04598722875
468 -80.65809076 0.04572706165
469 -80.75173257 0.04548722738
470 -80.83831071 0.04526647046
471 -80.91819517 0.04506361195
472 -80.99174115 0.04487754528
473 -81.05928901 0.04470723232
474 -81.12116426 0.04455169948
475 -81.17767771 0.04441003402
476 -81.2291257 0.04428138049
477 -81.27579033 0.04416493734
478 -81.31793984 0.0440599537
479 -81.35582899 0.04396572626
480 -81.38969945 0.0438815964
481 -81.41978027 0.04380694737
482 -81.44628832 0.04374120176
483 -81.46942881 0.04368381895
484 -81.4893957 0.04363429284
485 -81.50637226 0.04359214966
486 -81.52053151 0.04355694588
487 -81.53203672 0.04352826631
488 -81.54104183 0.04350572227
489 -81.547692 0.0434889499
490 -81.55212396 0.04347760854
491 -81.5544665 0.04347137926
492 -81.5548409 0.04346996345
493 -81.55336127 0.0434730815
494 -81.55013501 0.04348047159
495 -81.54526313 0.04349188852
