0 -76.2315512 0.0584507702
1 -76.57541841 0.05735863809
2 -76.90355679 0.0563336276
3 -77.21620084 0.05537240284
4 -77.51363082 0.05447170924
5 -77.79616749 0.05362838421
6 -78.0641667 0.05283936587
7 -78.31801419 0.05210169991
8 -78.55812049 0.05141254454
9 -78.78491606 0.05076917393
10 -78.99884675 0.05016898021
11 -79.20036957 0.04960947417
12 -79.38994877 0.04908828489
13 -79.56805234 0.04860315845
14 -79.7351488 0.04815195591
15 -79.89170445 0.0477326506
16 -80.03818083 0.04734332493
17 -80.17503264 0.04698216688
18 -80.30270593 0.0466474661
19 -80.42163649 0.04633760989
20 -80.53224869 0.04605107903
21 -80.63495439 0.04578644353
22 -80.73015222 0.04554235837
23 -80.81822689 0.04531755931
24 -80.8995489 0.04511085869
25 -80.97447416 0.04492114138
26 -81.04334398 0.04474736084
27 -81.10648499 0.04458853526
28 -81.16420925 0.04444374391
29 -81.2168145 0.04431212357
30 -81.26458432 0.04419286518
31 -81.30778852 0.04408521055
32 -81.34668347 0.04398844939
33 -81.38151252 0.0439019163
34 -81.41250638 0.04382498806
35 -81.43988365 0.043757081
36 -81.46385121 0.04369764852
37 -81.48460474 0.04364617883
38 -81.50232917 0.04360219265
39 -81.51719917 0.04356524124
40 -81.52937962 0.04353490444
41 -81.53902602 0.0435107889
42 -81.54628462 0.04349252705
43 -81.55128994 0.04347978142
44 -81.55413867 0.04347229618
45 -81.55465234 0.043470372
46 -81.5502442 0.04347913933
47 -81.51677909 0.04354695325
48 -81.23694089 0.04411304697
49 -78.76491033 0.04938809608
50 -56.97989259 0.123707878
51 32.60488649 0.980918879
52 38.59960971 0.9999390511
53 37.6648602 0.9999332051
54 35.56011091 0.9999027909
55 32.56225915 0.9998323336
56 28.97640312 0.9996767913
57 25.13069746 0.9993474075
58 21.27409972 0.9986876977
59 17.56318771 0.9974546819
60 14.08830767 0.9953244697
61 10.89929268 0.9919422535
62 8.020548496 0.9870175551
63 5.458168376 0.9804294705
64 3.203717818 0.9722848906
65 1.237615861 0.9628951925
66 -0.4670610159 0.9526883176
67 -1.940770902 0.9421060146
68 -3.21435361 0.9315283462
69 -4.31687835 0.9212391749
70 -5.274463707 0.9114243568
71 -6.109837427 0.902187536
72 -6.842366751 0.8935713158
73 -7.488340391 0.8855769691
74 -8.061354672 0.8781800628
75 -8.572717136 0.8713417176
76 -9.031823126 0.8650161989
77 -9.446486638 0.8591557582
78 -9.823221032 0.8537135544
79 -10.16747227 0.8486452919
80 -10.48381034 0.8439100376
81 -10.77608522 0.8394705266
82 -11.04755365 0.8352931656
83 -11.30098195 0.8313478635
84 -11.53872965 0.8276077761
85 -11.76281744 0.8240490127
86 -11.97498275 0.8206503374
87 -12.17672515 0.8173928815
88 -12.36934374 0.8142598755
89 -12.55396795 0.8112364053
90 -12.73158305 0.8083091938
91 -12.90305143 0.8054664052
92 -13.06913034 0.8026974732
93 -13.2304868 0.7999929484
94 -13.38771017 0.7973443646
95 -13.54132286 0.7947441202
96 -13.69178931 0.7921853752
97 -13.83952381 0.7896619595
98 -13.98489705 0.7871682928
99 -14.12824184 0.7846993138
100 -14.26985804 0.782250418
101 -14.41001674 0.7798174032
102 -14.54896397 0.7773964207
103 -14.68692386 0.7749839333
104 -14.82410142 0.7725766766
105 -14.96068498 0.7701716266
106 -15.0968483 0.7677659694
107 -15.23275243 0.7653570752
108 -15.36854737 0.7629424744
109 -15.5043735 0.7605198371
110 -15.6403629 0.7580869539
111 -15.77664048 0.7556417191
112 -15.91332502 0.7531821153
113 -16.0505301 0.7507061994
114 -16.18836493 0.7482120901
115 -16.32693511 0.7456979564
116 -16.46634334 0.7431620065
117 -16.60669002 0.7406024784
118 -16.7480739 0.7380176302
119 -16.89059257 0.7354057318
120 -17.03434304 0.7327650568
121 -17.17942216 0.7300938744
122 -17.32592714 0.7273904425
123 -17.47395594 0.7246530002
124 -17.62360776 0.7218797613
125 -17.77498342 0.7190689072
126 -17.9281858 0.7162185805
127 -18.08332021 0.7133268789
128 -18.24049482 0.7103918481
129 -18.39982109 0.7074114761
130 -18.56141414 0.7043836863
131 -18.72539316 0.7013063314
132 -18.89188188 0.698177187
133 -19.061009 0.6949939447
134 -19.23290857 0.6917542061
135 -19.40772052 0.688455476
136 -19.58559112 0.6850951554
137 -19.76667345 0.6816705353
138 -19.95112789 0.6781787895
139 -20.13912271 0.6746169684
140 -20.33083455 0.6709819916
141 -20.52644901 0.667270642
142 -20.72616122 0.6634795588
143 -20.93017643 0.6596052317
144 -21.13871064 0.6556439946
145 -21.3519912 0.6515920208
146 -21.57025743 0.6474453179
147 -21.79376128 0.6431997238
148 -22.02276797 0.6388509042
149 -22.25755657 0.6343943508
150 -22.49842061 0.6298253812
151 -22.74566868 0.6251391412
152 -22.99962491 0.6203306092
153 -23.26062947 0.6153946032
154 -23.52903888 0.6103257912
155 -23.80522633 0.6051187063
156 -24.08958178 0.5997677654
157 -24.38251189 0.5942672935
158 -24.68443982 0.588611555
159 -24.99580466 0.5827947902
160 -25.31706064 0.5768112612
161 -25.64867601 0.5706553056
162 -25.99113141 0.5643214
163 -26.34491793 0.557804233
164 -26.71053444 0.5510987903
165 -27.08848456 0.5442004501
166 -27.47927279 0.5371050907
167 -27.88340007 0.5298092085
168 -28.30135855 0.5223100479
169 -28.73362557 0.51460574
170 -29.18065696 0.5066954488
171 -29.64287947 0.4985795226
172 -30.12068262 0.4902596475
173 -30.61440989 0.4817389968
174 -31.12434944 0.4730223735
175 -31.65072464 0.4641163381
176 -32.19368445 0.4550293165
177 -32.75329418 0.4457716796
178 -33.32952674 0.4363557888
179 -33.92225488 0.4267960008
180 -34.53124474 0.4171086252
181 -35.15615113 0.4073118316
182 -35.79651482 0.3974255033
183 -36.45176221 0.3874710382
184 -37.12120759 0.3774710989
185 -37.80405814 0.367449318
186 -38.49942154 0.3574299658
187 -39.20631641 0.3474375922
188 -39.92368491 0.3374966534
189 -40.65040756 0.327631138
190 -41.3853195 0.3178642047
191 -42.12722784 0.3082178459
192 -42.87492952 0.2987125872
193 -43.62722892 0.2893672331
194 -44.38295491 0.2801986654
195 -45.14097662 0.2712216978
196 -45.90021759 0.2624489885
197 -46.65966797 0.2538910084
198 -47.41839451 0.2455560611
199 -48.17554816 0.23745035
200 -48.93036932 0.2295780837
201 -49.6821908 0.2219416145
202 -50.43043841 0.2145416001
203 -51.17462963 0.2073771825
204 -51.91437025 0.2004461765
205 -52.64934944 0.1937452613
206 -53.37933328 0.1872701719
207 -54.10415706 0.1810158833
208 -54.82371657 0.1749767865
209 -55.53795845 0.1691468521
210 -56.24686995 0.1635197814
211 -56.95046819 0.1580891418
212 -57.64878905 0.1528484875
213 -58.34187606 0.1477914637
214 -59.02976926 0.1429118949
215 -59.71249436 0.1382038575
216 -60.39005246 0.1336617362
217 -61.0624104 0.1292802646
218 -61.72949218 0.1250545516
219 -62.39117154 0.1209800924
220 -63.04726598 0.1170527673
221 -63.69753246 0.1132688264
222 -64.34166494 0.1096248652
223 -64.97929383 0.1061177894
224 -65.60998759 0.1027447727
225 -66.2332562 0.09950320956
226 -66.84855671 0.09639066358
227 -67.4553005 0.09340481599
228 -68.05286209 0.0905434144
229 -68.64058927 0.08780422485
230 -69.21781404 0.08518498848
231 -69.78386418 0.0826833844
232 -70.33807487 0.0802969994
233 -70.87980013 0.07802330545
234 -71.40842366 0.07585964481
235 -71.92336878 0.07380322274
236 -72.42410722 0.07185110714
237 -72.91016655 0.07000023444
238 -73.3811362 0.06824742062
239 -73.8366719 0.06658937655
240 -74.27649865 0.06502272627
241 -74.70041216 0.06354402744
242 -75.10827896 0.0621497928
243 -75.50003526 0.06083651188
244 -75.87568468 0.05960067225
245 -76.23529513 0.05843877966
246 -76.57899485 0.05734737672
247 -76.90696792 0.05632305977
248 -77.21944935 0.05536249372
249 -77.51671987 0.05446242491
250 -77.79910062 0.05361969177
251 -78.06694782 0.05283123354
252 -78.32064747 0.05209409706
253 -78.56061036 0.05140544174
254 -78.78726713 0.050762543
255 -79.00106378 0.05016279422
256 -79.20245741 0.04960370741
257 -79.39191233 0.04908291292
258 -79.56989656 0.04859815806
259 -79.73687861 0.04814730506
260 -79.89332474 0.04772832842
261 -80.03969645 0.0473393117
262 -80.17644835 0.04697844396
263 -80.30402637 0.0466440159
264 -80.42286622 0.04633441583
265 -80.53339213 0.0460481255
266 -80.63601584 0.04578371583
267 -80.7311358 0.04553984268
268 -80.81913662 0.04531524263
269 -80.90038861 0.04510872882
270 -80.97524756 0.04491918685
271 -81.04405459 0.0447455709
272 -81.1071362 0.04458689981
273 -81.16480431 0.04444225349
274 -81.21735648 0.0443107693
275 -81.26507616 0.04419163873
276 -81.30823302 0.04408410414
277 -81.34708328 0.04398745569
278 -81.38187015 0.04390102847
279 -81.41282423 0.04382419968
280 -81.44016397 0.04375638605
281 -81.46409615 0.04369704139
282 -81.48481632 0.04364565423
283 -81.50250931 0.04360174564
284 -81.51734968 0.04356486721
285 -81.52950219 0.04353459904
286 -81.53912227 0.04351054807
287 -81.54635607 0.043492347
288 -81.55133801 0.04347965858
289 -81.55416471 0.04347222723
290 -81.55465757 0.04347035393
291 -81.55022928 0.04347917026
292 -81.51674018 0.04354704047
293 -81.23683246 0.04411328366
294 -78.7642983 0.04938948957
295 -56.97489367 0.1237320041
296 32.60688377 0.9809341261
297 38.59963667 0.9999390542
298 37.66477507 0.9999332041
299 35.5599862 0.9999027886
300 32.56213788 0.9998323298
301 28.97632768 0.9996767864
302 25.13069688 0.9993474062
303 21.27418704 0.9986877155
304 17.56336393 0.9974547552
305 14.08856624 0.9953246671
306 10.89962298 0.9919426806
307 8.02093816 0.9870183459
308 5.458605075 0.9804307638
309 3.204190529 0.9722868024
310 1.238115628 0.9628977959
311 -0.466540841 0.9526916392
312 -1.940234828 0.9421100439
313 -3.2138044 0.9315330496
314 -4.316317474 0.9212445088
315 -5.273891753 0.9114302766
316 -6.109254429 0.9021940008
317 -6.841772423 0.8935782905
318 -7.487734291 0.8855844246
319 -8.060736302 0.8781879753
320 -8.572086009 0.8713500678
321 -9.031178796 0.8650249707
322 -9.445828721 0.8591649387
323 -9.822549212 0.8537231323
324 -10.1667863 0.8486552578
325 -10.48311002 0.843920383
326 -10.77537041 0.8394812443
327 -11.04682426 0.8353042489
328 -11.30023794 0.8313593065
329 -11.537971 0.8276195732
330 -11.76204416 0.8240611588
331 -11.97419486 0.8206628279
332 -12.1759227 0.8174057121
333 -12.36852678 0.8142730423
334 -12.55313653 0.8112499049
335 -12.73073724 0.8083230228
336 -12.90219128 0.8054805609
337 -13.06825591 0.802711953
338 -13.22959813 0.8000077503
339 -13.3868073 0.7973594868
340 -13.54040582 0.7947595613
341 -13.69085812 0.7922011342
342 -13.83857847 0.7896780357
343 -13.98393754 0.787184686
344 -14.12726815 0.7847160239
345 -14.26887011 0.7822674456
346 -14.40901452 0.7798347492
347 -14.54794738 0.7774140863
348 -14.68589279 0.7750019201
349 -14.82305577 0.7725949867
350 -14.95962462 0.7701902624
351 -15.09577306 0.7677849338
352 -15.23166214 0.7653763714
353 -15.36744183 0.7629621061
354 -15.50325249 0.7605398085
355 -15.63922618 0.7581072695
356 -15.77548778 0.755662384
357 -15.91215605 0.7532031348
358 -16.04934454 0.7507275796
359 -16.18716244 0.7482338375
360 -16.32571532 0.7457200779
361 -16.46510584 0.7431845096
362 -16.60543439 0.740625371
363 -16.74679968 0.738040921
364 -16.88929928 0.73542943
365 -17.03303015 0.7327891721
366 -17.17808911 0.7301184172
367 -17.32457332 0.7274154239
368 -17.47258073 0.7246784319
369 -17.62221049 0.7219056557
370 -17.77356339 0.7190952774
371 -17.92674223 0.7162454406
372 -18.0818523 0.7133542436
373 -18.23900173 0.7104197331
374 -18.39830191 0.7074398978
375 -18.5598679 0.7044126621
376 -18.72381886 0.7013358798
377 -18.89027845 0.6982073273
378 -19.05937529 0.6950246975
379 -19.23124338 0.691785593
380 -19.40602258 0.6884875197
381 -19.58385907 0.6851278799
382 -19.76490586 0.6817039658
383 -19.94932325 0.6782129527
384 -20.13727942 0.6746518922
385 -20.32895092 0.6710177055
386 -20.52452325 0.6673071769
387 -20.72419143 0.6635169471
388 -20.92816061 0.6596435075
389 -21.13664667 0.6556831936
390 -21.34987684 0.6516321805
391 -21.56809031 0.6474864774
392 -21.79153892 0.643241924
393 -22.02048773 0.6388941877
394 -22.25521567 0.6344387621
395 -22.49601612 0.6298709665
396 -22.74319752 0.6251859485
397 -22.99708385 0.620378688
398 -23.2580151 0.6154440045
399 -23.52634763 0.6103765677
400 -23.80245448 0.6051709118
401 -24.08672542 0.5998214547
402 -24.37956696 0.5943225223
403 -24.68140209 0.5886683793
404 -24.99266975 0.5828532659
405 -25.31382403 0.576871444
406 -25.64533303 0.5707172499
407 -25.98767732 0.5643851584
408 -26.34134784 0.5578698557
409 -26.70684345 0.5511663241
410 -27.08466772 0.5442699372
411 -27.47532517 0.5371765676
412 -27.8793168 0.5298827052
413 -28.29713488 0.5223855862
414 -28.72925693 0.514683332
415 -29.17613902 0.5067750956
416 -29.63820825 0.498661213
417 -30.11585454 0.490343356
418 -30.60942187 0.4818246826
419 -31.11919901 0.4731099789
420 -31.64541 0.4642057876
421 -32.1882046 0.4551205156
422 -32.74764898 0.4458645143
423 -33.32371699 0.4364501254
424 -33.91628243 0.426891686
425 -34.5251125 0.4172054869
426 -35.14986312 0.4074096799
427 -35.7900762 0.3975241325
428 -36.44517926 0.387570229
429 -37.11448767 0.3775706208
430 -37.79720961 0.3675489327
431 -38.49245373 0.3575294305
432 -39.19923943 0.3475366633
433 -39.91650958 0.3375950903
434 -40.6431452 0.3277287066
435 -41.3779818 0.3179606809
436 -42.11982668 0.3083130189
437 -42.86747678 0.2988062619
438 -43.61973633 0.2894592326
439 -44.37543386 0.2802888328
440 -45.13343803 0.2713098971
441 -45.89267179 0.2625351054
442 -46.65212458 0.2539749501
443 -47.41086233 0.2456377562
444 -48.16803515 0.2375297471
445 -48.92288253 0.2296551507
446 -49.67473636 0.2220163368
447 -50.42302155 0.214613979
448 -51.16725467 0.2074472335
449 -51.90704067 0.200513927
450 -52.64206793 0.1938107493
451 -53.3721018 0.1873334435
452 -54.09697694 0.1810769915
453 -54.81658857 0.1750357889
454 -55.5308829 0.16920381
455 -56.23984682 0.163574758
456 -56.94349721 0.158142201
457 -57.64186983 0.1528996927
458 -58.33500818 0.147840877
459 -59.02295239 0.1429595763
460 -59.70572837 0.1382498642
461 -60.3833375 0.133706122
462 -61.05574702 0.1293230799
463 -61.72288138 0.1250958429
464 -62.38461485 0.1210199025
465 -63.04076551 0.117091135
466 -63.69109094 0.1133057873
467 -64.3352857 0.1096604514
468 -64.97298087 0.1061520302
469 -65.60374546 0.1027776951
470 -66.22709004 0.09953483841
471 -66.84247214 0.0964210225
472 -67.44930354 0.09343392763
473 -68.04695909 0.09057130099
474 -68.63478679 0.08783090867
475 -69.21211875 0.08521049225
476 -69.77828273 0.08270773159
477 -70.33261377 0.08032021453
478 -70.87446567 0.07804541424
479 -71.40322178 0.07588067431
480 -71.91830499 0.07382320137
481 -72.41918651 0.07187006464
482 -72.90539333 0.0700182018
483 -73.37651425 0.06826442995
484 -73.83220433 0.06660546091
485 -74.27218787 0.06503791948
486 -74.69625988 0.06355836386
487 -75.1042862 0.06216330714
488 -75.49620234 0.06084923896
489 -75.8720113 0.05961264682
490 -76.23178034 0.05845003619
491 -76.57563714 0.05735794923
492 -76.90376525 0.05633298167
493 -77.21639919 0.05537179769
494 -77.51381926 0.05447114276
495 -77.79634624 0.05362785436
496 -78.064336 0.05283887071
497 -78.3181743 0.05210123754
498 -78.55827168 0.05141211314
499 -78.78505862 0.05076877176
500 -78.99898097 0.05016860562
501 -79.20049575 0.04960912557
502 -79.39006721 0.04908796077
503 -79.56816334 0.0486028574
504 -79.73525267 0.04815167656
505 -79.89180148 0.04773239167
506 -80.03827133 0.0473430852
507 -80.17511691 0.0469819452
508 -80.30278424 0.04664726139
509 -80.42170913 0.04633742113
510 -80.53231593 0.04605090525
511 -80.6350165 0.04578628382
512 -80.73020945 0.04554221189
513 -80.8182795 0.04531742525
514 -80.89959711 0.04511073629
515 -80.97451822 0.04492102994
516 -81.0433841 0.04474725969
517 -81.10652137 0.04458844378
518 -81.16424211 0.0444436615
519 -81.21684402 0.04431204969
520 -81.26461068 0.04419279931
521 -81.30781191 0.04408515221
522 -81.34670405 0.04398839812
523 -81.38153043 0.04390187168
524 -81.41252179 0.04382494969
525 -81.43989669 0.04375704849
526 -81.46386202 0.04369762155
527 -81.48461345 0.04364615704
528 -81.5023359 0.04360217575
529 -81.51720403 0.04356522894
530 -81.52938271 0.04353489647
531 -81.53902744 0.043510785
532 -81.54628448 0.04349252698
533 -81.55128832 0.04347978497
534 -81.55413566 0.04347230313
535 -81.55464802 0.04347038217
536 -81.5502386 0.0434791526
537 -81.51677199 0.04354697005
538 -81.23692958 0.044113073
539 -78.76486853 0.04938819331
540 -56.97958312 0.1237093753
541 32.60500906 0.9809198174
542 38.59961157 0.9999390513
543 37.66485556 0.999933205
544 35.56010448 0.9999027908
545 32.56225385 0.9998323335
546 28.97640174 0.9996767912
547 25.13070184 0.999347408
548 21.27411062 0.9986877001
549 17.56320509 0.9974546893
550 14.08833096 0.9953244876
551 10.89932106 0.9919422904
552 8.020581031 0.9870176214
553 5.45820414 0.9804295767
554 3.203756001 0.9722850454
555 1.237655813 0.962895401
556 -0.4670197648 0.9526885814
557 -1.940728661 0.9421063325
558 -3.214310559 0.9315287152
559 -4.316834572 0.9212395916
560 -5.274419223 0.9114248176
561 -6.10979222 0.9021880376
562 -6.842320781 0.8935718555
563 -7.488293611 0.8855775448
564 -8.061307031 0.8781806726
565 -8.572668587 0.8713423602
566 -9.031773625 0.8650168729
567 -9.446436149 0.8591564629
568 -9.823169526 0.8537142889
569 -10.16741973 0.8486460555
570 -10.48375673 0.8439108296
571 -10.77603054 0.8394713467
572 -11.04749787 0.8352940132
573 -11.30092508 0.8313487383
574 -11.53867168 0.8276086776
575 -11.76275838 0.8240499406
576 -11.97492258 0.8206512913
577 -12.17666389 0.8173938612
578 -12.36928138 0.8142608806
579 -12.55390449 0.8112374357
580 -12.73151851 0.8083102492
581 -12.9029858 0.8054674854
582 -13.06906362 0.802698578
583 -13.230419 0.7999940778
584 -13.38764129 0.7973455183
585 -13.5412529 0.7947452982
586 -13.69171828 0.7921865774
587 -13.83945169 0.789663186
588 -13.98482385 0.7871695434
589 -14.12816756 0.7847005885
590 -14.26978268 0.782251717
591 -14.40994029 0.7798187265
592 -14.54888641 0.7773977685
593 -14.68684519 0.7749853056
594 -14.82402164 0.7725780736
595 -14.96060407 0.7701730485
596 -15.09676626 0.7677674164
597 -15.23266924 0.7653585476
598 -15.36846301 0.7629439724
599 -15.50428795 0.7605213611
600 -15.64027615 0.7580885043
601 -15.77655251 0.7556432962
602 -15.9132358 0.7531837195
603 -16.05043962 0.7507078312
604 -16.18827315 0.74821375
605 -16.32684201 0.7456996449
606 -16.46624887 0.7431637243
607 -16.60659417 0.7406042259
608 -16.74797662 0.7380194082
609 -16.89049384 0.735407541
610 -17.03424281 0.7327668978
611 -17.17932039 0.7300957482
612 -17.32582377 0.7273923498
613 -17.47385094 0.724654942
614 -17.62350107 0.7218817385
615 -17.77487499 0.7190709207
616 -17.92807557 0.7162206315
617 -18.08320812 0.7133289684
618 -18.24038081 0.7103939774
619 -18.39970509 0.7074136464
620 -18.56129606 0.704385899
621 -18.72527294 0.7013085879
622 -18.89175944 0.6981794886
623 -19.06088424 0.6949962931
624 -19.23278141 0.691756603
625 -19.40759086 0.688457923
626 -19.58545886 0.6850976544
627 -19.76653847 0.6816730881
628 -19.95099008 0.6781813983
629 -20.13898196 0.6746196352
630 -20.33069072 0.6709847187
631 -20.52630197 0.6672734317
632 -20.72601082 0.6634824136
633 -20.93002253 0.659608154
634 -21.13855307 0.6556469873
635 -21.35182978 0.6515950867
636 -21.57009199 0.64744846
637 -21.79359164 0.6432029451
638 -22.02259393 0.638854208
639 -22.25737791 0.6343977404
640 -22.49823711 0.6298288601
641 -22.74548011 0.6251427131
642 -22.99943103 0.6203342778
643 -23.26043001 0.6153983722
644 -23.52883357 0.6103296648
645 -23.8050149 0.6051226884
646 -24.08936393 0.5997718601
647 -24.38228732 0.5942715052
648 -24.68420821 0.5886158877
649 -24.99556567 0.5827992481
650 -25.31681393 0.5768158486
651 -25.64842123 0.5706600266
652 -25.99086821 0.5643262584
653 -26.34464593 0.5578092326
654 -26.71025328 0.5511039346
655 -27.08819386 0.5442057423
656 -27.47897219 0.5371105334
657 -27.8830892 0.529814804
658 -28.30103705 0.5223157978
659 -28.7332931 0.5146116451
660 -29.18031319 0.5067015091
661 -29.6425241 0.4985857373
662 -30.12031538 0.4902660146
663 -30.61403055 0.4817455131
664 -31.12395782 0.4730290346
665 -31.65032059 0.4641231383
666 -32.19326791 0.4550362487
667 -32.75286513 0.445778735
668 -33.32908525 0.4363629574
669 -33.92180107 0.426803271
670 -34.53077884 0.417115984
671 -35.15567343 0.4073192647
672 -35.79602571 0.3974329952
673 -36.45126215 0.3874785724
674 -37.12069715 0.377478658
675 -37.80353792 0.3674568841
676 -38.49889225 0.3574375206
677 -39.2057788 0.3474451174
678 -39.92313979 0.3375041309
679 -40.64985578 0.3276385502
680 -41.38476192 0.3178715348
681 -42.12666537 0.308225078
682 -42.87436303 0.2987197066
683 -43.62665929 0.2893742265
684 -44.38238299 0.2802055209
685 -45.14040322 0.2712284053
686 -45.89964349 0.2624555393
687 -46.6590939 0.2538973956
688 -47.41782112 0.2455622792
689 -48.17497603 0.2374563951
690 -48.929799 0.2295839533
691 -49.68162274 0.2219473076
692 -50.42987301 0.2145471167
693 -51.1740672 0.2073825238
694 -51.91381106 0.2004513443
695 -52.6487937 0.1937502586
696 -53.37878112 0.1872750021
697 -54.1036086 0.1810205503
698 -54.82317185 0.1749812945
699 -55.5374175 0.1691512058
700 -56.24633278 0.1635239855
701 -56.94993477 0.1580932011
702 -57.64825936 0.1528524067
703 -58.34135007 0.1477952474
704 -59.02924695 0.1429155476
705 -59.71197572 0.1382073835
706 -60.3895375 0.1336651394
707 -61.06189917 0.1292835488
708 -61.72898477 0.1250577203
709 -62.39066806 0.1209831488
710 -63.0467666 0.1170557142
711 -63.6970374 0.1132716665
712 -64.34117444 0.1096276009
713 -64.97880822 0.1061204228
714 -65.60950721 0.1027473059
715 -66.23278146 0.09950564428
716 -66.84808803 0.09639300161
717 -67.45483835 0.09340705901
718 -68.05240697 0.09054556405
719 -68.64014168 0.08780628277
720 -69.21737451 0.08518695637
721 -69.78343322 0.08268526399
722 -70.33765298 0.08029879252
723 -70.87938781 0.07802501401
724 -71.40802137 0.07586127084
725 -71.92297696 0.07380476837
726 -72.42372625 0.07185257461
727 -72.90979678 0.07000162606
728 -73.38077794 0.06824873883
729 -73.8363254 0.06659062383
730 -74.27616411 0.06502390517
731 -74.70008972 0.06354514056
732 -75.1079687 0.06215084277
733 -75.49973722 0.06083750134
734 -75.87539886 0.05960160383
735 -76.23502146 0.05843965598
