0 -81.43817647 0.0437528532
1 -59.02756264 0.1220824224
2 20.411245 0.8087797362
3 42.47290107 0.9999490093
4 45.89786115 0.9999843212
5 52.02150437 0.9999948848
6 43.82046387 0.999981003
7 39.19518602 0.9999528937
8 35.15559537 0.9998985698
9 31.2092449 0.9997876115
10 27.31707026 0.9995630075
11 23.5199002 0.9991237345
12 19.86389653 0.998304185
13 16.38895991 0.9968590597
14 13.12890828 0.9944698332
15 10.11173093 0.9907904485
16 7.358187314 0.9855349455
17 4.879633801 0.9785786325
18 2.676517416 0.9700208613
19 0.7385823255 0.9601711536
20 -0.953097455 0.9494668219
21 -2.422997013 0.9383679415
22 -3.697939471 0.9272751691
23 -4.804538335 0.9164893273
24 -5.767539828 0.9062069235
25 -6.608978785 0.8965360889
26 -7.347919968 0.8875192968
27 -8.000554364 0.8791548717
28 -8.580475442 0.8714140901
29 -9.099022488 0.8642534439
30 -9.565626967 0.857622818
31 -9.988130223 0.8514706179
32 -10.37306013 0.8457467847
33 -10.7258647 0.8404044218
34 -11.05110573 0.8354005445
35 -11.3526175 0.8306963013
36 -11.63363612 0.8262568886
37 -11.8969046 0.8220513036
38 -12.14475808 0.8180520197
39 -12.37919319 0.8142346376
40 -12.60192449 0.8105775409
41 -12.81443058 0.8070615726
42 -13.01799185 0.8036697386
43 -13.21372162 0.8003869421
44 -13.40259177 0.7971997474
45 -13.58545405 0.7940961726
46 -13.76305781 0.791065507
47 -13.93606481 0.7880981523
48 -14.10506173 0.7851854839
49 -14.2705706 0.7823197294
50 -14.43305773 0.7794938637
51 -14.59294126 0.7767015162
52 -14.75059759 0.7739368908
53 -14.90636693 0.7711946952
54 -15.06055804 0.7684700793
55 -15.2134523 0.7657585807
56 -15.36530729 0.7630560769
57 -15.51635988 0.7603587434
58 -15.66682891 0.7576630159
59 -15.81691753 0.7549655575
60 -15.96681532 0.752263229
61 -16.1167001 0.7495530624
62 -16.26673955 0.7468322375
63 -16.41709268 0.7440980603
64 -16.5679111 0.7413479442
65 -16.71934021 0.738579392
66 -16.87152026 0.7357899805
67 -17.02458726 0.7329773454
68 -17.17867391 0.7301391684
69 -17.33391039 0.7272731647
70 -17.4904251 0.7243770712
71 -17.64834536 0.7214486358
72 -17.80779807 0.7184856077
73 -17.96891031 0.7154857273
74 -18.13180996 0.7124467172
75 -18.29662622 0.7093662739
76 -18.4634902 0.706242059
77 -18.63253542 0.7030716914
78 -18.80389835 0.6998527395
79 -18.97771889 0.6965827138
80 -19.15414092 0.6932590592
81 -19.33331275 0.6898791486
82 -19.51538768 0.6864402751
83 -19.70052443 0.6829396461
84 -19.88888772 0.6793743762
85 -20.08064873 0.6757414815
86 -20.27598561 0.6720378731
87 -20.47508403 0.6682603519
88 -20.67813764 0.6644056032
89 -20.88534864 0.6604701921
90 -21.09692826 0.6564505591
91 -21.31309728 0.6523430172
92 -21.53408652 0.6481437492
93 -21.76013734 0.6438488059
94 -21.9915021 0.6394541065
95 -22.22844459 0.6349554395
96 -22.47124045 0.630348466
97 -22.72017748 0.6256287247
98 -22.97555598 0.6207916397
99 -23.23768892 0.6158325307
100 -23.50690206 0.6107466266
101 -23.78353396 0.6055290829
102 -24.06793581 0.6001750032
103 -24.36047116 0.5946794653
104 -24.66151539 0.5890375527
105 -24.97145498 0.5832443918
106 -25.2906865 0.5772951956
107 -25.61961537 0.5711853139
108 -25.9586542 0.5649102913
109 -26.3082208 0.5584659325
110 -26.66873577 0.5518483754
111 -27.04061966 0.5450541726
112 -27.42428964 0.5380803804
113 -27.82015564 0.5309246545
114 -28.22861605 0.5235853532
115 -28.65005279 0.5160616452
116 -29.08482601 0.5083536207
117 -29.53326816 0.5004624043
118 -29.99567776 0.4923902664
119 -30.47231274 0.4841407302
120 -30.96338364 0.4757186699
121 -31.46904657 0.4671303973
122 -31.98939636 0.4583837313
123 -32.52445989 0.4494880466
124 -33.07418994 0.4404542963
125 -33.63845962 0.4312950058
126 -34.21705794 0.4220242335
127 -34.80968634 0.4126574958
128 -35.41595675 0.4032116559
129 -36.0353912 0.3937047761
130 -36.66742319 0.384155935
131 -37.31140082 0.3745850131
132 -37.96659193 0.3650124522
133 -38.63219093 0.3554589941
134 -39.3073274 0.3459454067
135 -39.99107625 0.3364922056
136 -40.68246909 0.3271193801
137 -41.38050659 0.3178461316
138 -42.0841714 0.3086906334
139 -42.79244141 0.2996698173
140 -43.50430276 0.2907991943
141 -44.21876243 0.2820927125
142 -44.93485997 0.2735626535
143 -45.65167814 0.2652195701
144 -46.36835226 0.2570722623
145 -47.08407801 0.249127789
146 -47.79811774 0.2413915141
147 -48.50980505 0.2338671795
148 -49.21854783 0.2265570026
149 -49.92382971 0.2194617916
150 -50.62521001 0.2125810753
151 -51.32232237 0.2059132403
152 -52.01487215 0.1994556743
153 -52.70263263 0.1932049093
154 -53.38544038 0.187156763
155 -54.06318971 0.181306475
156 -54.73582639 0.1756488372
157 -55.40334086 0.1701783152
158 -56.06576081 0.1648891606
159 -56.72314348 0.1597755141
160 -57.37556763 0.1548314975
161 -58.02312525 0.1500512955
162 -58.66591324 0.1454292275
163 -59.30402506 0.1409598081
164 -59.93754247 0.1366377976
165 -60.56652759 0.1324582422
166 -61.1910153 0.1284165043
167 -61.81100618 0.1245082822
168 -62.42646021 0.1207296212
169 -63.03729128 0.1170769147
170 -63.64336282 0.1135468967
171 -64.24448455 0.1101366263
172 -64.84041062 0.1068434644
173 -65.43083918 0.1036650446
174 -66.01541342 0.1005992383
175 -66.59372416 0.097644116
176 -67.16531397 0.09479790549
177 -67.72968263 0.09205894966
178 -68.28629391 0.08942566387
179 -68.83458338 0.08689649533
180 -69.37396715 0.08446988531
181 -69.90385105 0.08214423547
182 -70.42364029 0.07991787907
183 -70.93274895 0.07778905771
184 -71.43060935 0.07575590396
185 -71.9166808 0.07381642984
186 -72.39045764 0.07196852117
187 -72.85147635 0.07020993712
188 -73.29932157 0.06853831464
189 -73.73363094 0.06695117694
190 -74.15409878 0.06544594527
191 -74.56047848 0.06401995332
192 -74.9525838 0.06267046328
193 -75.330289 0.06139468309
194 -75.69352796 0.06018978394
195 -76.04229249 0.05905291775
196 -76.37662978 0.05798123393
197 -76.69663924 0.05697189523
198 -77.00246892 0.05602209229
199 -77.29431144 0.05512905676
200 -77.57239974 0.05429007288
201 -77.83700272 0.05350248746
202 -78.08842075 0.05276371832
203 -78.3269813 0.05207126114
204 -78.55303466 0.05142269494
205 -78.76694981 0.05081568618
206 -78.96911054 0.05024799163
207 -79.15991179 0.04971746019
208 -79.33975628 0.04922203377
209 -79.50905145 0.04875974721
210 -79.66820662 0.04832872765
211 -79.81763053 0.04792719315
212 -79.9577291 0.04755345092
213 -80.08890352 0.04720589506
214 -80.21154854 0.04688300405
215 -80.32605108 0.04658333792
216 -80.43278902 0.0463055353
217 -80.53213021 0.04604831032
218 -80.6244317 0.04581044942
219 -80.71003911 0.04559080814
220 -80.78928617 0.04538830794
221 -80.86249446 0.04520193296
222 -80.92997314 0.04503072693
223 -80.99201891 0.04487379008
224 -81.04891603 0.04473027614
225 -81.1009364 0.0445993895
226 -81.14833969 0.04448038238
227 -81.1913736 0.04437255217
228 -81.23027412 0.04427523886
229 -81.26526579 0.04418782257
230 -81.29656208 0.04410972126
231 -81.32436571 0.04404038844
232 -81.34886904 0.04397931111
233 -81.37025446 0.04392600773
234 -81.38869476 0.04388002635
235 -81.40435354 0.04384094279
236 -81.4173856 0.04380835895
237 -81.42793732 0.04378190125
238 -81.43614708 0.04376121907
239 -81.44214559 0.0437459834
240 -81.4460563 0.04373588543
241 -81.44799574 0.04373063537
242 -81.44807388 0.04372996124
243 -81.44639445 0.04373360775
244 -81.44305529 0.04374133528
245 -81.43814862 0.04375291893
246 -59.02751104 0.1220826944
247 20.41170333 0.808783579
248 42.4729153 0.99994901
249 45.89788881 0.9999843213
250 52.02155999 0.9999948849
251 43.82055727 0.9999810034
252 39.19532438 0.9999528949
253 35.15578297 0.9998985733
254 31.20948206 0.9997876207
255 27.31735444 0.9995630298
256 23.52022702 0.9991237856
257 19.86426024 0.9983042933
258 16.38935376 0.9968592728
259 13.12932477 0.9944702207
260 10.11216217 0.9907910979
261 7.358625675 0.9855359488
262 4.880072541 0.9785800657
263 2.676951298 0.9700227674
264 0.7390079295 0.9601735365
265 -0.9526817653 0.9494696531
266 -2.422591393 0.9383711744
267 -3.697543021 0.9272787524
268 -4.804149516 0.9164932142
269 -5.767156802 0.9062110764
270 -6.608599643 0.8965404797
271 -7.347542879 0.8875239061
272 -8.000177653 0.879159687
273 -8.580097622 0.8714191036
274 -9.098642271 0.8642586514
275 -9.565243248 0.8576282174
276 -9.987742068 0.8514762086
277 -10.37266675 0.8457525669
278 -10.72546545 0.8404103961
279 -11.05070005 0.8354067117
280 -11.35220494 0.8307026622
281 -11.63321631 0.8262634441
282 -11.89647722 0.8220580544
283 -12.14432288 0.8180589665
284 -12.37874995 0.8142417809
285 -12.60147303 0.8105848813
286 -12.81397074 0.8070691105
287 -13.01752351 0.8036774745
288 -13.21324466 0.8003948764
289 -13.40210609 0.7972078808
290 -13.58495955 0.7941045055
291 -13.7625544 0.7910740402
292 -13.93555243 0.7881068865
293 -14.10454028 0.78519442
294 -14.27003999 0.7823288684
295 -14.43251788 0.7795032067
296 -14.59239208 0.7767110646
297 -14.75003898 0.7739466461
298 -14.90579879 0.7712046592
299 -15.05998024 0.7684802538
300 -15.21286473 0.7657689679
301 -15.36470982 0.7630666791
302 -15.51575236 0.7603695632
303 -15.66621117 0.7576740562
304 -15.81628942 0.7549768213
305 -15.96617665 0.7522747197
306 -16.11605067 0.7495647837
307 -16.26607915 0.7468441934
308 -16.41642108 0.744110255
309 -16.56722805 0.7413603823
310 -16.71864546 0.7385920784
311 -16.87081351 0.7358029204
312 -17.02386822 0.7329905444
313 -17.17794226 0.7301526326
314 -17.33316578 0.7272869003
315 -17.48966717 0.724391085
316 -17.64757373 0.7214629351
317 -17.80701231 0.7185002
318 -17.96810999 0.7155006207
319 -18.1309946 0.7124619203
320 -18.29579534 0.7093817957
321 -18.46264327 0.7062579091
322 -18.63167188 0.7030878798
323 -18.80301761 0.699869277
324 -18.97682034 0.6965996115
325 -19.15322388 0.6932763291
326 -19.33237653 0.6898968031
327 -19.51443153 0.6864583274
328 -19.69954758 0.68295811
329 -19.88788933 0.6793932663
330 -20.07962793 0.6757608131
331 -20.27494148 0.6720576621
332 -20.47401558 0.6682806152
333 -20.67704385 0.6644263583
334 -20.88422842 0.6604914574
335 -21.09578047 0.6564723539
336 -21.3119207 0.6523653616
337 -21.53287988 0.6481666641
338 -21.75889931 0.6438723131
339 -21.99023126 0.6394782286
340 -22.22713946 0.6349802
341 -22.46989948 0.6303738892
342 -22.71879905 0.6256548356
343 -22.97413838 0.620818464
344 -23.23623036 0.6158600948
345 -23.50540068 0.6107749574
346 -23.78198783 0.6055582077
347 -24.06634292 0.6002049498
348 -24.35882942 0.5947102614
349 -24.65982265 0.589069226
350 -24.96970901 0.5832769698
351 -25.28888503 0.5773287052
352 -25.61775607 0.5712197811
353 -25.9567347 0.564945741
354 -26.3062387 0.5585023877
355 -26.66668867 0.5518858574
356 -27.03850515 0.5450927
357 -27.42210534 0.5381199686
358 -27.81789922 0.5309653154
359 -28.22628525 0.5236270944
360 -28.64764547 0.5161044695
361 -29.08234014 0.5083975251
362 -29.5307019 0.5005073799
363 -29.99302947 0.4924362975
364 -30.46958104 0.4841877934
365 -30.96056741 0.475766734
366 -31.46614504 0.4671794227
367 -31.98640912 0.4584336696
368 -32.52138694 0.4495388402
369 -33.0710317 0.4405058789
370 -33.63521699 0.4313473019
371 -34.21373231 0.422077159
372 -34.80627959 0.4127109584
373 -35.4124713 0.4032655561
374 -36.03182997 0.3937590077
375 -36.66378958 0.3842103864
376 -37.30769876 0.3746395689
377 -37.96282574 0.3650669942
378 -38.62836536 0.3555134031
379 -39.30344754 0.345999564
380 -39.98714748 0.3365459945
381 -40.67849701 0.3271726876
382 -41.37649693 0.3178988498
383 -42.08012999 0.3087426607
384 -42.78837405 0.2997210596
385 -43.50021519 0.2908495662
386 -44.21466024 0.2821421375
387 -44.93074852 0.273611065
388 -45.64756254 0.2652669114
389 -46.36423729 0.2571184866
390 -47.0799681 0.2491728595
391 -47.79401692 0.2414354033
392 -48.50571694 0.2339098692
393 -49.21447561 0.2265984827
394 -49.91977613 0.2195020601
395 -50.6211774 0.2126201368
396 -51.31831265 0.2059511059
397 -52.01088681 0.1994923604
398 -52.6986728 0.1932404367
399 -53.38150685 0.1871911563
400 -54.05928293 0.181339762
401 -54.73194657 0.1756810477
402 -55.39948795 0.1702094806
403 -56.06193456 0.1649193135
404 -56.71934352 0.1598046872
405 -57.37179347 0.1548597236
406 -58.01937635 0.1500786069
407 -58.66218907 0.1454556554
408 -59.30032512 0.1409853826
409 -59.93386637 0.1366625472
410 -60.56287506 0.1324821937
411 -61.18738626 0.1284396825
412 -61.80740078 0.1245307103
413 -62.42287884 0.1207513201
414 -63.03373463 0.1170979033
415 -63.63983188 0.1135671922
416 -64.24098063 0.1101562438
417 -64.83693538 0.1068624176
418 -65.42739458 0.1036833456
419 -66.01200177 0.1006168981
420 -66.59034806 0.09766114435
421 -67.16197629 0.09481431151
422 -67.72638648 0.09207474192
423 -68.28304259 0.08944085067
424 -68.83138035 0.0869110849
425 -69.37081594 0.08448388607
426 -69.90075526 0.08215765618
427 -70.42060348 0.07993072899
428 -70.92977461 0.07780134673
429 -71.42770085 0.07576764266
430 -71.91384131 0.0738276296
431 -72.38769013 0.07197919412
432 -72.84878352 0.07022009617
433 -73.29670582 0.06854797344
434 -73.73109435 0.06696034978
435 -74.15164309 0.06545464708
436 -74.55810508 0.06402819949
437 -74.95029373 0.06267826964
438 -75.32808292 0.06140206576
439 -75.69140621 0.06019675923
440 -76.04025506 0.05905950207
441 -76.37467633 0.0579874437
442 -76.69476916 0.05697774677
443 -77.00068129 0.05602760175
444 -77.2926051 0.05513424004
445 -77.5707733 0.05429494555
446 -77.83545458 0.05350706474
447 -78.08694914 0.05276801501
448 -78.3255843 0.05207529159
449 -78.55171022 0.05142647301
450 -78.76569577 0.05081922522
451 -78.96792466 0.05025130447
452 -79.15879178 0.04972055914
453 -79.3386998 0.0492249306
454 -79.50805612 0.04876245315
455 -79.66727008 0.04833125341
456 -79.81675042 0.04792954893
457 -79.95690307 0.04755564639
458 -80.08812925 0.04720793942
459 -80.21082375 0.04688490599
460 -80.32537354 0.04658510568
461 -80.43215654 0.04630717667
462 -80.53154068 0.04604983267
463 -80.62388305 0.04581185969
464 -80.70952934 0.04559211289
465 -80.78881338 0.04538951335
466 -80.86205678 0.04520304486
467 -80.92956879 0.0450317508
468 -80.99164618 0.04487473107
469 -81.04857328 0.04473113913
470 -81.10062206 0.04460017905
471 -81.14805227 0.0444811028
472 -81.19111167 0.04437320749
473 -81.23003631 0.04427583288
474 -81.26505081 0.04418835886
475 -81.29636869 0.04411020316
476 -81.32419274 0.04404081912
477 -81.34871539 0.04397969352
478 -81.37011906 0.04392634465
479 -81.38857662 0.04388032039
480 -81.40425171 0.0438411964
481 -81.41729917 0.04380857444
482 -81.42786546 0.04378208077
483 -81.43608898 0.04376136467
484 -81.4421005 0.04374609696
485 -81.4460235 0.04373596876
486 -81.44797455 0.04373069015
487 -81.44806367 0.04372998905
488 -81.44639461 0.04373361006
489 -81.44306524 0.04374131351
490 -81.43816784 0.04375287437
491 -59.02755302 0.122082477
492 20.41127625 0.8087800629
493 42.4729024 0.9999490094
494 45.89786389 0.9999843212
495 52.02150899 0.9999948848
496 43.82046853 0.9999810031
497 39.1951902 0.9999528937
498 35.15559936 0.9998985699
499 31.20924889 0.9997876117
500 27.31707433 0.9995630078
501 23.51990441 0.9991237352
502 19.86390086 0.9983041863
503 16.38896434 0.9968590621
504 13.12891277 0.9944698374
505 10.11173541 0.9907904553
506 7.358191734 0.9855349557
507 4.879638108 0.9785786466
508 2.676521567 0.9700208797
509 0.7385862946 0.960171176
510 -0.9530936787 0.9494668478
511 -2.422993427 0.9383679702
512 -3.697936061 0.9272752001
513 -4.804535081 0.91648936
514 -5.767536707 0.9062069576
515 -6.608975774 0.896536124
516 -7.347917043 0.8875193327
517 -8.000551503 0.8791549085
518 -8.580472623 0.8714141277
519 -9.099019695 0.8642534823
520 -9.565624183 0.8576228573
521 -9.988127434 0.8514706582
522 -10.37305732 0.8457468261
523 -10.72586187 0.8404044643
524 -11.05110285 0.8354005883
525 -11.35261457 0.8306963464
526 -11.63363315 0.8262569351
527 -11.89690156 0.8220513516
528 -12.14475497 0.8180520693
529 -12.37919001 0.8142346888
530 -12.60192124 0.8105775938
531 -12.81442724 0.8070616273
532 -13.01798843 0.8036697951
533 -13.21371812 0.8003870004
534 -13.40258818 0.7971998076
535 -13.58545036 0.7940962347
536 -13.76305402 0.7910655711
537 -13.93606092 0.7880982185
538 -14.10505774 0.7851855522
539 -14.2705665 0.7823197999
540 -14.43305353 0.7794939363
541 -14.59293694 0.7767015911
542 -14.75059316 0.773936968
543 -14.90636239 0.7711947747
544 -15.06055338 0.7684701612
545 -15.21344752 0.765758665
546 -15.36530239 0.7630561638
547 -15.51635486 0.7603588328
548 -15.66682376 0.7576631079
549 -15.81691224 0.7549656521
550 -15.9668099 0.7522633263
551 -16.11669454 0.7495531625
552 -16.26673385 0.7468323405
553 -16.41708683 0.7440981663
554 -16.56790511 0.7413480532
555 -16.71933407 0.7385795041
556 -16.87151395 0.7357900958
557 -17.02458079 0.732977464
558 -17.17866727 0.7301392904
559 -17.33390358 0.7272732902
560 -17.49041811 0.7243772002
561 -17.64833819 0.7214487686
562 -17.8077907 0.7184857444
563 -17.96890275 0.7154858679
564 -18.13180219 0.712446862
565 -18.29661823 0.7093664229
566 -18.46348199 0.7062422124
567 -18.63252698 0.7030718494
568 -18.80388967 0.6998529022
569 -18.97770996 0.6965828814
570 -19.15413173 0.693259232
571 -19.3333033 0.6898793266
572 -19.51537794 0.6864404587
573 -19.7005144 0.6829398354
574 -19.88887738 0.6793745716
575 -20.08063807 0.6757416831
576 -20.27597462 0.6720380812
577 -20.47507268 0.6682605667
578 -20.67812593 0.6644058251
579 -20.88533655 0.6604704213
580 -21.09691577 0.656450796
581 -21.31308437 0.6523432621
582 -21.53407317 0.6481440024
583 -21.76012353 0.6438490678
584 -21.9914878 0.6394543774
585 -22.22842979 0.6349557199
586 -22.47122511 0.6303487563
587 -22.72016159 0.6256290254
588 -22.9755395 0.6207919511
589 -23.23767183 0.6158328533
590 -23.50688432 0.6107469609
591 -23.78351554 0.6055294294
592 -24.06791668 0.6001753623
593 -24.36045129 0.5946798376
594 -24.66149474 0.5890379386
595 -24.9714335 0.5832447919
596 -25.29066417 0.5772956104
597 -25.61959215 0.5711857438
598 -25.95863004 0.5649107369
599 -26.30819566 0.5584663942
600 -26.66870961 0.5518488537
601 -27.04059244 0.545054668
602 -27.42426131 0.5380808931
603 -27.82012617 0.5309251849
604 -28.22858538 0.5235859016
605 -28.6500209 0.5160622118
606 -29.08479285 0.5083542056
607 -29.5332337 0.5004630076
608 -29.99564195 0.4923908881
609 -30.47227556 0.48414137
610 -30.96334506 0.4757193276
611 -31.46900656 0.4671310725
612 -31.98935491 0.4583844234
613 -32.524417 0.4494887549
614 -33.07414558 0.4404550199
615 -33.63841381 0.4312957439
616 -34.21701068 0.4220249849
617 -34.80963765 0.4126582592
618 -35.41590665 0.4032124299
619 -36.03533972 0.3937055593
620 -36.66737037 0.3841567257
621 -37.31134672 0.3745858097
622 -37.96653659 0.3650132529
623 -38.63213442 0.3554597971
624 -39.30726978 0.3459462102
625 -39.9910176 0.3364930078
626 -40.68240949 0.3271201793
627 -41.3804461 0.3178469261
628 -42.08411012 0.3086914215
629 -42.79237942 0.2996705975
630 -43.50424015 0.2907999652
631 -44.21869927 0.2820934728
632 -44.93479634 0.273563402
633 -45.65161412 0.2652203059
634 -46.36828792 0.2570729844
635 -47.08401342 0.2491284968
636 -47.79805295 0.2413922069
637 -48.50974012 0.233867857
638 -49.21848282 0.2265576643
639 -49.92376465 0.2194624374
640 -50.62514494 0.212581705
641 -51.32225732 0.205913854
642 -52.01480714 0.1994562722
643 -52.70256768 0.1932054915
644 -53.38537551 0.1871573297
645 -54.06312492 0.1813070265
646 -54.7357617 0.1756493739
647 -55.40327625 0.1701788374
648 -56.06569628 0.1648896687
649 -56.72307904 0.1597760085
650 -57.37550326 0.1548319785
651 -58.02306094 0.1500517636
652 -58.665849 0.145429683
653 -59.30396086 0.1409602515
654 -59.93747832 0.1366382291
655 -60.56646349 0.1324586622
656 -61.19095125 0.128416913
657 -61.81094218 0.12450868
658 -62.42639627 0.1207300083
659 -63.03722743 0.1170772912
660 -63.64329907 0.1135472629
661 -64.24442093 0.1101369822
662 -64.84034718 0.1068438101
663 -65.43077595 0.1036653803
664 -66.01535044 0.1005995641
665 -66.5936615 0.09764443179
666 -67.16525169 0.0947982114
667 -67.7296208 0.09205924571
668 -68.28623259 0.0894259501
669 -68.83452265 0.08689677176
670 -69.37390708 0.08447015199
671 -69.90379173 0.08214449245
672 -70.42358179 0.07991812641
673 -70.93269136 0.07778929549
674 -71.43055274 0.07575613227
675 -71.91662525 0.07381664881
676 -72.39040321 0.07196873092
677 -72.85142312 0.0702101378
678 -73.2992696 0.06853850643
679 -73.73358028 0.06695136002
680 -74.15404948 0.06544611985
681 -74.56043059 0.06402011961
682 -74.95253735 0.06267062153
683 -75.33024402 0.06139483353
684 -75.69348447 0.06018992683
685 -76.04225051 0.05905305333
686 -76.37658931 0.05798136248
687 -76.6966003 0.05697201702
688 -77.00243149 0.05602220758
689 -77.29427552 0.05512916581
690 -77.57236531 0.05429017595
691 -77.83696977 0.05350258482
692 -78.08838925 0.05276381022
693 -78.32695123 0.05207134784
694 -78.55300599 0.05142277668
695 -78.7669225 0.05081576319
696 -78.96908456 0.05024806415
697 -79.1598871 0.04971752844
698 -79.33973285 0.04922209796
699 -79.50902924 0.04875980755
700 -79.66818558 0.04832878434
701 -79.81761063 0.04792724637
702 -79.95771029 0.04755350086
703 -80.08888577 0.04720594189
704 -80.2115318 0.04688304793
705 -80.32603532 0.04658337901
706 -80.43277419 0.04630557375
707 -80.53211628 0.04604834627
708 -80.62441862 0.04581048301
709 -80.71002684 0.0455908395
710 -80.78927469 0.04538833718
711 -80.86248373 0.0452019602
712 -80.92996312 0.04503075228
713 -80.99200957 0.04487381363
714 -81.04890734 0.044730298
715 -81.10092832 0.04459940976
716 -81.1483322 0.04448040113
717 -81.19136667 0.04437256949
718 -81.23026772 0.04427525482
719 -81.2652599 0.04418783725
720 -81.29655667 0.04410973472
721 -81.32436075 0.04404040075
722 -81.34886452 0.04397932234
723 -81.37025035 0.04392601793
724 -81.38869104 0.04388003558
725 -81.40435019 0.04384095109
726 -81.4173826 0.04380836638
727 -81.42793466 0.04378190785
728 -81.43614473 0.04376122489
729 -81.44214354 0.04374598847
730 -81.44605454 0.0437358898
731 -81.44799426 0.04373063907
732 -81.44807265 0.04372996431
733 -81.44639347 0.04373361021
734 -81.44305454 0.04374133718
735 -81.43814809 0.04375292029
