0 -81.42660717 0.0437886372
1 -81.44717748 0.04373752813
2 -81.46477385 0.04369378138
3 -81.47955002 0.04365699341
4 -81.49164488 0.04362680561
5 -81.50118181 0.04360290075
6 -81.50829321 0.04358495092
7 -81.51306686 0.0435727214
8 -81.51559022 0.04356599616
9 -81.51593881 0.04356458586
10 -81.5141703 0.04356834322
11 -81.51024909 0.04357731173
12 -81.50328064 0.04359325428
13 -81.48436952 0.04363398337
14 -81.37177121 0.04386415733
15 -80.42684468 0.04581221315
16 -72.04077225 0.06660027381
17 -3.603468778 0.595426703
18 38.15406206 0.999794936
19 38.2622008 0.9999396047
20 36.62999644 0.9999197895
21 34.0105597 0.9998712292
22 30.661521 0.9997625353
23 26.91604309 0.9995286178
24 23.06192099 0.9990492451
25 19.29258877 0.9981269601
26 15.72285643 0.9964792914
27 12.41734317 0.9937656661
28 9.410260744 0.9896609977
29 6.715415514 0.9839589097
30 4.330903255 0.9766558115
31 2.242329761 0.9679671658
32 0.4262800229 0.9582679254
33 -1.145914444 0.9479940549
34 -2.504733856 0.9375531957
35 -3.679872501 0.9272715604
36 -4.698628671 0.917377933
37 -5.585137042 0.9080120165
38 -6.360188292 0.8992433691
39 -7.041395014 0.8910917399
40 -7.643526063 0.8835444109
41 -8.178896908 0.8765692982
42 -8.657753479 0.8701241019
43 -9.088619584 0.8641623295
44 -9.478597127 0.8586370517
45 -9.833618499 0.853503108
46 -10.15865526 0.8487182924
47 -10.45788903 0.8442438941
48 -10.73485074 0.8400448432
49 -10.99253376 0.8360896268
50 -11.23348598 0.8323500774
51 -11.45988467 0.8288011031
52 -11.67359763 0.8254203944
53 -11.87623323 0.8221881345
54 -12.06918151 0.8190867245
55 -12.25364808 0.8161005286
56 -12.43068216 0.8132156446
57 -12.60119997 0.8104196978
58 -12.76600411 0.8077016574
59 -12.92579993 0.805051675
60 -13.08120923 0.8024609421
61 -13.23278182 0.7999215647
62 -13.3810054 0.7974264533
63 -13.52631384 0.7949692266
64 -13.66909434 0.7925441269
65 -13.80969354 0.7901459454
66 -13.94842274 0.7877699575
67 -14.08556245 0.7854118647
68 -14.22136626 0.7830677447
69 -14.35606428 0.7807340061
70 -14.48986603 0.7784073494
71 -14.62296307 0.7760847321
72 -14.75553121 0.7737633373
73 -14.8877325 0.7714405468
74 -15.01971699 0.7691139159
75 -15.15162423 0.7667811521
76 -15.28358467 0.764440095
77 -15.41572082 0.7620886988
78 -15.54814841 0.7597250165
79 -15.68097729 0.7573471854
80 -15.81431233 0.754953414
81 -15.94825419 0.7525419704
82 -16.08290007 0.7501111709
83 -16.21834433 0.7476593701
84 -16.35467912 0.7451849521
85 -16.49199489 0.7426863211
86 -16.63038094 0.7401618938
87 -16.7699259 0.7376100918
88 -16.91071818 0.7350293339
89 -17.05284637 0.7324180299
90 -17.1963997 0.7297745734
91 -17.34146842 0.7270973358
92 -17.48814418 0.7243846597
93 -17.6365204 0.7216348533
94 -17.78669267 0.7188461839
95 -17.9387591 0.7160168721
96 -18.09282071 0.713145086
97 -18.2489818 0.7102289353
98 -18.40735029 0.7072664649
99 -18.5680382 0.7042556492
100 -18.73116195 0.7011943859
101 -18.89684281 0.69808049
102 -19.06520735 0.6949116869
103 -19.23638781 0.6916856066
104 -19.41052262 0.688399777
105 -19.58775681 0.6850516169
106 -19.76824255 0.6816384299
107 -19.95213962 0.6781573971
108 -20.13961597 0.6746055703
109 -20.33084824 0.6709798655
110 -20.52602234 0.6672770558
111 -20.72533407 0.6634937646
112 -20.92898969 0.6596264595
113 -21.13720657 0.6556714459
114 -21.35021384 0.6516248609
115 -21.56825302 0.647482669
116 -21.79157872 0.6432406569
117 -22.02045927 0.6388944306
118 -22.25517739 0.6344394131
119 -22.49603085 0.6298708439
120 -22.74333304 0.6251837809
121 -22.99741356 0.6203731035
122 -23.25861873 0.6154335199
123 -23.52731197 0.6103595768
124 -23.80387418 0.6051456741
125 -24.08870384 0.5997860832
126 -24.38221702 0.5942749716
127 -24.68484721 0.5886064339
128 -24.99704477 0.5827745294
129 -25.31927619 0.5767733281
130 -25.65202293 0.5705969663
131 -25.99577982 0.5642397112
132 -26.35105301 0.5576960373
133 -26.71835732 0.5509607137
134 -27.09821302 0.5440289038
135 -27.49114188 0.5368962778
136 -27.89766248 0.5295591362
137 -28.31828475 0.5220145467
138 -28.75350366 0.5142604895
139 -29.20379213 0.5062960129
140 -29.66959306 0.4981213931
141 -30.1513107 0.4897382967
142 -30.6493013 0.4811499398
143 -31.16386329 0.4723612395
144 -31.69522721 0.4633789494
145 -32.24354559 0.4542117738
146 -32.80888307 0.4448704522
147 -33.39120724 0.4353678062
148 -33.99038051 0.4257187425
149 -34.60615336 0.4159402059
150 -35.23815955 0.4060510764
151 -35.8859135 0.3960720112
152 -36.54881023 0.3860252279
153 -37.22612811 0.375934236
154 -37.91703448 0.3658235196
155 -38.62059421 0.3557181832
156 -39.33578098 0.3456435702
157 -40.0614911 0.3356248678
158 -40.79655932 0.3256867145
159 -41.53977625 0.3158528217
160 -42.28990676 0.3061456258
161 -43.04570867 0.2965859807
162 -43.80595119 0.287192902
163 -44.5694325 0.2779833673
164 -45.33499585 0.2689721781
165 -46.10154393 0.260171882
166 -46.8680509 0.2515927542
167 -47.6335722 0.243242832
168 -48.3972517 0.2351279973
169 -49.15832645 0.227252098
170 -49.91612889 0.2196171012
171 -50.67008679 0.2122232689
172 -51.41972108 0.2050693497
173 -52.16464172 0.1981527777
174 -52.90454196 0.1914698732
175 -53.6391911 0.1850160407
176 -54.36842608 0.1787859581
177 -55.09214207 0.172773756
178 -55.81028225 0.166973183
179 -56.5228271 0.1613777561
180 -57.22978324 0.1559808953
181 -57.93117211 0.1507760411
182 -58.62701868 0.1457567549
183 -59.31734043 0.1409168031
184 -60.00213669 0.1362502236
185 -60.68137872 0.1317513762
186 -61.35500073 0.1274149772
187 -62.02289196 0.1232361189
188 -62.68489024 0.1192102745
189 -63.34077703 0.1153332904
190 -63.99027434 0.1116013662
191 -64.6330435 0.1080110255
192 -65.2686859 0.1045590774
193 -65.89674575 0.1012425726
194 -66.5167148 0.09805875488
195 -67.12803881 0.09500501082
196 -67.73012566 0.09207882008
197 -68.3223547 0.08927770749
198 -68.90408719 0.08659919935
199 -69.47467727 0.08404078521
200 -70.03348327 0.08159988608
201 -70.57987882 0.0792738299
202 -71.11326354 0.07705983447
203 -71.63307295 0.07495499772
204 -72.13878729 0.07295629496
205 -72.62993911 0.07106058233
206 -73.10611953 0.0692646057
207 -73.56698292 0.06756501385
208 -74.01225023 0.06595837502
209 -74.44171077 0.06444119581
210 -74.85522267 0.06300994133
211 -75.25271213 0.06166105593
212 -75.63417149 0.0603909836
213 -75.9996564 0.05919618757
214 -76.34928225 0.05807316858
215 -76.68321987 0.05701848146
216 -77.00169093 0.05602874991
217 -77.3049629 0.0551006792
218 -77.59334395 0.05423106698
219 -77.86717774 0.05341681198
220 -78.12683829 0.05265492094
221 -78.37272501 0.0519425137
222 -78.60525791 0.05127682676
223 -78.82487308 0.05065521532
224 -79.03201852 0.0500751541
225 -79.22715025 0.04953423711
226 -79.41072879 0.04903017635
227 -79.58321596 0.04856079988
228 -79.74507208 0.04812404916
229 -79.89675347 0.0477179759
230 -80.03871031 0.04734073852
231 -80.17138474 0.04699059829
232 -80.29520933 0.04666591529
233 -80.4106058 0.04636514424
234 -80.51798391 0.04608683019
235 -80.61774069 0.04582960429
236 -80.71025978 0.04559217949
237 -80.79591097 0.04537334639
238 -80.87504994 0.04517196909
239 -80.94801808 0.04498698122
240 -81.01514244 0.04481738207
241 -81.07673584 0.04466223286
242 -81.13309697 0.04452065315
243 -81.18451067 0.04439181743
244 -81.23124818 0.04427495186
245 -81.27356749 0.04416933112
246 -81.31171373 0.04407427554
247 -81.34591956 0.04398914821
248 -81.37640558 0.0439133524
249 -81.40338084 0.04384632904
250 -81.42704322 0.04378755436
251 -81.44755454 0.04373659153
252 -81.46509525 0.04369298236
253 -81.47981893 0.04365632388
254 -81.49186428 0.04362625798
255 -81.50135451 0.04360246792
256 -81.50842185 0.04358462622
257 -81.51315396 0.0435724986
258 -81.51563812 0.04356586943
259 -81.51594972 0.04356454974
260 -81.51414631 0.04356839261
261 -81.51019214 0.04357744188
262 -81.50319244 0.043593461
263 -81.48425037 0.04363426545
264 -81.37160838 0.04386454098
265 -80.42649699 0.04581300899
266 -72.03885244 0.06660590308
267 -3.589581816 0.5955777998
268 38.15434564 0.9997950549
269 38.26218827 0.9999396047
270 36.62996516 0.999919789
271 34.01056974 0.9998712292
272 30.66162723 0.9997625394
273 26.91628413 0.9995286371
274 23.06231331 0.9990493092
275 19.29313071 0.9981271335
276 15.72353448 0.9964796934
277 12.41813704 0.993766482
278 9.411147236 0.9896624678
279 6.716371558 0.9839612914
280 4.3319083 0.9766593259
281 2.243367317 0.9679719559
282 0.4273382206 0.9582740427
283 -1.144843142 0.9480014741
284 -2.503653447 0.9375618431
285 -3.678784403 0.9272813417
286 -4.697532604 0.9173887527
287 -5.58403172 0.9080237888
288 -6.359071934 0.8992560221
289 -7.040265666 0.8911052155
290 -7.642381807 0.8835586632
291 -8.177735976 0.876584291
292 -8.656574306 0.8701398067
293 -9.087420827 0.8641787235
294 -9.477377668 0.8586541163
295 -9.832377422 0.8535208276
296 -10.15739183 0.8487366535
297 -10.45660269 0.8442628849
298 -10.73354105 0.8400644533
299 -10.99120042 0.8361098464
300 -11.23212877 0.8323708977
301 -11.45850346 0.8288225157
302 -11.67219235 0.8254423916
303 -11.87480387 0.8222107093
304 -12.06772807 0.81910987
305 -12.25217061 0.8161242388
306 -12.42918073 0.8132399138
307 -12.59967465 0.8104445208
308 -12.76445498 0.8077270295
309 -12.92422707 0.8050775922
310 -13.0796127 0.8024874008
311 -13.23116169 0.799948562
312 -13.3793617 0.7974539868
313 -13.5246466 0.7949972945
314 -13.66740357 0.7925727279
315 -13.80797922 0.7901750791
316 -13.94668484 0.7877996238
317 -14.08380089 0.7854420644
318 -14.21958095 0.783098479
319 -14.35425509 0.7807652769
320 -14.48803282 0.7784391594
321 -14.62110564 0.7761170845
322 -14.75364934 0.7737962362
323 -14.88582595 0.7714739966
324 -15.01778546 0.7691479221
325 -15.1496674 0.7668157207
326 -15.28160217 0.7644752327
327 -15.41371227 0.7621244132
328 -15.54611336 0.7597613158
329 -15.67891526 0.7573840786
330 -15.81222279 0.754990911
331 -15.94613658 0.7525800818
332 -16.08075379 0.7501499081
333 -16.21616872 0.7476987456
334 -16.35247348 0.745224979
335 -16.48975845 0.7427270136
336 -16.62811291 0.7402032671
337 -16.76762542 0.7376521619
338 -16.90838432 0.7350721181
339 -17.05047816 0.7324615464
340 -17.1939961 0.7298188415
341 -17.33902832 0.7271423761
342 -17.48566641 0.724430494
343 -17.63400372 0.7216815045
344 -17.78413576 0.7188936764
345 -17.93616056 0.7160652318
346 -18.09017906 0.7131943402
347 -18.24629546 0.7102791126
348 -18.40461761 0.7073175958
349 -18.56525741 0.7043077659
350 -18.72833118 0.7012475223
351 -18.89396009 0.6981346817
352 -19.06227058 0.6949669717
353 -19.23339479 0.6917420244
354 -19.40747099 0.6884573695
355 -19.58464409 0.6851104285
356 -19.76506612 0.6816985071
357 -19.94889669 0.6782187889
358 -20.1363036 0.6746683284
359 -20.3274633 0.6710440442
360 -20.52256155 0.6673427121
361 -20.72179392 0.6635609587
362 -20.92536649 0.6596952545
363 -21.13349641 0.6557419078
364 -21.34641258 0.6516970593
365 -21.56435629 0.6475566766
366 -21.78758189 0.6433165498
367 -22.01635746 0.6389722883
368 -22.25096545 0.6345193185
369 -22.49170334 0.6299528835
370 -22.73888422 0.6252680443
371 -22.9928374 0.6204596838
372 -23.25390887 0.6155225131
373 -23.52246176 0.6104510822
374 -23.79887662 0.6052397932
375 -24.08355161 0.59988292
376 -24.3769025 0.5943746318
377 -24.67936243 0.5887090243
378 -24.99138147 0.582880157
379 -25.31342583 0.5768820997
380 -25.64597669 0.5707089869
381 -25.98952865 0.5643550829
382 -26.34458767 0.5578148579
383 -26.71166844 0.5510830749
384 -27.09129116 0.5441548894
385 -27.48397759 0.5370259615
386 -27.8902464 0.5296925793
387 -28.31060774 0.5221517954
388 -28.74555689 0.5144015723
389 -29.19556723 0.5064409378
390 -29.66108228 0.4982701444
391 -30.14250705 0.4898908323
392 -30.64019872 0.4813061883
393 -31.15445688 0.4725210975
394 -31.68551336 0.4635422793
395 -32.23352218 0.4543784017
396 -32.79854966 0.445040167
397 -33.38056521 0.4355403588
398 -33.9794332 0.4258938464
399 -34.59490619 0.4161175381
400 -35.22662009 0.4062302802
401 -35.87409147 0.3962526991
402 -36.53671751 0.3862069864
403 -37.21377865 0.3761166305
404 -37.90444417 0.3660061007
405 -38.60778072 0.3559004933
406 -39.32276354 0.3458251505
407 -40.04829019 0.3358052658
408 -40.7831964 0.3258654906
409 -41.52627345 0.3160295559
410 -42.27628649 0.306319924
411 -43.03199333 0.2967574796
412 -43.79216283 0.2873612732
413 -44.55559251 0.2781483208
414 -45.32112468 0.2691334638
415 -46.08766083 0.260329291
416 -46.85417376 0.2517461184
417 -47.61971737 0.2433920234
418 -48.38343388 0.2352729257
419 -49.14455864 0.2273927088
420 -49.90242234 0.2197533724
421 -50.65645107 0.212355208
422 -51.40616407 0.2051969896
423 -52.15116976 0.1982761735
424 -52.89115994 0.1915890986
425 -53.62590259 0.185131184
426 -54.35523352 0.1788971196
427 -55.07904692 0.1728810443
428 -55.79728521 0.1670767123
429 -56.50992829 0.1614776437
430 -57.21698241 0.1560772592
431 -57.91846883 0.1508689978
432 -58.61441259 0.1458464183
433 -59.30483137 0.1410032825
434 -59.98972495 0.1363336231
435 -60.6690652 0.1318317936
436 -61.34278707 0.1274925038
437 -62.01078069 0.1233108389
438 -62.67288487 0.1192822654
439 -63.32888217 0.1154026229
440 -63.97849569 0.1116681051
441 -64.62138787 0.1080752298
442 -65.25716119 0.1046208016
443 -65.88536087 0.101301867
444 -66.50547958 0.09811566691
445 -67.11696385 0.09505958578
446 -67.71922218 0.09213110206
447 -68.31163436 0.0893277402
448 -68.89356188 0.08664702693
449 -69.46435892 0.08408645283
450 -70.02338364 0.08164344046
451 -70.57000929 0.07931531973
452 -71.10363493 0.0770993106
453 -71.62369534 0.07499251332
454 -72.12966986 0.07299190548
455 -72.62109004 0.07109434543
456 -73.09754586 0.06929658099
457 -73.55869052 0.06759526265
458 -74.00424372 0.06598696001
459 -74.43399349 0.06446818069
460 -74.84779673 0.06303539043
461 -75.24557839 0.06168503381
462 -75.62732962 0.06041355472
463 -75.99310493 0.05921741592
464 -76.34301865 0.05809311734
465 -76.67724065 0.05703721272
466 -76.99599168 0.05604632442
467 -77.29953843 0.05511715617
468 -77.58818836 0.05424650384
469 -77.86228452 0.05343126431
470 -78.12220043 0.0526684423
471 -78.36833506 0.05195515557
472 -78.60110807 0.05128863849
473 -78.82095531 0.05066624408
474 -79.02832459 0.05008544492
475 -79.2236718 0.04954383283
476 -79.40745741 0.0490391177
477 -79.58014323 0.0485691255
478 -79.74218965 0.04813179566
479 -79.89405307 0.04772517789
480 -80.03618378 0.04734742871
481 -80.16902409 0.04699680755
482 -80.29300677 0.04667167275
483 -80.40855373 0.0463704773
484 -80.51607496 0.04609176468
485 -80.61596773 0.04583416448
486 -80.70861592 0.04559638821
487 -80.79438958 0.04537722508
488 -80.87364466 0.0451755379
489 -80.94672278 0.04499025905
490 -81.01395128 0.04482038667
491 -81.07564322 0.04466498086
492 -81.13209756 0.04452316016
493 -81.18359939 0.04439409809
494 -81.23042018 0.04427701987
495 -81.27281818 0.04417119936
496 -81.31103873 0.04407595604
497 -81.34531472 0.04399065227
498 -81.37586697 0.0439146906
499 -81.40290474 0.04384751129
500 -81.4266261 0.04378858994
501 -81.44719308 0.04373748915
502 -81.46478629 0.04369375017
503 -81.4795595 0.04365696952
504 -81.49165156 0.0436267886
505 -81.50118585 0.04360289023
506 -81.50829476 0.0435849465
507 -81.51306606 0.04357272273
508 -81.51558721 0.04356600292
509 -81.51593371 0.04356459774
510 -81.51416323 0.04356835993
511 -81.51024016 0.043577333
512 -81.50326995 0.04359327987
513 -81.48435707 0.04363401324
514 -81.37175622 0.04386419315
515 -80.42681845 0.04581227447
516 -72.04064904 0.06660063776
517 -3.60260434 0.5954361243
518 38.15407937 0.9997949434
519 38.26219995 0.9999396047
520 36.62999453 0.9999197895
521 34.01056055 0.9998712292
522 30.66152813 0.9997625355
523 26.91605899 0.9995286191
524 23.06194671 0.9990492493
525 19.29262419 0.9981269714
526 15.72290068 0.9964793176
527 12.41739494 0.9937657193
528 9.410318535 0.9896610935
529 6.715477834 0.983959065
530 4.330968774 0.9766560406
531 2.242397409 0.9679674781
532 0.4263490306 0.9582683243
533 -1.145844569 0.9479945388
534 -2.504663375 0.9375537598
535 -3.679801509 0.9272721985
536 -4.698557153 0.917378639
537 -5.585064916 0.9080127847
538 -6.360115445 0.8992441947
539 -7.041321321 0.8910926192
540 -7.643451399 0.8835453409
541 -8.178821161 0.8765702765
542 -8.657676547 0.8701251266
543 -9.088541379 0.864163399
544 -9.478517578 0.8586381649
545 -9.833537547 0.8535042639
546 -10.15857286 0.84871949
547 -10.45780514 0.8442451326
548 -10.73476533 0.8400461221
549 -10.99244682 0.8360909453
550 -11.23339749 0.832351435
551 -11.45979462 0.8288024992
552 -11.67350602 0.8254218285
553 -11.87614005 0.8221896062
554 -12.06908677 0.8190882333
555 -12.25355177 0.8161020741
556 -12.43058431 0.8132172265
557 -12.60110056 0.8104213157
558 -12.76590315 0.807703311
559 -12.92569743 0.805053364
560 -13.08110519 0.8024626663
561 -13.23267626 0.7999233239
562 -13.3808983 0.7974282473
563 -13.52620521 0.7949710554
564 -13.66898419 0.7925459903
565 -13.80958186 0.7901478435
566 -13.94830953 0.7877718902
567 -14.0854477 0.7854138321
568 -14.22124997 0.7830697468
569 -14.35594644 0.780736043
570 -14.48974663 0.7784094214
571 -14.6228421 0.7760868392
572 -14.75540865 0.77376548
573 -14.88760834 0.7714427252
574 -15.01959121 0.7691161305
575 -15.15149681 0.7667834032
576 -15.28345558 0.764442383
577 -15.41559005 0.7620910242
578 -15.54801592 0.7597273798
579 -15.68084305 0.7573495872
580 -15.8141763 0.7549558551
581 -15.94811635 0.7525444513
582 -16.08276037 0.7501136923
583 -16.21820274 0.7476619329
584 -16.35453558 0.7451875571
585 -16.49184935 0.7426889692
586 -16.63023336 0.740164586
587 -16.76977623 0.7376128291
588 -16.91056634 0.7350321175
589 -17.05269231 0.7324208609
590 -17.19624336 0.729777453
591 -17.34130972 0.7271002653
592 -17.48798304 0.7243876406
593 -17.63635675 0.721637887
594 -17.78652642 0.7188492719
595 -17.93859016 0.7160200162
596 -18.09264899 0.7131482879
597 -18.24880719 0.7102321968
598 -18.4071727 0.7072697879
599 -18.56785751 0.7042590358
600 -18.73097803 0.7011978384
601 -18.89665555 0.6980840105
602 -19.0650166 0.6949152779
603 -19.23619344 0.6916892707
604 -19.41032447 0.6884035167
605 -19.58755473 0.6850554352
606 -19.76803637 0.6816423297
607 -19.95192917 0.6781613815
608 -20.13940105 0.6746096426
609 -20.33062865 0.6709840292
610 -20.52579788 0.6672813144
611 -20.72510451 0.6634981221
612 -20.92875479 0.6596309198
613 -21.13696609 0.6556760132
614 -21.34996751 0.6516295397
615 -21.56800057 0.6474874638
616 -21.79131985 0.6432455726
617 -22.02019367 0.6388994722
618 -22.25490474 0.6344445859
619 -22.4957508 0.6298761534
620 -22.74304522 0.6251892327
621 -22.99711759 0.6203787034
622 -23.25831421 0.6154392741
623 -23.52699848 0.6103654915
624 -23.80355128 0.6051517557
625 -24.08837106 0.5997923381
626 -24.38187388 0.5942814066
627 -24.68449321 0.5886130557
628 -24.99667938 0.5827813446
629 -25.31889889 0.5767803435
630 -25.65163315 0.5706041883
631 -25.99537699 0.5642471462
632 -26.35063655 0.5577036913
633 -26.71792665 0.5509685924
634 -27.09776754 0.5440370124
635 -27.490681 0.5369046207
636 -27.89718562 0.5295677171
637 -28.31779132 0.5220233683
638 -28.75299313 0.5142695534
639 -29.20326397 0.5063053194
640 -29.66904679 0.4981309409
641 -30.15074589 0.4897480828
642 -30.64871757 0.4811599596
643 -31.16326035 0.4723714861
644 -31.69460484 0.4633894138
645 -32.24290367 0.4542224448
646 -32.80822157 0.4448813162
647 -33.39052627 0.4353788472
648 -33.98968028 0.4257299422
649 -34.60543423 0.4159515436
650 -35.237422 0.4060625294
651 -35.88515816 0.3960835549
652 -36.54803785 0.386036836
653 -37.22533958 0.3759458809
654 -37.9162308 0.365835173
655 -38.6197765 0.3557298161
656 -39.33495046 0.3456551535
657 -40.06064906 0.3356363731
658 -40.79570711 0.325698114
659 -41.53891527 0.315864089
660 -42.28903842 0.306156736
661 -43.04483437 0.2965969111
662 -43.80507232 0.2872036319
663 -44.5685504 0.2779938786
664 -45.33411181 0.268982455
665 -46.10065915 0.2601819116
666 -46.86716651 0.2516025259
667 -47.63268921 0.243252338
668 -48.39637105 0.2351372319
669 -49.15744894 0.2272610579
670 -49.91525522 0.2196257851
671 -50.66921756 0.2122316775
672 -51.41885678 0.2050774851
673 -52.16378275 0.1981606435
674 -52.90368861 0.1914774741
675 -53.6383436 0.1850233823
676 -54.36758457 0.1787930469
677 -55.09130663 0.1727805989
678 -55.80945293 0.1669797872
679 -56.5220039 0.1613841292
680 -57.22896614 0.1559870447
681 -57.93036108 0.1507819742
682 -58.62621371 0.1457624789
683 -59.31654149 0.140922325
684 -60.00134379 0.1362555499
685 -60.68059193 0.1317565132
686 -61.35422015 0.1274199306
687 -62.02211775 0.1232408941
688 -62.68412262 0.1192148764
689 -63.34001629 0.1153377233
690 -63.98952085 0.1116056344
691 -64.63229769 0.1080151326
692 -65.26794827 0.1045630269
693 -65.89601687 0.1012463677
694 -66.5159953 0.09806239848
695 -67.12732938 0.09500850583
696 -67.72942699 0.09208216926
697 -68.32166755 0.08928091359
698 -68.90341232 0.08660226516
699 -69.47401545 0.08404371356
700 -70.03283524 0.08160267992
701 -70.57924532 0.0792764923
702 -71.11264528 0.07706236862
703 -71.63247057 0.07495740699
704 -72.13820137 0.07295858283
705 -72.6293702 0.07106275245
706 -73.10556807 0.06926666184
707 -73.56644931 0.06756695987
708 -74.01173477 0.06596021489
709 -74.44121368 0.06444293355
710 -74.85474411 0.06301158101
711 -75.25225216 0.06166260164
712 -75.63373009 0.06039243942
713 -75.99923351 0.05919755756
714 -76.3488777 0.05807445675
715 -76.68283346 0.05701969174
716 -77.00132238 0.05602988615
717 -77.30461189 0.05510174517
718 -77.59301012 0.05423206631
719 -77.86686069 0.05341774821
720 -78.12653758 0.05265579748
721 -78.37244017 0.05194333383
722 -78.60498844 0.05127759361
723 -78.82461848 0.05065593188
724 -79.03177828 0.05007582326
725 -79.22692384 0.04953486158
726 -79.41051567 0.04903075874
727 -79.5830156 0.04856134265
728 -79.74488396 0.04812455465
729 -79.89657706 0.04771844632
730 -80.03854509 0.04734117595
731 -80.1712302 0.04699100471
732 -80.29506498 0.04666629257
733 -80.41047115 0.04636549412
734 -80.51785849 0.04608715433
735 -80.61762405 0.04582990423
736 -80.71015148 0.04559245671
737 -80.79581059 0.04537360226
738 -80.87495707 0.0451722049
739 -80.94793232 0.04498719819
740 -81.01506343 0.04481758133
741 -81.07666321 0.04466241549
742 -81.13303038 0.04452082014
743 -81.1844498 0.04439196973
744 -81.23119271 0.04427509034
745 -81.27351714 0.04416945663
746 -81.31166821 0.04407438884
747 -81.34587859 0.04398925003
748 -81.37636892 0.04391344343
749 -81.40334825 0.04384640991
750 -81.42701447 0.04378762567
