0 -17.3325133 0.7272398103
1 -17.47323882 0.7246386433
2 -17.61585313 0.7219972184
3 -17.76043057 0.7193141625
4 -17.9070492 0.716588036
5 -18.05579109 0.7138173294
6 -18.20674247 0.7110004596
7 -18.35999407 0.7081357654
8 -18.51564135 0.7052215041
9 -18.67378478 0.702255846
10 -18.83453018 0.6992368709
11 -18.99798903 0.6961625621
12 -19.16427877 0.6930308025
13 -19.33352327 0.6898393685
14 -19.5058531 0.6865859251
15 -19.68140602 0.68326802
16 -19.86032737 0.6798830782
17 -20.04277053 0.6764283959
18 -20.22889741 0.6729011347
19 -20.41887892 0.6692983158
20 -20.61289553 0.665616814
21 -20.81113778 0.6618533518
22 -21.01380684 0.6580044941
23 -21.22111512 0.6540666427
24 -21.43328682 0.6500360317
25 -21.65055857 0.6459087232
26 -21.87318003 0.6416806038
27 -22.10141448 0.6373473828
28 -22.33553943 0.6329045906
29 -22.57584721 0.6283475796
30 -22.82264548 0.6236715268
31 -23.07625777 0.6188714386
32 -23.33702387 0.6139421591
33 -23.60530023 0.6088783809
34 -23.88146013 0.6036746608
35 -24.16589382 0.5983254395
36 -24.4590084 0.5928250673
37 -24.76122757 0.5871678353
38 -25.07299103 0.5813480143
39 -25.39475366 0.575359901
40 -25.72698431 0.5691978735
41 -26.07016413 0.5628564555
42 -26.42478454 0.5563303917
43 -26.79134457 0.5496147339
44 -27.1703476 0.5427049377
45 -27.56229757 0.5355969717
46 -27.96769433 0.5282874374
47 -28.38702836 0.5207737002
48 -28.82077469 0.5130540284
49 -29.26938602 0.5051277416
50 -29.73328514 0.4969953617
51 -30.21285666 0.4886587663
52 -30.70843811 0.480121338
53 -31.22031065 0.4713881053
54 -31.74868954 0.4624658691
55 -32.29371451 0.4533633067
56 -32.85544057 0.444091049
57 -33.43382929 0.4346617214
58 -34.02874115 0.4250899432
59 -34.63992925 0.4153922803
60 -35.26703473 0.4055871462
61 -35.90958431 0.3956946496
62 -36.56699017 0.3857363894
63 -37.23855249 0.3757351993
64 -37.92346471 0.3657148482
65 -38.62082146 0.3556997045
66 -39.32962919 0.3457143746
67 -40.04881908 0.335783329
68 -40.77726202 0.3259305281
69 -41.51378504 0.3161790617
70 -42.25718882 0.3065508156
71 -43.00626546 0.2970661747
72 -43.75981625 0.2877437747
73 -44.51666851 0.2786003053
74 -45.27569131 0.269650372
75 -46.03580947 0.2609064137
76 -46.79601547 0.2523786782
77 -47.55537927 0.2440752471
78 -48.31305565 0.2360021082
79 -49.06828918 0.2281632658
80 -49.82041689 0.2205608819
81 -50.56886865 0.2131954416
82 -51.31316553 0.206065933
83 -52.05291626 0.1991700379
84 -52.78781201 0.1925043235
85 -53.51761983 0.1860644334
86 -54.2421747 0.1798452715
87 -54.9613707 0.1738411766
88 -55.67515132 0.1680460853
89 -56.3834991 0.16245368
90 -57.08642485 0.1570575231
91 -57.78395665 0.1518511753
92 -58.4761287 0.1468282968
93 -59.16297037 0.1419827343
94 -59.84449553 0.1373085894
95 -60.52069245 0.1328002738
96 -61.19151453 0.1284525465
97 -61.85687197 0.1242605383
98 -62.5166248 0.1202197604
99 -63.17057728 0.1163261011
100 -63.81847412 0.1125758093
101 -64.45999845 0.1089654685
102 -65.09477177 0.1054919611
103 -65.72235597 0.1021524259
104 -66.34225724 0.09894421073
105 -66.95393194 0.09586482224
106 -67.55679414 0.09291187487
107 -68.15022462 0.09008304155
108 -68.73358105 0.08737600746
109 -69.3062089 0.08478842892
110 -69.86745286 0.08231789831
111 -70.41666821 0.07996191611
112 -70.95323196 0.07771787047
113 -71.4765532 0.07558302427
114 -71.98608263 0.07355450949
115 -72.48132077 0.07162932831
116 -72.96182493 0.06980435998
117 -73.4272146 0.06807637269
118 -73.87717543 0.06644203919
119 -74.31146169 0.0648979553
120 -74.72989724 0.06344066014
121 -75.1323753 0.0620666572
122 -75.51885694 0.06077243555
123 -75.88936857 0.05955449033
124 -76.2439986 0.05840934212
125 -76.58289336 0.05733355481
126 -76.90625251 0.05632375157
127 -77.21432414 0.05537662886
128 -77.50739957 0.05448896842
129 -77.78580813 0.05365764721
130 -78.04991187 0.05287964534
131 -78.30010051 0.05215205225
132 -78.53678646 0.05147207106
133 -78.76040019 0.05083702149
134 -78.97138579 0.05024434137
135 -79.17019699 0.04969158691
136 -79.35729343 0.04917643204
137 -79.53313728 0.04869666683
138 -79.6981903 0.04825019518
139 -79.85291116 0.04783503197
140 -79.99775316 0.04744929976
141 -80.13316222 0.04709122509
142 -80.2595752 0.04675913457
143 -80.3774185 0.04645145079
144 -80.48710694 0.0461666881
145 -80.58904276 0.04590344838
146 -80.68361501 0.04566041682
147 -80.77119896 0.04543635765
148 -80.85215579 0.04523011008
149 -80.92683237 0.04504058425
150 -80.9955612 0.04486675731
151 -81.05866041 0.04470766968
152 -81.11643392 0.04456242137
153 -81.16917163 0.04443016855
154 -81.21714967 0.0443101202
155 -81.26063079 0.04420153497
156 -81.29986465 0.04410371812
157 -81.33508826 0.04401601873
158 -81.36652641 0.04393782696
159 -81.3943921 0.04386857152
160 -81.41888701 0.04380771723
161 -81.44020194 0.04375476277
162 -81.4585173 0.04370923856
163 -81.47400356 0.04367070472
164 -81.48682172 0.04363874919
165 -81.49712373 0.04361298596
166 -81.50505297 0.0435930534
167 -81.51074465 0.04357861273
168 -81.51432625 0.0435693465
169 -81.5159179 0.04356495728
170 -81.51563279 0.04356516635
171 -81.51357751 0.04356971248
172 -81.50985245 0.04357835085
173 -81.50455211 0.04359085198
174 -81.49776545 0.04360700074
175 -81.48957617 0.04362659544
176 -81.48006304 0.04364944697
177 -81.46930017 0.04367537799
178 -81.45735726 0.04370422221
179 -81.44429988 0.04373582364
180 -81.43018971 0.04377003598
181 -81.41508473 0.04380672199
182 -81.39903947 0.0438457529
183 -81.38210522 0.04388700791
184 -81.36433018 0.04393037367
185 -81.34575969 0.04397574381
186 -81.32643636 0.04402301852
187 -81.30640025 0.04407210414
188 -81.28568902 0.04412291274
189 -81.26433806 0.04417536184
190 -81.24238065 0.044229374
191 -81.21984805 0.04428487656
192 -81.19676965 0.04434180133
193 -81.17317307 0.04440008431
194 -81.14908425 0.04445966547
195 -81.12452758 0.04452048846
196 -81.09952596 0.04458250042
197 -81.0741009 0.04464565179
198 -81.04827261 0.04470989607
199 -81.02206007 0.04477518968
200 -80.99548109 0.04484149176
201 -80.96855238 0.04490876401
202 -80.94128965 0.04497697058
203 -80.91370762 0.04504607788
204 -80.88582008 0.0451160545
205 -80.85764 0.04518687103
206 -80.82917949 0.0452585
207 -80.80044992 0.04533091573
208 -80.77146194 0.04540409427
209 -80.7422255 0.04547801328
210 -80.71274991 0.04555265193
211 -80.68304387 0.04562799087
212 -80.65311552 0.04570401208
213 -80.62297241 0.04578069887
214 -80.59262163 0.04585803576
215 -80.56206975 0.04593600846
216 -80.53132287 0.04601460375
217 -80.50038667 0.0460938095
218 -80.46926641 0.04617361458
219 -80.43796688 0.04625400893
220 -80.406492 0.04633498451
221 -80.37484041 0.04641654449
222 -80.34296445 0.04649879031
223 -80.31038468 0.04658274002
224 -80.27257317 0.04667802015
225 -80.18703217 0.04687525053
226 -79.65537461 0.04803676417
227 -74.95687678 0.05928764646
228 -32.84409063 0.2864667221
229 37.28919862 0.998726185
230 38.58167298 0.9999423473
231 37.3645183 0.9999295548
232 35.19299526 0.9998958633
233 32.29485225 0.999823141
234 28.96116192 0.9996737631
235 25.46292659 0.9993806487
236 21.98935592 0.9988353831
237 18.65399192 0.9978806393
238 15.52094533 0.9963152593
239 12.62583711 0.9939201982
240 9.987282264 0.9905060003
241 7.611971762 0.9859684752
242 5.496891805 0.9803285289
243 3.630924496 0.973736182
244 1.996739964 0.9664372531
245 0.5730000871 0.9587197349
246 -0.663476098 0.9508622418
247 -1.735921132 0.943099157
248 -2.666360204 0.9356055723
249 -3.474872382 0.928497475
250 -4.179265392 0.9218404576
251 -4.795033488 0.9156614235
252 -5.335484459 0.9099599316
253 -5.811952008 0.9047176586
254 -6.234038834 0.8999056054
255 -6.609858299 0.895489244
256 -6.946257884 0.8914320063
257 -7.24901725 0.887697531
258 -7.523019251 0.8842510296
259 -7.772395187 0.8810600466
260 -8.000646888 0.8780948207
261 -8.210748706 0.8753283887
262 -8.405232426 0.8727365326
263 -8.58625786 0.8702976343
264 -8.755671541 0.867992483
265 -8.915055562 0.8658040618
266 -9.065768286 0.8637173312
267 -9.208978348 0.8617190201
268 -9.345693117 0.8597974295
269 -9.476782583 0.8579422525
270 -9.602999458 0.8561444107
271 -9.724996127 0.8543959075
272 -9.843338983 0.8526896974
273 -9.958520583 0.8510195703
274 -10.07096998 0.8493800488
275 -10.1810615 0.847766298
276 -10.28912228 0.8461740465
277 -10.39543865 0.8445995166
278 -10.50026168 0.8430393631
279 -10.60381186 0.8414906202
280 -10.70628319 0.8399506542
281 -10.80784669 0.8384171226
282 -10.90865337 0.8368879382
283 -11.00883691 0.8353612372
284 -11.10851585 0.8338353521
285 -11.20779561 0.832308787
286 -11.30677013 0.8307801965
287 -11.40552341 0.8292483671
288 -11.50413072 0.8277122005
289 -11.60265981 0.8261706995
290 -11.70117178 0.8246229551
291 -11.79972204 0.8230681353
292 -11.89836098 0.8215054753
293 -11.99713465 0.8199342688
294 -12.09608535 0.8183538602
295 -12.19525209 0.8167636378
296 -12.29467109 0.8151630278
297 -12.39437613 0.813551489
298 -12.49439889 0.8119285076
299 -12.59476929 0.8102935934
300 -12.69551576 0.8086462759
301 -12.79666543 0.8069861005
302 -12.89824441 0.8053126258
303 -13.00027793 0.8036254207
304 -13.10279055 0.8019240617
305 -13.2058063 0.8002081309
306 -13.30934883 0.7984772136
307 -13.41344152 0.7967308965
308 -13.51810761 0.7949687658
309 -13.62337033 0.7931904057
310 -13.72925294 0.7913953966
311 -13.8357789 0.7895833139
312 -13.94297191 0.7877537261
313 -14.05085599 0.7859061942
314 -14.15945558 0.7840402696
315 -14.26879562 0.7821554933
316 -14.37890161 0.7802513945
317 -14.48979967 0.7783274895
318 -14.60151665 0.7763832804
319 -14.71408017 0.7744182536
320 -14.82751869 0.772431879
321 -14.94186161 0.7704236088
322 -15.05713931 0.7683928755
323 -15.17338325 0.7663390916
324 -15.29062602 0.7642616474
325 -15.40890144 0.7621599101
326 -15.52824463 0.7600332223
327 -15.6486921 0.7578809005
328 -15.77028182 0.7557022332
329 -15.89305335 0.7534964801
330 -16.01704788 0.7512628694
331 -16.14230839 0.7490005969
332 -16.26887971 0.7467088237
333 -16.39680865 0.7443866743
334 -16.52614413 0.7420332345
335 -16.65693727 0.7396475494
336 -16.78924157 0.7372286211
337 -16.92311299 0.7347754062
338 -17.05861016 0.7322868132
339 -17.1957945 0.7297617002
340 -17.33473039 0.7271988715
341 -17.47548536 0.7245970754
342 -17.61813027 0.7219550002
343 -17.76273951 0.7192712717
344 -17.90939122 0.7165444492
345 -18.05816751 0.7137730222
346 -18.2091547 0.7109554061
347 -18.36244358 0.7080899389
348 -18.51812969 0.705174876
349 -18.6763136 0.7022083868
350 -18.83710119 0.6991885492
351 -19.00060404 0.6961133453
352 -19.16693971 0.6929806561
353 -19.33623215 0.6897882563
354 -19.50861205 0.6865338092
355 -19.68421728 0.6832148605
356 -19.86319331 0.6798288332
357 -20.04569365 0.6763730215
358 -20.23188034 0.6728445847
359 -20.42192447 0.6692405419
360 -20.61600663 0.6655577653
361 -20.81431753 0.6617929751
362 -21.01705853 0.6579427335
363 -21.22444221 0.6540034399
364 -21.43669297 0.6499713254
365 -21.65404764 0.6458424496
366 -21.87675608 0.6416126963
367 -22.10508181 0.6372777717
368 -22.33930256 0.6328332036
369 -22.57971089 0.6282743415
370 -22.82661473 0.6235963597
371 -23.08033785 0.6187942619
372 -23.34122032 0.6138628897
373 -23.60961883 0.6087969334
374 -23.88590694 0.6035909479
375 -24.17047517 0.5982393722
376 -24.46373089 0.5927365552
377 -24.76609805 0.5870767876
378 -25.0780166 0.5812543401
379 -25.39994167 0.5752635103
380 -25.73234229 0.569098678
381 -26.07569982 0.5627543698
382 -26.43050581 0.5562253348
383 -26.79725937 0.54950663
384 -27.17646394 0.5425937185
385 -27.56862343 0.535482578
386 -27.97423759 0.5281698212
387 -28.3937967 0.5206528263
388 -28.82777548 0.5129298775
389 -29.27662623 0.505000312
390 -29.7407712 0.4968646723
391 -30.22059432 0.4885248585
392 -30.71643229 0.4799842784
393 -31.22856532 0.4712479877
394 -31.75720752 0.4623228162
395 -32.30249738 0.4532174719
396 -32.86448846 0.4439426169
397 -33.44314079 0.4345109085
398 -34.03831319 0.4249369974
399 -34.64975703 0.4152374798
400 -35.27711164 0.4054307973
401 -35.9199019 0.3955370841
402 -36.5775382 0.3855779608
403 -37.24931897 0.3755762784
404 -37.93443602 0.365555818
405 -38.63198248 0.3555409547
406 -39.3409635 0.3455562956
407 -40.0603092 0.3356263062
408 -40.78888962 0.3257749357
409 -41.52553124 0.3160252573
410 -42.26903446 0.3063991352
411 -43.0181914 0.2969169285
412 -43.77180362 0.2875972431
413 -44.52869899 0.2784567369
414 -45.28774737 0.2695099811
415 -46.04787454 0.2607693803
416 -46.80807417 0.2522451472
417 -47.56741749 0.2439453298
418 -48.32506069 0.2358758834
419 -49.08024979 0.2280407817
420 -49.83232329 0.2204421589
421 -50.58071253 0.2130804748
422 -51.32494 0.2059546955
423 -52.06461578 0.1990624833
424 -52.79943231 0.1924003894
425 -53.52915777 0.1859640442
426 -54.25362816 0.1797483413
427 -54.97273842 0.1737476121
428 -55.68643274 0.1679557877
429 -56.39469419 0.1623665478
430 -57.09753395 0.1569734539
431 -57.79498028 0.1517700673
432 -58.48706738 0.1467500508
433 -59.17382446 0.1419072544
434 -59.85526507 0.1372357845
435 -60.53137699 0.1327300578
436 -61.202113 0.1283848393
437 -61.86738256 0.1241952656
438 -62.52704483 0.120156854
439 -63.18090319 0.1162654986
440 -63.82870135 0.1125174541
441 -64.47012148 0.1089093087
442 -65.10478411 0.1054379494
443 -65.7322502 0.1021005187
444 -66.35202511 0.09889436735
445 -66.96356446 0.095817004
446 -67.56628174 0.09286604447
447 -68.15955726 0.0900391622
448 -68.74274842 0.08733404224
449 -69.31520058 0.08474834015
450 -69.87625852 0.08227964704
451 -70.42527779 0.07992546176
452 -70.9616358 0.07768317055
453 -71.48474227 0.07555003423
454 -71.9940486 0.07352318272
455 -72.48905618 0.07159961617
456 -72.96932325 0.06977621197
457 -73.43447033 0.06804973667
458 -73.88418416 0.06641686165
459 -74.31822008 0.06487418169
460 -74.73640308 0.06341823515
461 -75.13862746 0.06204552517
462 -75.52485535 0.06075254073
463 -75.89511418 0.05953577724
464 -76.24949329 0.05839175585
465 -76.5881399 0.05731704126
466 -76.9112545 0.05630825771
467 -77.21908588 0.05536210292
468 -77.51192601 0.05447536007
469 -77.79010478 0.05364490771
470 -78.05398472 0.05286772765
471 -78.30395594 0.05214091108
472 -78.54043118 0.05146166299
473 -78.76384115 0.05082730494
474 -78.97463013 0.05023527664
475 -79.17325197 0.04968313619
476 -79.36016637 0.04916855938
477 -79.53583552 0.04868933809
478 -79.70072115 0.04824337802
479 -79.85528186 0.04782869578
480 -79.99997085 0.04744341561
481 -80.1352339 0.04708576566
482 -80.26150772 0.04675407411
483 -80.37921854 0.04644676504
484 -80.48878097 0.04616235421
485 -80.59059706 0.04589944486
486 -80.68505564 0.04565672347
487 -80.77253176 0.04543295548
488 -80.85338638 0.04522698128
489 -80.92796613 0.04503771208
490 -80.99660329 0.04486412607
491 -81.05961576 0.04470526465
492 -81.11730723 0.04456022873
493 -81.16996738 0.04442817537
494 -81.21787215 0.04430831434
495 -81.26128404 0.04419990505
496 -81.30045253 0.0441022535
497 -81.33561443 0.04401470943
498 -81.36699434 0.04393666362
499 -81.39480507 0.04386754539
500 -81.41924813 0.04380682009
501 -81.44051415 0.04375398695
502 -81.45878338 0.04370857686
503 -81.47422614 0.04367015039
504 -81.48700327 0.04363829591
505 -81.49726659 0.04361262781
506 -81.50515934 0.04359278485
507 -81.51081662 0.04357842857
508 -81.51436578 0.04356924187
509 -81.51592683 0.04356492763
510 -81.51561286 0.04356520739
