0 -21.56964283 0.6474462703
1 -21.7904114 0.6432530621
2 -22.01672601 0.6389557668
3 -22.2488639 0.6345498889
4 -22.48711767 0.6300307416
5 -22.73179587 0.6253934472
6 -22.98322369 0.6206329395
7 -23.24174348 0.6157439692
8 -23.50771528 0.6107211114
9 -23.78151723 0.6055587784
10 -24.06354585 0.6002512353
11 -24.35421617 0.5947926224
12 -24.65396167 0.5891769823
13 -24.96323397 0.5833982948
14 -25.28250225 0.5774505195
15 -25.61225224 0.5713276474
16 -25.95298495 0.5650237625
17 -26.30521473 0.5585331145
18 -26.66946693 0.5518502029
19 -27.04627488 0.5449698748
20 -27.43617608 0.5378874345
21 -27.83970779 0.5305987679
22 -28.25740161 0.5231004787
23 -28.68977731 0.5153900374
24 -29.13733568 0.5074659406
25 -29.60055051 0.4993278779
26 -30.07985969 0.4909769041
27 -30.57565556 0.4824156101
28 -31.08827463 0.473648289
29 -31.61798684 0.464681089
30 -32.16498465 0.4555221467
31 -32.72937233 0.4461816923
32 -33.31115573 0.4366721171
33 -33.91023304 0.4270079981
34 -34.52638696 0.4172060689
35 -35.15927872 0.407285134
36 -35.80844441 0.3972659218
37 -36.47329407 0.3871708749
38 -37.15311359 0.3770238826
39 -37.84706996 0.3668499577
40 -38.55421952 0.3566748702
41 -39.27351937 0.3465247482
42 -40.00384151 0.3364256607
43 -40.74398933 0.3264031978
44 -41.49271589 0.3164820647
45 -42.24874334 0.3066857053
46 -43.01078278 0.2970359673
47 -43.77755392 0.2875528212
48 -44.54780376 0.2782541405
49 -45.32032387 0.2691555462
50 -46.09396557 0.2602703182
51 -46.86765293 0.2516093692
52 -47.64039297 0.2431812775
53 -48.41128335 0.2349923705
54 -49.17951725 0.2270468516
55 -49.94438559 0.21934696
56 -50.7052769 0.211893156
57 -51.46167489 0.2046843218
58 -52.21315397 0.1977179704
59 -52.95937316 0.1909904564
60 -53.70006846 0.184497182
61 -54.4350441 0.1782327943
62 -55.16416277 0.1721913706
63 -55.88733527 0.1663665883
64 -56.60450961 0.1607518788
65 -57.31565988 0.1553405636
66 -58.02077517 0.1501259726
67 -58.71984853 0.1451015438
68 -59.41286645 0.1402609054
69 -60.09979882 0.1355979409
70 -60.78058981 0.1311068367
71 -61.45514965 0.1267821144
72 -62.12334772 0.122618648
73 -62.78500693 0.1186116677
74 -63.43989982 0.1147567517
75 -64.08774613 0.1110498062
76 -64.72821237 0.1074870385
77 -65.36091298 0.1040649209
78 -65.98541342 0.1007801509
79 -66.60123485 0.09762960792
80 -67.20786036 0.0946103089
81 -67.80474256 0.09171936437
82 -68.39131219 0.08895393738
83 -68.96698751 0.086311206
84 -69.53118414 0.08378833095
85 -70.08332508 0.08138242898
86 -70.62285043 0.07909055253
87 -71.14922677 0.07690967592
88 -71.66195569 0.0748366876
89 -72.16058141 0.07286838844
90 -72.64469732 0.07100149514
91 -73.1139512 0.06923264801
92 -73.56804926 0.06755842252
93 -74.00675883 0.06597534339
94 -74.4299098 0.06447990065
95 -74.8373949 0.06306856671
96 -75.22916882 0.06173781382
97 -75.60524653 0.06048413122
98 -75.96570056 0.05930404154
99 -76.31065782 0.05819411615
100 -76.6402957 0.05715098895
101 -76.95483788 0.0561713687
102 -77.25454984 0.05525204955
103 -77.53973422 0.05438991994
104 -77.81072612 0.05358196977
105 -78.06788846 0.05282529592
106 -78.31160747 0.0521171064
107 -78.54228834 0.05145472295
108 -78.7603511 0.05083558254
109 -78.96622683 0.05025723772
110 -79.16035404 0.04971735603
111 -79.34317547 0.04921371859
112 -79.51513515 0.04874421803
113 -79.67667575 0.04830685588
114 -79.82823633 0.04789973948
115 -79.97025025 0.04752107852
116 -80.10314346 0.04716918144
117 -80.22733302 0.04684245148
118 -80.34322587 0.04653938276
119 -80.45121781 0.04625855619
120 -80.55169269 0.04599863547
121 -80.64502182 0.04575836299
122 -80.73156351 0.04553655591
123 -80.81166272 0.04533210226
124 -80.88565095 0.04514395711
125 -80.95384615 0.04497113895
126 -81.01655275 0.04481272614
127 -81.0740618 0.04466785349
128 -81.12665113 0.04453570901
129 -81.17458565 0.04441553081
130 -81.2181176 0.04430660412
131 -81.25748692 0.04420825847
132 -81.2929216 0.04411986505
133 -81.32463809 0.04404083413
134 -81.35284169 0.04397061269
135 -81.37772699 0.04390868215
136 -81.3994783 0.04385455628
137 -81.41827005 0.04380777911
138 -81.43426726 0.04376792309
139 -81.44762591 0.04373458733
140 -81.45849343 0.04370739588
141 -81.46700905 0.04368599617
142 -81.47330423 0.04367005757
143 -81.47750303 0.04365926996
144 -81.47972251 0.04365334249
145 -81.48007307 0.0436520023
146 -81.47865881 0.04365499343
147 -81.47557786 0.04366207573
148 -81.47092272 0.04367302387
149 -81.46478054 0.04368762642
150 -81.45723342 0.04370568493
151 -81.44835872 0.04372701317
152 -81.43822928 0.04375143632
153 -81.42691372 0.04377879025
154 -81.41447662 0.04380892089
155 -81.40097882 0.04384168358
156 -81.38647758 0.04387694246
157 -81.37102682 0.04391456997
158 -81.35467726 0.04395444629
159 -81.3374767 0.04399645888
160 -81.31947007 0.04404050205
161 -81.3006997 0.04408647649
162 -81.2812054 0.04413428894
163 -81.26102466 0.04418385176
164 -81.24019274 0.04423508263
165 -81.21874282 0.04428790421
166 -81.19670613 0.04434224385
167 -81.17411204 0.04439803328
168 -81.1509882 0.04445520838
169 -81.12736059 0.04451370894
170 -81.10325368 0.04457347837
171 -81.07869047 0.04463446354
172 -81.05369259 0.04469661458
173 -81.02828039 0.04475988463
174 -81.00247297 0.04482422974
175 -80.97628833 0.04488960865
176 -80.94974335 0.04495598266
177 -80.9228539 0.04502331547
178 -80.8956349 0.04509157305
179 -80.86810035 0.04516072351
180 -80.84026339 0.04523073699
181 -80.81213636 0.04530158554
182 -80.78373083 0.045373243
183 -80.75505765 0.04544568494
184 -80.72612698 0.04551888853
185 -80.69694835 0.04559283247
186 -80.66753066 0.04566749691
187 -80.63788226 0.04574286337
188 -80.60801092 0.04581891467
189 -80.57792392 0.04589563487
190 -80.54762804 0.0459730092
191 -80.51712959 0.04605102401
192 -80.48643444 0.04612966669
193 -80.45554804 0.04620892568
194 -80.4244754 0.04628879043
195 -80.39322082 0.04636925207
196 -80.36178496 0.0464503095
197 -80.33013751 0.04653202739
198 -80.29796022 0.04661508209
199 -80.26223418 0.04670589528
200 -80.19459688 0.04686494667
201 -79.82897711 0.04766560839
202 -76.67630199 0.05494453338
203 -48.12840072 0.1734600803
204 35.22229002 0.9941021229
205 38.65827579 0.9999420476
206 37.66070643 0.9999331406
207 35.64603967 0.9999040807
208 32.85981183 0.999840541
209 29.58431133 0.9997090377
210 26.10109336 0.9994488233
211 22.61473775 0.9989599559
212 19.25040457 0.9980944345
213 16.07918394 0.9966582925
214 13.14068158 0.9944332941
215 10.45604986 0.9912208836
216 8.033930324 0.9868977982
217 5.872974815 0.9814605083
218 3.963448336 0.9750365442
219 2.289038842 0.9678572891
220 0.8290174603 0.9602065314
221 -0.4395663576 0.9523672498
222 -1.540011098 0.9445832238
223 -2.494604907 0.9370405406
224 -3.323797606 0.9298654492
225 -4.045808422 0.9231319351
226 -4.676539993 0.9168731523
227 -5.229680322 0.9110929658
228 -5.716903333 0.9057757954
229 -6.148108491 0.9008942238
230 -6.531663747 0.8964144901
231 -6.874632671 0.8923002494
232 -7.182977125 0.8885150195
233 -7.461733008 0.885023686
234 -7.715159935 0.881793358
235 -7.94686727 0.8787937906
236 -8.159919526 0.8759975293
237 -8.356924166 0.8733798798
238 -8.540104625 0.8709187774
239 -8.71136102 0.8685946005
240 -8.872320658 0.8663899597
241 -9.024380134 0.8642894815
242 -9.168740473 0.8622795975
243 -9.306436539 0.8603483454
244 -9.438361707 0.8584851861
245 -9.565288612 0.8566808372
246 -9.687886644 0.8549271232
247 -9.806736732 0.8532168421
248 -9.922343877 0.8515436467
249 -10.03514779 0.8499019402
250 -10.14553197 0.8482867836
251 -10.2538314 0.8466938145
252 -10.36033919 0.8451191761
253 -10.46531222 0.8435594544
254 -10.56897601 0.8420116234
255 -10.67152887 0.8404729973
256 -10.77314555 0.8389411884
257 -10.87398029 0.8374140699
258 -10.97416952 0.8358897441
259 -11.07383419 0.8343665138
260 -11.17308176 0.8328428575
261 -11.27200797 0.8313174077
262 -11.37069834 0.8297889317
263 -11.46922945 0.8282563149
264 -11.56767017 0.8267185461
265 -11.66608258 0.8251747043
266 -11.7645229 0.8236239473
267 -11.86304222 0.8220655018
268 -11.96168718 0.8204986544
269 -12.06050056 0.8189227437
270 -12.15952181 0.8173371531
271 -12.25878746 0.8157413052
272 -12.35833156 0.8141346558
273 -12.45818601 0.8125166892
274 -12.55838091 0.8108869139
275 -12.65894477 0.8092448585
276 -12.75990481 0.8075900685
277 -12.86128717 0.8059221029
278 -12.96311709 0.8042405316
279 -13.06541909 0.8025449326
280 -13.16821715 0.8008348898
281 -13.27153482 0.7991099907
282 -13.37539538 0.7973698248
283 -13.47982194 0.7956139813
284 -13.58483756 0.7938420479
285 -13.69046534 0.7920536087
286 -13.79672853 0.7902482432
287 -13.90365061 0.7884255245
288 -14.01125537 0.7865850181
289 -14.11956698 0.7847262808
290 -14.22861012 0.782848859
291 -14.33840997 0.7809522877
292 -14.44899235 0.7790360894
293 -14.56038377 0.7770997726
294 -14.67261148 0.7751428308
295 -14.78570358 0.7731647413
296 -14.89968905 0.7711649636
297 -15.01459786 0.7691429386
298 -15.13046101 0.7670980872
299 -15.24731063 0.7650298086
300 -15.36518003 0.7629374796
301 -15.48410381 0.7608204525
302 -15.60411793 0.7586780542
303 -15.72525978 0.7565095843
304 -15.8475683 0.7543143137
305 -15.97108405 0.7520914828
306 -16.09584933 0.7498402998
307 -16.22190825 0.7475599392
308 -16.34930687 0.7452495391
309 -16.47809333 0.7429082001
310 -16.60831793 0.7405349824
311 -16.74003327 0.7381289039
312 -16.87329443 0.735688938
313 -17.00815906 0.7332140106
314 -17.14468758 0.7307029979
315 -17.2829433 0.7281547236
316 -17.42299265 0.7255679554
317 -17.56490532 0.7229414027
318 -17.70875448 0.7202737128
319 -17.85461698 0.7175634675
320 -18.00257361 0.7148091795
321 -18.15270928 0.7120092887
322 -18.30511332 0.7091621579
323 -18.45987975 0.7062660687
324 -18.61710754 0.7033192169
325 -18.77690094 0.700319708
326 -18.93936981 0.6972655521
327 -19.10462994 0.6941546588
328 -19.27280347 0.6909848318
329 -19.4440192 0.6877537635
330 -19.61841311 0.684459029
331 -19.7961287 0.6810980802
332 -19.9773175 0.6776682397
333 -20.16213959 0.6741666944
334 -20.35076404 0.6705904894
335 -20.54336953 0.666936521
336 -20.74014484 0.6632015311
337 -20.94128953 0.6593821002
338 -21.14701448 0.6554746414
339 -21.35754255 0.651475395
340 -21.57310926 0.6473804225
341 -21.79396344 0.6431856025
342 -22.0203679 0.6388866263
343 -22.25260012 0.6344789955
344 -22.49095292 0.6299580205
345 -22.73573513 0.6253188207
346 -22.98727217 0.6205563271
347 -23.24590668 0.6156652875
348 -23.51199897 0.6106402747
349 -23.78592745 0.6054756986
350 -24.06808894 0.6001658224
351 -24.35889873 0.5947047848
352 -24.65879059 0.5890866272
353 -24.96821641 0.5833053292
354 -25.28764561 0.5773548506
355 -25.61756417 0.5712291838
356 -25.9584733 0.564922415
357 -26.31088753 0.5584287973
358 -26.67533235 0.5517428355
359 -27.05234114 0.5448593831
360 -27.44245143 0.5377737532
361 -27.8462004 0.5304818419
362 -28.2641195 0.522980266
363 -28.69672823 0.515266511
364 -29.14452699 0.5073390913
365 -29.60798906 0.4991977169
366 -30.08755167 0.4908434655
367 -30.58360635 0.4822789536
368 -31.09648863 0.4735085025
369 -31.62646728 0.4645382904
370 -32.17373347 0.4553764861
371 -32.73839001 0.4460333526
372 -33.32044112 0.4365213154
373 -33.91978326 0.4268549849
374 -34.53619727 0.4170511273
375 -35.16934247 0.4071285777
376 -35.81875303 0.3971080923
377 -36.48383703 0.3870121376
378 -37.16387854 0.3768646218
379 -37.85804276 0.3666905714
380 -38.56538447 0.3565157642
381 -39.28485938 0.3463663295
382 -40.01533834 0.3362683308
383 -40.75562388 0.3262473466
384 -41.50446848 0.3163280644
385 -42.26059402 0.3065339048
386 -43.02271165 0.2968866877
387 -43.78954139 0.287406352
388 -44.55983087 0.2781107368
389 -45.33237249 0.2690154269
390 -46.10601867 0.2601336653
391 -46.87969469 0.2514763281
392 -47.65240896 0.2430519577
393 -48.42326061 0.2348668479
394 -49.19144431 0.2269251703
395 -49.95625252 0.2192291354
396 -50.71707527 0.2117791777
397 -51.4733977 0.2045741568
398 -52.22479558 0.1976115666
399 -52.97092917 0.1908877457
400 -53.71153559 0.1843980834
401 -54.44642002 0.178137217
402 -55.17544598 0.1720992166
403 -55.89852489 0.1662777551
404 -56.61560523 0.1606662616
405 -57.3266614 0.155258057
406 -58.0316826 0.1500464725
407 -58.73066183 0.1450249486
408 -59.42358538 0.1401871175
409 -60.1104228 0.1355268671
410 -60.79111775 0.1310383889
411 -61.46557986 0.1267162101
412 -62.13367781 0.1225552105
413 -62.79523376 0.1185506258
414 -63.45001939 0.1146980394
415 -64.09775363 0.1109933627
416 -64.73810214 0.1074328073
417 -65.37067857 0.1040128494
418 -65.99504763 0.1007301896
419 -66.61072985 0.09758170999
420 -67.21720778 0.09456442905
421 -67.81393362 0.0916754585
422 -68.40033785 0.08891196185
423 -68.9758386 0.0862711171
424 -69.53985156 0.08375008445
425 -70.0917999 0.08134597972
426 -70.6311241 0.07905585422
427 -71.15729121 0.07687668089
428 -71.66980343 0.07480534683
429 -72.16820573 0.07283865151
430 -72.65209228 0.07097331032
431 -73.12111179 0.06920596247
432 -73.57497139 0.06753318248
433 -74.0134394 0.0659514944
434 -74.43634668 0.06445738783
435 -74.84358692 0.06304733506
436 -75.23511581 0.06171780843
437 -75.61094921 0.06046529758
438 -75.97116055 0.0592863258
439 -76.31587754 0.05817746531
440 -76.64527833 0.0571353511
441 -76.95958729 0.05615669317
442 -77.25907052 0.05523828709
443 -77.54403119 0.05437702284
444 -77.81480487 0.05356989192
445 -78.07175488 0.05281399296
446 -78.31526777 0.05210653569
447 -78.545749 0.05144484365
448 -78.7636188 0.05082635564
449 -78.96930839 0.05024862598
450 -79.16325635 0.04970932401
451 -79.34590547 0.0492062326
452 -79.51769978 0.04873724612
453 -79.67908192 0.04830036776
454 -79.83049085 0.04789370647
455 -79.97235984 0.04751547354
456 -80.10511471 0.0471639789
457 -80.22917236 0.04683762725
458 -80.34493957 0.04653491408
459 -80.45281195 0.04625442165
460 -80.55317318 0.04599481488
461 -80.64639434 0.04575483738
462 -80.73283354 0.04553330745
463 -80.81283554 0.04532911417
464 -80.88673162 0.04514121364
465 -80.95483953 0.04496862532
466 -81.01746347 0.04481042846
467 -81.07489429 0.04466575874
468 -81.12740963 0.04453380495
469 -81.17527418 0.04441380598
470 -81.21873998 0.04430504776
471 -81.2580468 0.04420686049
472 -81.29342243 0.04411861599
473 -81.32508316 0.04403972511
474 -81.3532341 0.0439696354
475 -81.3780697 0.04390782881
476 -81.39977409 0.04385381956
477 -81.41852156 0.04380715215
478 -81.43447698 0.04376739949
479 -81.4477962 0.04373416105
480 -81.45862651 0.04370706126
481 -81.46710703 0.04368574793
482 -81.47336909 0.04366989073
483 -81.47753664 0.04365917988
484 -81.47972663 0.04365332479
485 -81.48004937 0.04365205289
486 -81.47860885 0.04365510846
487 -81.47550313 0.04366225161
488 -81.4708246 0.04367325721
489 -81.46466034 0.04368791405
490 -81.45709238 0.04370602388
491 -81.448198 0.04372740065
492 -81.43804998 0.04375186969
493 -81.42671686 0.04377926706
494 -81.41426318 0.04380943884
495 -81.40074971 0.0438422405
496 -81.38623366 0.04387753632
497 -81.37076889 0.04391519885
498 -81.35440609 0.0439551084
499 -81.33719299 0.04399715255
500 -81.31917451 0.04404122568
501 -81.30039291 0.04408722862
502 -81.28088799 0.04413506816
503 -81.26069718 0.04418465676
504 -81.23985571 0.04423591219
505 -81.21839674 0.04428875717
506 -81.19635147 0.04434311913
507 -81.17374924 0.04439892986
508 -81.15061766 0.04445612532
509 -81.12698271 0.04451464532
510 -81.10286882 0.04457443336
