0 -14.44615969 0.7790848382
1 -14.55743007 0.7771508147
2 -14.66954394 0.7751960496
3 -14.78252869 0.7732200313
4 -14.89641267 0.7712222297
5 -15.01122524 0.7692020951
6 -15.12699687 0.7671590569
7 -15.24375919 0.7650925226
8 -15.36154507 0.7630018762
9 -15.48038867 0.760886477
10 -15.60032555 0.7587456583
11 -15.72139275 0.7565787256
12 -15.84362886 0.7543849556
13 -15.96707411 0.7521635941
14 -16.09177049 0.7499138545
15 -16.21776182 0.7476349161
16 -16.34509389 0.7453259219
17 -16.47381453 0.7429859771
18 -16.60397379 0.7406141465
19 -16.735624 0.7382094529
20 -16.86881996 0.7357708741
21 -17.00361906 0.7332973409
22 -17.14008143 0.7307877343
23 -17.2782701 0.728240883
24 -17.41825118 0.7256555603
25 -17.56009407 0.7230304809
26 -17.70387158 0.7203642981
27 -17.84966022 0.7176556003
28 -17.99754037 0.7149029071
29 -18.14759654 0.7121046661
30 -18.29991758 0.7092592482
31 -18.45459701 0.7063649444
32 -18.61173324 0.7034199606
33 -18.77142989 0.7004224136
34 -18.93379613 0.6973703261
35 -19.09894699 0.6942616217
36 -19.26700371 0.69109412
37 -19.43809414 0.6878655311
38 -19.61235315 0.68457345
39 -19.78992299 0.6812153513
40 -19.97095382 0.6777885828
41 -20.1556041 0.6742903605
42 -20.34404113 0.6707177617
43 -20.53644152 0.6670677198
44 -20.73299178 0.6633370182
45 -20.93388881 0.6595222847
46 -21.13934052 0.6556199861
47 -21.34956639 0.6516264232
48 -21.56479809 0.6475377262
49 -21.78528007 0.6433498514
50 -22.01127018 0.6390585779
51 -22.24304027 0.6346595064
52 -22.48087677 0.6301480593
53 -22.72508127 0.6255194817
54 -22.975971 0.6207688464
55 -23.23387935 0.6158910599
56 -23.49915619 0.6108808723
57 -23.77216818 0.6057328914
58 -24.05329893 0.6004416004
59 -24.34294899 0.5950013809
60 -24.64153561 0.5894065426
61 -24.94949235 0.5836513582
62 -25.26726831 0.5777301072
63 -25.59532708 0.5716371274
64 -25.93414527 0.5653668756
65 -26.28421066 0.5589139986
66 -26.64601972 0.552273415
67 -27.02007467 0.5454404074
68 -27.40687986 0.5384107273
69 -27.80693749 0.5311807104
70 -28.22074257 0.5237474033
71 -28.64877713 0.5161087001
72 -29.09150369 0.5082634868
73 -29.54935796 0.5002117923
74 -30.02274076 0.4919549409
75 -30.51200943 0.4834957041
76 -31.01746863 0.4748384458
77 -31.53936086 0.4659892546
78 -32.07785686 0.4569560585
79 -32.63304621 0.4477487127
80 -33.20492832 0.4383790564
81 -33.79340439 0.4288609286
82 -34.39827049 0.4192101407
83 -35.01921223 0.4094443972
84 -35.65580147 0.3995831651
85 -36.30749523 0.3896474894
86 -36.97363717 0.3796597565
87 -37.65346174 0.3696434114
88 -38.34610108 0.3596226347
89 -39.05059466 0.3496219898
90 -39.76590127 0.3396660523
91 -40.49091328 0.329779034
92 -41.22447256 0.3199844151
93 -41.96538763 0.3103045986
94 -42.71245142 0.300760598
95 -43.46445912 0.2913717684
96 -44.22022545 0.282155589
97 -44.9786009 0.2731275015
98 -45.7384864 0.2643008059
99 -46.49884617 0.2556866135
100 -47.25871834 0.247293853
101 -48.01722325 0.2391293253
102 -48.77356942 0.2311977995
103 -49.52705705 0.2235021434
104 -50.27707929 0.2160434802
105 -51.02312139 0.2088213634
106 -51.76475786 0.2018339647
107 -52.5016479 0.1950782654
108 -53.2335293 0.1885502486
109 -53.96021102 0.1822450867
110 -54.68156472 0.1761573195
111 -55.39751532 0.1702810221
112 -56.10803091 0.164609959
113 -56.81311211 0.159137724
114 -57.51278117 0.1538578644
115 -58.20707078 0.1487639892
116 -58.89601312 0.1438498614
117 -59.579629 0.1391094741
118 -60.25791755 0.13453711
119 -60.93084659 0.1301273862
120 -61.59834393 0.1258752835
121 -62.26028987 0.1217761607
122 -62.91651099 0.1178257564
123 -63.56677574 0.1140201769
124 -64.21079161 0.1103558744
125 -64.84820441 0.1068296144
126 -65.47859937 0.1034384359
127 -66.10150442 0.100179606
128 -66.71639522 0.09705057019
129 -67.32270213 0.09404890172
130 -67.91981859 0.09117225154
131 -68.50711091 0.08841830069
132 -69.08392891 0.08578471706
133 -69.64961716 0.08326911795
134 -70.20352637 0.08086903934
135 -70.74502468 0.07858191242
136 -71.27350832 0.07640504785
137 -71.78841148 0.07433562733
138 -72.28921502 0.07237070206
139 -72.77545396 0.07050719752
140 -73.24672349 0.06874192343
141 -73.70268348 0.06707158796
142 -74.14306153 0.06549281524
143 -74.56765452 0.06400216489
144 -74.97632885 0.0625961529
145 -75.3690194 0.06127127275
146 -75.7457274 0.06002401623
147 -76.10651741 0.05885089327
148 -76.4515135 0.05774845036
149 -76.7808949 0.05671328726
150 -77.09489115 0.05574207181
151 -77.39377705 0.05483155261
152 -77.67786741 0.05397856979
153 -77.94751183 0.0531800637
154 -78.2030895 0.05243308172
155 -78.44500423 0.05173478331
156 -78.67367965 0.05108244349
157 -78.88955473 0.05047345485
158 -79.0930796 0.04990532828
159 -79.28471172 0.04937569271
160 -79.46491238 0.04888229379
161 -79.63414357 0.04842299193
162 -79.79286523 0.04799575962
163 -79.94153279 0.04759867829
164 -80.08059505 0.04722993474
165 -80.21049242 0.04688781738
166 -80.33165537 0.04657071214
167 -80.4445032 0.0462770983
168 -80.54944303 0.04600554433
169 -80.646869 0.04575470355
170 -80.73716171 0.04552331
171 -80.82068779 0.04531017423
172 -80.89779963 0.04511417924
173 -80.96883527 0.04493427657
174 -81.03411838 0.04476948241
175 -81.09395836 0.04461887398
176 -81.14865051 0.04448158594
177 -81.19847628 0.04435680705
178 -81.24370357 0.04424377692
179 -81.28458707 0.04414178296
180 -81.32136869 0.04405015745
181 -81.35427791 0.04396827478
182 -81.38353228 0.04389554889
183 -81.40933785 0.04383143072
184 -81.4318896 0.04377540596
185 -81.45137196 0.04372699285
186 -81.46795923 0.04368574008
187 -81.48181605 0.0436512249
188 -81.49309786 0.04362305129
189 -81.50195137 0.04360084824
190 -81.50851492 0.04358426818
191 -81.51291898 0.04357298545
192 -81.51528652 0.04356669491
193 -81.5157334 0.04356511062
194 -81.51436876 0.04356796462
195 -81.5112954 0.04357500577
196 -81.50661007 0.04358599867
197 -81.50040389 0.04360072265
198 -81.49276259 0.04361897084
199 -81.48376685 0.04364054926
200 -81.47349256 0.04366527604
201 -81.46201115 0.04369298061
202 -81.44938978 0.043723503
203 -81.43569163 0.04375669318
204 -81.42097612 0.04379241038
205 -81.40529911 0.04383052257
206 -81.38871315 0.04387090586
207 -81.37126764 0.04391344402
208 -81.35300902 0.04395802797
209 -81.33398097 0.04400455536
210 -81.31422452 0.04405293015
211 -81.29377827 0.04410306219
212 -81.2726785 0.04415486688
213 -81.25095929 0.04420826483
214 -81.2286527 0.04426318152
215 -81.20578885 0.04431954702
216 -81.18239604 0.04437729572
217 -81.15850086 0.04443636604
218 -81.1341283 0.04449670018
219 -81.10930185 0.04455824395
220 -81.08404355 0.04462094649
221 -81.05837413 0.04468476012
222 -81.03231303 0.04474964012
223 -81.00587853 0.04481554456
224 -80.97908776 0.04488243415
225 -80.95195683 0.04495027209
226 -80.92450084 0.04501902392
227 -80.89673394 0.04508865735
228 -80.86866941 0.04515914221
229 -80.84031972 0.04523045026
230 -80.81169652 0.04530255514
231 -80.78281073 0.04537543221
232 -80.75367258 0.0454490585
233 -80.72429163 0.0455234126
234 -80.69467683 0.04559847457
235 -80.66483652 0.04567422587
236 -80.63477849 0.0457506493
237 -80.60451001 0.0458277289
238 -80.57403785 0.04590544991
239 -80.5433683 0.0459837987
240 -80.5125072 0.0460627627
241 -80.48145998 0.04614233039
242 -80.45023166 0.0462224912
243 -80.41882687 0.04630323549
244 -80.38724989 0.04638455451
245 -80.35550464 0.04646644034
246 -80.32359473 0.04654888589
247 -80.29152344 0.04663188481
248 -80.25929375 0.04671543154
249 -80.22690824 0.04679952144
250 -80.19436821 0.04688415274
251 -80.16166505 0.04696934491
252 -80.12869896 0.04705531271
253 -80.09451224 0.04714411052
254 -80.05006005 0.04725516706
255 -79.91007618 0.04757245202
256 -78.87167073 0.04987826499
257 -69.42936371 0.0754480532
258 8.079332447 0.7221672977
259 38.36450922 0.9998664043
260 38.32357251 0.9999402866
261 36.79221787 0.9999219772
262 34.38594592 0.9998793396
263 31.34788945 0.9997894559
264 27.97120278 0.9996084699
265 24.49992151 0.9992610445
266 21.09420206 0.9986298968
267 17.84741495 0.9975514654
268 14.81186336 0.9958258191
269 12.0164493 0.9932471112
270 9.475637908 0.9896519103
271 7.193256305 0.9849696594
272 5.164259956 0.9792525963
273 3.37624559 0.9726702178
274 1.811315184 0.9654716733
275 0.4481846504 0.9579342063
276 -0.7358141866 0.950317422
277 -1.763125578 0.9428345194
278 -2.654869545 0.9356414689
279 -3.430216533 0.9288391936
280 -4.106130261 0.9224826103
281 -4.697358275 0.9165917716
282 -5.216568208 0.9111623373
283 -5.674555911 0.9061741795
284 -6.080477777 0.901597885
285 -6.442079374 0.897399377
286 -6.765905973 0.8935430358
287 -7.057488909 0.8899937029
288 -7.321506546 0.8867178904
289 -7.561921159 0.8836844471
290 -7.782094184 0.8808648645
291 -7.984882706 0.8782333526
292 -8.172719951 0.8757667736
293 -8.347682374 0.873444494
294 -8.511545547 0.8712481946
295 -8.66583077 0.869161662
296 -8.811844002 0.8671705796
297 -8.950708434 0.865262326
298 -9.08339181 0.8634257854
299 -9.210729388 0.8616511749
300 -9.333443286 0.8599298873
301 -9.452158822 0.8582543498
302 -9.567418343 0.8566178987
303 -9.679692966 0.8550146681
304 -9.789392553 0.8534394915
305 -9.896874215 0.8518878154
306 -10.00244958 0.8503556228
307 -10.10639098 0.8488393671
308 -10.20893682 0.847335913
309 -10.31029611 0.8458424855
310 -10.41065238 0.8443566252
311 -10.51016713 0.8428761485
312 -10.60898268 0.8413991137
313 -10.70722472 0.8399237907
314 -10.80500451 0.8384486344
315 -10.90242072 0.8369722621
316 -10.9995611 0.8354934326
317 -11.0965039 0.8340110291
318 -11.1933191 0.8325240432
319 -11.29006947 0.8310315612
320 -11.38681154 0.8295327525
321 -11.48359637 0.8280268584
322 -11.58047032 0.8265131832
323 -11.67747562 0.824991086
324 -11.77465094 0.8234599732
325 -11.87203189 0.8219192922
326 -11.96965139 0.820368526
327 -12.0675401 0.8188071877
328 -12.16572669 0.8172348164
329 -12.26423816 0.815650973
330 -12.3631001 0.8140552369
331 -12.4623369 0.8124472025
332 -12.56197194 0.8108264766
333 -12.66202779 0.8091926759
334 -12.76252639 0.8075454243
335 -12.86348913 0.8058843513
336 -12.96493706 0.8042090895
337 -13.06689093 0.8025192734
338 -13.16937135 0.8008145376
339 -13.27239888 0.799094515
340 -13.3759941 0.7973588358
341 -13.48017772 0.795607126
342 -13.58497063 0.793839006
343 -13.690394 0.7920540899
344 -13.79646934 0.7902519837
345 -13.90321857 0.7884322848
346 -14.01066405 0.7865945805
347 -14.11882872 0.784738447
348 -14.22773608 0.7828634488
349 -14.33741031 0.7809691369
350 -14.44787628 0.7790550483
351 -14.55915966 0.777120705
352 -14.67128694 0.7751656123
353 -14.78428553 0.7731892585
354 -14.89818378 0.7711911131
355 -15.01301108 0.7691706262
356 -15.12879792 0.7671272268
357 -15.24557593 0.7650603221
358 -15.36337802 0.7629692956
359 -15.48223836 0.7608535063
360 -15.60219255 0.7587122869
361 -15.72327763 0.7565449427
362 -15.84553223 0.7543507498
363 -15.96899661 0.7521289535
364 -16.09371277 0.7498787667
365 -16.21972458 0.7475993681
366 -16.34707785 0.7452899002
367 -16.47582045 0.7429494676
368 -16.60600246 0.7405771345
369 -16.73767625 0.7381719228
370 -16.87089665 0.7357328098
371 -17.00572111 0.7332587254
372 -17.14220978 0.7307485499
373 -17.28042575 0.7282011112
374 -17.42043519 0.7256151815
375 -17.56230753 0.7229894748
376 -17.70611565 0.7203226434
377 -17.85193612 0.7176132746
378 -17.99984938 0.7148598869
379 -18.14993999 0.7120609266
380 -18.30229689 0.7092147638
381 -18.45701367 0.7063196878
382 -18.61418881 0.7033739033
383 -18.77392602 0.7003755257
384 -18.93633456 0.6973225761
385 -19.10152954 0.6942129767
386 -19.26963232 0.6910445454
387 -19.44077085 0.6878149904
388 -19.6150801 0.6845219051
389 -19.79270245 0.681162762
390 -19.97378818 0.677734907
391 -20.15849589 0.6742355539
392 -20.34699301 0.6706617778
393 -20.53945631 0.66701051
394 -20.73607244 0.6632785314
395 -20.93703849 0.6594624674
396 -21.14256253 0.6555587821
397 -21.35286423 0.6515637739
398 -21.56817545 0.6474735702
399 -21.78874085 0.6432841245
400 -22.01481848 0.6389912133
401 -22.24668043 0.6345904346
402 -22.48461334 0.6300772077
403 -22.72891905 0.6254467753
404 -22.97991504 0.6206942075
405 -23.23793495 0.6158144081
406 -23.5033289 0.6108021251
407 -23.77646382 0.6056519641
408 -24.05772359 0.6003584065
409 -24.34750901 0.5949158327
410 -24.6462376 0.5893185514
411 -24.95434316 0.5835608351
412 -25.27227501 0.5776369637
413 -25.60049697 0.5715412765
414 -25.93948585 0.5652682326
415 -26.28972956 0.5588124824
416 -26.65172469 0.5521689493
417 -27.02597354 0.5453329224
418 -27.41298045 0.5383001614
419 -27.81324754 0.5310670119
420 -28.22726967 0.5236305327
421 -28.65552862 0.5159886321
422 -29.09848657 0.5081402128
423 -29.55657872 0.5000853224
424 -30.03020531 0.4918253066
425 -30.51972292 0.4833629605
426 -31.02543533 0.4747026738
427 -31.54758398 0.4658505628
428 -32.08633845 0.4568145848
429 -32.64178697 0.4476046255
430 -33.21392748 0.4382325548
431 -33.80265962 0.4287122431
432 -34.40777776 0.4190595316
433 -35.02896578 0.4092921533
434 -35.66579375 0.3994296014
435 -36.31771693 0.3894929435
436 -36.98407723 0.3795045847
437 -37.66410746 0.369487984
438 -38.35693825 0.3594673307
439 -39.0616077 0.3494671912
440 -39.77707347 0.3395121385
441 -40.50222702 0.3296263757
442 -41.23590957 0.3198333688
443 -41.97692925 0.3101555017
444 -42.72407891 0.3006137639
445 -43.47615389 0.2912274832
446 -44.23196936 0.2820141081
447 -44.99037648 0.2729890477
448 -45.75027707 0.2641655685
449 -46.51063642 0.2555547474
450 -47.27049387 0.2471654798
451 -48.02897111 0.2390045343
452 -48.78527805 0.2310766493
453 -49.53871631 0.2233846644
454 -50.2886805 0.2159296769
455 -51.03465728 0.2087112176
456 -51.77622252 0.2017274382
457 -52.51303666 0.1949753029
458 -53.24483868 0.1884507811
459 -53.97143858 0.1821490339
460 -54.69270891 0.1760645926
461 -55.40857534 0.1701915263
462 -56.11900655 0.164523596
463 -56.82400358 0.1590543938
464 -57.52358892 0.1537774671
465 -58.21779535 0.1486864267
466 -58.90665494 0.1437750387
467 -59.59018824 0.1390373
468 -60.26839398 0.1344674984
469 -60.94123942 0.1300602566
470 -61.60865169 0.1258105608
471 -62.27051028 0.1217137761
472 -62.92664092 0.1177656465
473 -63.57681112 0.1139622843
474 -64.22072742 0.1103001466
475 -64.85803466 0.1067760035
476 -65.48831719 0.103386898
477 -66.11110204 0.1001301001
478 -66.72586414 0.09700305786
479 -67.33203319 0.09400334607
480 -67.92900215 0.09112861649
481 -68.51613699 0.08837655027
482 -69.09278735 0.08574481479
483 -69.65829781 0.08323102632
484 -70.21201927 0.08083271934
485 -70.75332023 0.0785473233
486 -71.28159743 0.0763721469
487 -71.79628572 0.07430436979
488 -72.29686675 0.07234104119
489 -72.78287644 0.07047908469
490 -73.25391094 0.06871530831
491 -73.70963115 0.06704641879
492 -74.14976574 0.06546903909
493 -74.57411268 0.063979728
494 -74.98253943 0.062575001
495 -75.37498192 0.06125135139
496 -75.7514424 0.06000527108
497 -76.11198636 0.05883327044
498 -76.45673878 0.05773189667
499 -76.7858797 0.05669775048
500 -77.0996394 0.05572750084
501 -77.39829335 0.05481789773
502 -77.68215694 0.05396578277
503 -77.95158025 0.0531680979
504 -78.2069429 0.05242189222
505 -78.44864905 0.05172432696
506 -78.67712259 0.05107267895
507 -78.8928027 0.0504643426
508 -79.09613965 0.04989683066
509 -79.28759098 0.04936777387
510 -79.46761802 0.04887491967
511 -79.63668275 0.04841613025
512 -79.79524506 0.0479893798
513 -79.94376027 0.0475927514
514 -80.08267709 0.04722443349
515 -80.21243578 0.046882716
516 -80.33346664 0.04656598634
517 -80.44618878 0.04627272522
518 -80.55100914 0.04600150243
519 -80.64832165 0.04575097262
520 -80.7385067 0.045519871
521 -80.82193068 0.04530700931
522 -80.89894578 0.04511127163
523 -80.96988981 0.04493161052
524 -81.03508621 0.04476704316
525 -81.09484417 0.04461664768
