0 -11.09118539 0.8340925182
1 -11.18800344 0.8326058472
2 -11.28475366 0.8311137242
3 -11.38149285 0.8296153146
4 -11.47827235 0.8281098563
5 -11.57513872 0.8265966509
6 -11.67213439 0.8250750548
7 -11.76929819 0.8235444724
8 -11.86666587 0.8220043491
9 -11.96427049 0.8204541664
10 -12.06214278 0.8188934359
11 -12.16031152 0.8173216957
12 -12.25880379 0.8157385057
13 -12.35764524 0.8141434444
14 -12.45686029 0.8125361056
15 -12.55647239 0.8109160958
16 -12.65650415 0.809283031
17 -12.7569775 0.807636535
18 -12.85791389 0.8059762371
19 -12.95933435 0.8043017698
20 -13.06125966 0.8026127677
21 -13.16371043 0.8009088654
22 -13.26670722 0.7991896959
23 -13.37027059 0.7974548898
24 -13.47442124 0.7957040732
25 -13.57918007 0.793936867
26 -13.6845682 0.7921528857
27 -13.79060714 0.7903517357
28 -13.89731876 0.788533015
29 -14.00472543 0.7866963114
30 -14.11285002 0.784841202
31 -14.22171602 0.7829672516
32 -14.33134756 0.7810740123
33 -14.44176947 0.7791610219
34 -14.55300738 0.7772278029
35 -14.66508773 0.775273862
36 -14.77803787 0.7732986881
37 -14.89188611 0.7713017521
38 -15.00666177 0.7692825049
39 -15.12239528 0.7672403769
40 -15.23911822 0.7651747763
41 -15.3568634 0.7630850881
42 -15.47566494 0.7609706727
43 -15.59555835 0.7588308643
44 -15.7165806 0.7566649696
45 -15.83877022 0.7544722663
46 -15.96216738 0.7522520016
47 -16.086814 0.7500033902
48 -16.21275381 0.7477256126
49 -16.34003254 0.7454178134
50 -16.46869793 0.7430790992
51 -16.59879994 0.7407085366
52 -16.73039082 0.7383051499
53 -16.86352525 0.7358679187
54 -16.99826054 0.7333957757
55 -17.13465668 0.730887604
56 -17.27277661 0.7283422343
57 -17.41268632 0.725758442
58 -17.55445506 0.7231349444
59 -17.69815551 0.7204703971
60 -17.84386403 0.7177633911
61 -17.99166085 0.7150124487
62 -18.14163031 0.7122160204
63 -18.29386109 0.7093724803
64 -18.44844652 0.7064801225
65 -18.60548481 0.7035371562
66 -18.76507938 0.7005417018
67 -18.92733917 0.6974917858
68 -19.09237897 0.6943853358
69 -19.26031978 0.6912201754
70 -19.4312892 0.6879940192
71 -19.60542179 0.6847044668
72 -19.78285952 0.6813489975
73 -19.96375223 0.6779249642
74 -20.14825804 0.674429588
75 -20.33654391 0.6708599519
76 -20.52878607 0.6672129949
77 -20.72517063 0.6634855064
78 -20.92589408 0.6596741204
79 -21.13116389 0.6557753099
80 -21.34119908 0.6517853824
81 -21.55623083 0.6477004747
82 -21.77650308 0.6435165499
83 -22.00227315 0.6392293941
84 -22.23381233 0.6348346151
85 -22.47140647 0.6303276418
86 -22.71535656 0.6257037266
87 -22.96597922 0.6209579486
88 -23.22360718 0.6160852205
89 -23.48858968 0.6110802986
90 -23.76129273 0.6059377956
91 -24.04209927 0.6006521992
92 -24.33140918 0.5952178944
93 -24.62963909 0.5896291931
94 -24.93722193 0.5838803686
95 -25.2546062 0.5779656991
96 -25.58225495 0.571879519
97 -25.92064435 0.5656162793
98 -26.27026175 0.5591706177
99 -26.63160336 0.5525374404
100 -27.00517123 0.5457120139
101 -27.39146973 0.5386900693
102 -27.79100121 0.531467917
103 -28.20426107 0.5240425734
104 -28.63173199 0.5164118966
105 -29.07387738 0.5085747312
106 -29.53113413 0.5005310585
107 -30.00390462 0.4922821492
108 -30.49254803 0.4838307157
109 -30.99737126 0.4751810571
110 -31.51861943 0.4663391923
111 -32.05646626 0.4573129758
112 -32.61100466 0.4481121865
113 -33.18223772 0.4387485855
114 -33.7700706 0.4292359345
115 -34.37430356 0.419589969
116 -34.9946266 0.4098283223
117 -35.63061602 0.3999703962
118 -36.28173329 0.3900371786
119 -36.94732639 0.3800510093
120 -37.62663387 0.3700352983
121 -38.31879167 0.3600142048
122 -39.02284258 0.3500122849
123 -39.73774823 0.3400541217
124 -40.4624032 0.330163949
125 -41.19565095 0.320365283
126 -41.93630086 0.3106805759
127 -42.68314605 0.3011309014
128 -43.43498117 0.2917356847
129 -44.19061976 0.2825124824
130 -44.94891051 0.2734768185
131 -45.70875203 0.2646420786
132 -46.46910571 0.25601946
133 -47.2290065 0.2476179763
134 -47.98757129 0.2394445103
135 -48.74400495 0.2315039085
136 -49.49760392 0.2237991101
137 -50.2477576 0.2163313033
138 -50.99394757 0.2091000996
139 -51.73574478 0.2021037209
140 -52.47280509 0.1953391913
141 -53.20486323 0.1888025292
142 -53.93172541 0.1824889349
143 -54.65326087 0.1763929695
144 -55.36939251 0.1705087229
145 -56.08008681 0.1648299685
146 -56.78534322 0.159350304
147 -57.48518322 0.1540632757
148 -58.17963925 0.1489624877
149 -58.86874362 0.1440416947
150 -59.55251772 0.1392948785
151 -60.2309617 0.1347163087
152 -60.90404478 0.1303005877
153 -61.57169652 0.1260426802
154 -62.23379925 0.121937929
155 -62.8901819 0.1179820563
156 -63.54061537 0.1141711531
157 -64.18480981 0.1105016568
158 -64.82241365 0.1069703197
159 -65.45301476 0.1035741694
160 -66.07614357 0.1003104632
161 -66.69127805 0.09717663894
162 -67.29785061 0.09417026425
163 -67.89525642 0.09128898651
164 -68.48286315 0.08853048506
165 -69.06002156 0.08589242788
166 -69.62607672 0.08337243385
167 -70.18037943 0.08096804176
168 -70.72229745 0.07867668664
169 -71.25122622 0.0764956836
170 -71.76659876 0.07442221919
171 -72.2678944 0.07245334963
172 -72.75464634 0.07058600526
173 -73.22644771 0.06881700034
174 -73.68295609 0.06714304714
175 -74.1238967 0.06556077323
176 -74.54906392 0.06406674102
177 -74.95832163 0.06265746853
178 -75.35160218 0.06132945052
179 -75.72890436 0.06007917929
180 -76.09029035 0.05890316459
181 -76.43588198 0.05779795203
182 -76.76585633 0.0567601399
183 -77.080441 0.05578639401
184 -77.379909 0.05487346045
185 -77.66457351 0.05401817646
186 -77.9347827 0.05321747914
187 -78.19091449 0.05246841237
188 -78.4333716 0.05176813193
189 -78.66257674 0.05111390897
190 -78.87896813 0.05050313215
191 -79.08299527 0.04993330839
192 -79.27511514 0.0494020626
193 -79.45578869 0.04890713648
194 -79.62547769 0.04844638653
195 -79.78464192 0.0480177814
196 -79.93373679 0.04761939878
197 -80.07321116 0.04724942186
198 -80.20350553 0.04690613554
199 -80.32505057 0.04658792237
200 -80.4382658 0.04629325841
201 -80.54355863 0.04602070902
202 -80.6413235 0.04576892457
203 -80.73194136 0.04553663629
204 -80.81577921 0.04532265204
205 -80.89318981 0.04512585231
206 -80.96451162 0.04494518619
207 -81.0300687 0.04477966762
208 -81.09017088 0.04462837165
209 -81.14511386 0.04449043092
210 -81.19517951 0.04436503225
211 -81.24063614 0.04425141346
212 -81.28173886 0.04414886023
213 -81.31872995 0.04405670323
214 -81.35183931 0.04397431536
215 -81.38128486 0.0439011091
216 -81.40727301 0.04383653406
217 -81.42999913 0.04378007466
218 -81.44964797 0.04373124795
219 -81.46639418 0.04368960149
220 -81.48040273 0.04365471149
221 -81.49182938 0.04362618092
222 -81.50082112 0.04360363784
223 -81.50751661 0.04358673378
224 -81.51204658 0.04357514227
225 -81.51453427 0.04356855738
226 -81.51509582 0.04356669242
227 -81.51384059 0.04356927875
228 -81.51087162 0.04357606457
229 -81.50628592 0.04358681384
230 -81.50017478 0.04360130532
231 -81.49262415 0.04361933158
232 -81.48371492 0.04364069812
233 -81.47352317 0.04366522257
234 -81.4621205 0.0436927339
235 -81.44957426 0.0437230717
236 -81.43594777 0.0437560855
237 -81.42130062 0.04379163416
238 -81.40568883 0.04382958524
239 -81.38916509 0.04386981453
240 -81.37177892 0.04391220543
241 -81.35357692 0.04395664855
242 -81.33460286 0.04400304124
243 -81.31489792 0.04405128716
244 -81.29450081 0.04410129588
245 -81.2734479 0.04415298255
246 -81.2517734 0.04420626753
247 -81.22950946 0.04426107606
248 -81.20668629 0.04431733798
249 -81.18333228 0.04437498745
250 -81.15947411 0.0444339627
251 -81.13513687 0.04449420575
252 -81.1103441 0.04455566219
253 -81.08511794 0.04461828101
254 -81.05947918 0.04468201434
255 -81.03344734 0.0447468173
256 -81.00704076 0.04481264781
257 -80.98027664 0.04487946644
258 -80.95317114 0.04494723623
259 -80.92573941 0.04501592258
260 -80.89799568 0.04508549309
261 -80.86995328 0.04515591745
262 -80.84162472 0.04522716732
263 -80.8130217 0.04529921621
264 -80.7841552 0.04537203937
265 -80.75503548 0.04544561373
266 -80.72567215 0.04551991778
267 -80.69607419 0.04559493149
268 -80.66624999 0.04567063622
269 -80.63620739 0.04574701467
270 -80.60595368 0.04582405082
271 -80.57549566 0.04590172981
272 -80.54483966 0.04598003793
273 -80.51399156 0.04605896256
274 -80.48295681 0.04613849207
275 -80.45174046 0.04621861585
276 -80.42034717 0.04629932419
277 -80.38878125 0.04638060826
278 -80.35704665 0.0464624601
279 -80.32514699 0.04654487254
280 -80.29308558 0.04662783919
281 -80.26086543 0.04671135442
282 -80.22848915 0.04679541352
283 -80.19595815 0.04688001444
284 -80.16326479 0.04696517463
285 -80.13031811 0.04705108988
286 -80.09624366 0.04713963595
287 -80.05278132 0.04724855409
288 -79.92205987 0.04754579874
289 -78.97075219 0.04965488402
290 -70.33818961 0.07258042576
291 1.926685708 0.6577015801
292 38.27118649 0.9998345199
293 38.36387435 0.9999406695
294 36.87247428 0.9999230908
295 34.49750201 0.9998817707
296 31.47928364 0.999794477
297 28.1110059 0.9996183888
298 24.63990022 0.9992796632
299 21.2293568 0.9986628642
300 17.97491903 0.9976062334
301 14.93014099 0.995910866
302 12.12464956 0.9933703014
303 9.573397481 0.989818352
304 7.28060203 0.9851799139
305 5.241549842 0.9795021099
306 3.444101836 0.9729502546
307 1.870541935 0.9657712545
308 0.4996823196 0.958242196
309 -0.6911236555 0.9506240859
310 -1.724354111 0.9431323205
311 -2.62119767 0.9359252101
312 -3.400910713 0.9291057579
313 -4.08054771 0.9227305282
314 -4.674943923 0.9168207711
315 -5.196847385 0.911372952
316 -5.657125213 0.9063674419
317 -6.064995605 0.9017751021
318 -6.42825697 0.897561975
319 -6.75349935 0.8936924581
320 -7.046291808 0.8901313465
321 -7.311344408 0.8868450685
322 -7.552646021 0.8838023705
323 -7.773580404 0.8809746346
324 -7.977023383 0.8783359611
325 -8.165423952 0.8758631074
326 -8.340871846 0.8735353423
327 -8.505153848 0.8713342566
328 -8.659800746 0.869243556
329 -8.806126538 0.8672488512
330 -8.94526125 0.8653374556
331 -9.078178444 0.8634981963
332 -9.20571834 0.8617212395
333 -9.328607299 0.8599979331
334 -9.447474272 0.8583206651
335 -9.562864726 0.8566827372
336 -9.675252454 0.8550782531
337 -9.785049623 0.85350202
338 -9.892615332 0.8519494608
339 -9.99826292 0.8504165384
340 -10.10226621 0.8488996881
341 -10.20486488 0.8473957592
342 -10.30626904 0.8459019629
343 -10.40666321 0.8444158278
344 -10.5062097 0.8429351599
345 -10.60505156 0.8414580083
346 -10.70331512 0.8399826347
347 -10.80111217 0.8385074871
348 -10.89854187 0.8370311765
349 -10.99569238 0.8355524566
350 -11.09264231 0.8340702056
351 -11.18946195 0.832583411
352 -11.28621435 0.8310911558
353 -11.38295627 0.8295926058
354 -11.47973899 0.8280869997
355 -11.57660903 0.8265736396
356 -11.67360878 0.8250518824
357 -11.77077707 0.8235211326
358 -11.8681496 0.8219808362
359 -11.9657594 0.8204304747
360 -12.06363721 0.8188695601
361 -12.16181178 0.8172976306
362 -12.26031019 0.8157142462
363 -12.35915806 0.8141189856
364 -12.45837982 0.8125114427
365 -12.55799891 0.8108912239
366 -12.65803793 0.8092579452
367 -12.75851882 0.8076112306
368 -12.85946302 0.8059507091
369 -12.96089157 0.8042760135
370 -13.06282524 0.8025867781
371 -13.16528465 0.8008826374
372 -13.26829035 0.7991632244
373 -13.37186292 0.7974281696
374 -13.47602307 0.795677099
375 -13.58079168 0.7939096334
376 -13.68618991 0.7921253869
377 -13.79223925 0.7903239661
378 -13.8989616 0.7885049686
379 -14.00637933 0.786667982
380 -14.11451532 0.7848125833
381 -14.22339307 0.7829383371
382 -14.33303671 0.7810447952
383 -14.44347112 0.7791314951
384 -14.5547219 0.7771979592
385 -14.66681553 0.7752436937
386 -14.77977937 0.7732681875
387 -14.89364175 0.771270911
388 -15.008432 0.7692513148
389 -15.12418056 0.767208829
390 -15.24091905 0.7651428614
391 -15.35868028 0.7630527968
392 -15.4774984 0.7609379949
393 -15.59740895 0.7587977896
394 -15.71844891 0.7566314873
395 -15.84065685 0.7544383651
396 -15.96407295 0.7522176698
397 -16.08873915 0.7499686154
398 -16.21469925 0.747690382
399 -16.34199897 0.7453821136
400 -16.4706861 0.7430429163
401 -16.60081064 0.7406718559
402 -16.73242486 0.7382679561
403 -16.8655835 0.7358301958
404 -17.00034389 0.733357507
405 -17.13676608 0.7308487719
406 -17.27491305 0.7283028204
407 -17.41485083 0.725718427
408 -17.55664873 0.7230943082
409 -17.70037949 0.7204291186
410 -17.84611952 0.717721448
411 -17.99394912 0.714969818
412 -18.14395268 0.7121726775
413 -18.29621896 0.7093283997
414 -18.45084136 0.7064352772
415 -18.60791817 0.7034915181
416 -18.76755289 0.7004952413
417 -18.92985456 0.6974444718
418 -19.09493804 0.6943371356
419 -19.26292445 0.6911710548
420 -19.43394148 0.6879439421
421 -19.6081238 0.6846533954
422 -19.78561351 0.6812968921
423 -19.96656056 0.6778717831
424 -20.15112322 0.6743752874
425 -20.33946856 0.6708044858
426 -20.53177299 0.6671563151
427 -20.72822276 0.6634275623
428 -20.92901453 0.6596148591
429 -21.13435593 0.6557146758
430 -21.34446617 0.6517233174
431 -21.55957663 0.6476369181
432 -21.77993144 0.6434514382
433 -22.00578813 0.6391626612
434 -22.23741821 0.6347661919
435 -22.47510777 0.6302574568
436 -22.71915803 0.6256317053
437 -22.96988586 0.620884014
438 -23.22762423 0.6160092932
439 -23.49272264 0.6110022967
440 -23.76554736 0.6058576353
441 -24.04648159 0.6005697947
442 -24.33592547 0.5951331589
443 -24.63429589 0.5895420385
444 -24.94202602 0.5837907068
445 -25.2595646 0.5778734424
446 -25.58737489 0.5717845811
447 -25.92593324 0.5655185759
448 -26.27572716 0.5590700683
449 -26.63725298 0.5524339691
450 -27.01101282 0.5456055513
451 -27.39751103 0.5385805539
452 -27.79724991 0.5313552972
453 -28.21072471 0.5239268094
454 -28.63841786 0.5162929628
455 -29.08079242 0.5084526183
456 -29.53828482 0.5004057757
457 -30.01129683 0.492153727
458 -30.5001869 0.4836992078
459 -31.00526107 0.4750465425
460 -31.5267634 0.4662017778
461 -32.06486647 0.4571727968
462 -32.61966185 0.4479694088
463 -33.1911512 0.4386034056
464 -33.77923812 0.4290885794
465 -34.38372119 0.4194406959
466 -35.00428869 0.4096774165
467 -35.64051517 0.399818169
468 -36.29186032 0.3898839639
469 -36.9576704 0.3798971599
470 -37.63718233 0.3698811809
471 -38.32953054 0.359860195
472 -39.03375646 0.3498587616
473 -39.74882059 0.3399014612
474 -40.47361661 0.3300125193
475 -41.20698729 0.3202154384
476 -41.94774166 0.3105326517
477 -42.6946727 0.3009852096
478 -43.44657524 0.2915925099
479 -44.20226324 0.2823720791
480 -44.96058604 0.273339409
481 -45.72044312 0.2645078518
482 -46.48079695 0.255888571
483 -47.24068366 0.247490547
484 -47.99922146 0.2393206303
485 -48.75561661 0.2313836371
486 -49.50916696 0.2236824785
487 -50.25926337 0.216218317
488 -51.00538879 0.2089907413
489 -51.74711553 0.2019979535
490 -52.48410071 0.1952369605
491 -53.21608021 0.1887037671
492 -53.94286129 0.1823935622
493 -54.66431408 0.1763008985
494 -55.38036223 0.1704198598
495 -56.09097281 0.164744216
496 -56.79614569 0.1592675627
497 -57.49590261 0.1539834466
498 -58.19027608 0.1488854735
499 -58.87929832 0.1439674009
500 -59.5629905 0.1392232147
501 -60.24135233 0.1346471892
502 -60.9143525 0.1302339323
503 -61.58191989 0.1259784144
504 -62.24393606 0.1218759841
505 -62.90022907 0.1179223695
506 -63.55056892 0.114113667
507 -64.19466479 0.1104463192
508 -64.83216417 0.106917083
509 -65.46265403 0.1035229898
510 -66.08566394 0.1002612999
511 -66.70067112 0.09712945377
512 -67.30710733 0.09412502055
513 -67.90436725 0.09124564846
514 -68.49181821 0.08848901699
515 -69.06881079 0.08585279363
516 -69.63469006 0.08333459624
517 -70.188807 0.08093196219
518 -70.73052972 0.07864232473
519 -71.25925417 0.07646299708
520 -71.774414 0.07439116378
521 -72.27548933 0.07242387904
522 -72.76201425 0.07055807134
523 -73.23358283 0.06879055325
524 -73.68985368 0.06711803561
525 -74.13055307 0.06553714482
