0 -79.5243152 0.048753508
1 -76.23408748 0.05701831654
2 -71.8341448 0.07174921112
3 -65.66424219 0.0974553626
4 -45.86588403 0.2075087217
5 39.4847035 0.9966917687
6 38.31815474 0.9999404825
7 36.29949899 0.9999153633
8 33.06164513 0.999848411
9 28.82588482 0.9996728179
10 24.08158543 0.9992258307
11 19.28295765 0.9981668512
12 14.72351388 0.9959096574
13 10.55698033 0.9916636468
14 6.849922694 0.9846649584
15 3.616964494 0.9745290593
16 0.8385215297 0.961480823
17 -1.527884331 0.9462716571
18 -3.53704469 0.9298660523
19 -5.246576296 0.9131367212
20 -6.710304104 0.8967121796
21 -7.974938615 0.8809652857
22 -9.079227819 0.8660700073
23 -10.05448993 0.8520697518
24 -10.92570708 0.8389324673
25 -11.71271567 0.8265878898
26 -12.43128331 0.8149501723
27 -13.0940045 0.8039305382
28 -13.71101373 0.7934437623
29 -14.29054029 0.7834110683
30 -14.83933526 0.7737610554
31 -15.36299874 0.7644296038
32 -15.8662309 0.7553592965
33 -16.35302524 0.7464986502
34 -16.82681831 0.7378013094
35 -17.29060651 0.7292252804
36 -17.74703787 0.7207322362
37 -18.19848495 0.7122869062
38 -18.64710304 0.7038565494
39 -19.09487709 0.6954105068
40 -19.54365985 0.6869198273
41 -19.99520288 0.6783569615
42 -20.451182 0.6696955175
43 -20.91321787 0.660910077
44 -21.3828927 0.6519760692
45 -21.86176323 0.6428697018
46 -22.35137055 0.6335679514
47 -22.85324661 0.6240486146
48 -23.36891761 0.6142904233
49 -23.89990413 0.6042732279
50 -24.44771763 0.5939782502
51 -25.01385348 0.5833884102
52 -25.59977983 0.5724887243
53 -26.20692247 0.5612667738
54 -26.83664542 0.5497132342
55 -27.4902272 0.5378224542
56 -28.16883316 0.5255930621
57 -28.87348431 0.5130285734
58 -29.60502345 0.5001379639
59 -30.36407995 0.4869361661
60 -31.1510347 0.4734444423
61 -31.96598727 0.4596905853
62 -32.8087276 0.4457089011
63 -33.67871448 0.4315399374
64 -34.57506332 0.4172299342
65 -35.49654502 0.402829992
66 -36.44159759 0.3883949799
67 -37.40835083 0.373982224
68 -38.39466402 0.3596500432
69 -39.39817487 0.3454562153
70 -40.41635769 0.3314564634
71 -41.44658727 0.3177030537
72 -42.48620512 0.3042435866
73 -43.53258407 0.2911200404
74 -44.58318786 0.2783681099
75 -45.63562263 0.2660168498
76 -46.68767819 0.2540886137
77 -47.73735769 0.2425992564
78 -48.78289524 0.2315585538
79 -49.82276194 0.2209707876
80 -50.855661 0.2108354391
81 -51.88051376 0.20114794
82 -52.89643784 0.191900435
83 -53.90271959 0.1830825195
84 -54.89878239 0.1746819233
85 -55.88415265 0.1666851225
86 -56.8584251 0.1590778662
87 -57.82122881 0.1518456141
88 -58.77219545 0.1449738831
89 -59.71093083 0.138448508
90 -60.63699089 0.1322558208
91 -61.54986299 0.1263827584
92 -62.44895317 0.1208169089
93 -63.3335798 0.1155465062
94 -64.20297362 0.1105603858
95 -65.05628418 0.1058479124
96 -65.89259199 0.1013988918
97 -66.7109256 0.09720347534
98 -67.51028259 0.09325206797
99 -68.28965321 0.08953524543
100 -69.04804529 0.08604368641
101 -69.78450915 0.08276812276
102 -70.49816124 0.07969930876
103 -71.18820547 0.07682800906
104 -71.85395136 0.07414500327
105 -72.4948285 0.07164110462
106 -73.11039691 0.0693071891
107 -73.7003533 0.06713423172
108 -74.26453337 0.06511334663
109 -74.80291044 0.06323582798
110 -75.31559091 0.06149318914
111 -75.80280696 0.05987719861
112 -76.26490723 0.058379911
113 -76.70234588 0.05699369257
114 -77.11567061 0.05571124099
115 -77.50551014 0.05452559921
116 -74.28594899 0.06337269889
117 -69.86002547 0.07958402088
118 -63.37500431 0.1090565504
119 -40.29363008 0.2524953379
120 39.36542575 0.9981067617
121 38.00352364 0.9999372939
122 35.73668139 0.9999064031
123 32.2738332 0.999825124
124 27.91421225 0.9996136745
125 23.15560364 0.9990843457
126 18.41659229 0.9978602855
127 13.95293608 0.9953225018
128 9.893403887 0.9906794602
129 6.290535137 0.9832194181
130 3.151293909 0.9726478811
131 0.4521945665 0.9592686395
132 -1.85045266 0.9438611474
133 -3.810695036 0.9273677847
134 -5.484269763 0.9106162108
135 -6.922730256 0.89419191
136 -8.170610244 0.8784376106
137 -9.264802148 0.8635103882
138 -10.23514425 0.8494462981
139 -11.10548423 0.8362115848
140 -11.89481002 0.8237371082
141 -12.61826534 0.8119392492
142 -13.28799251 0.8007316307
143 -13.91380359 0.7900311446
144 -14.50370354 0.7797606654
145 -15.06429368 0.7698499281
146 -15.60108174 0.7602354503
147 -16.11872059 0.7508599948
148 -16.62119256 0.7416718473
149 -17.11195282 0.732624056
150 -17.5940417 0.7236737041
151 -18.07017338 0.7147812491
152 -18.54280649 0.7059099416
153 -19.01420091 0.6970253248
154 -19.48646363 0.6880948128
155 -19.96158604 0.6790873441
156 -20.44147437 0.6699731069
157 -20.92797427 0.6607233336
158 -21.4228906 0.6513101648
159 -21.92800274 0.6417065843
160 -22.4450758 0.6318864271
161 -22.97586785 0.6218244648
162 -23.52213306 0.6114965752
163 -24.08562049 0.6008799987
164 -24.66806841 0.5899536876
165 -25.27119359 0.5786987515
166 -25.89667545 0.567098995
167 -26.54613466 0.555141545
168 -27.22110618 0.5428175507
169 -27.92300692 0.5301229354
170 -28.65309847 0.5170591674
171 -29.41244596 0.5036340039
172 -30.20187454 0.4898621555
173 -31.02192549 0.475765807
174 -31.87281464 0.4613749278
175 -32.7543961 0.4467273101
176 -33.66613451 0.4318682785
177 -34.60708902 0.4168500399
178 -35.57591167 0.4017306647
179 -36.5708622 0.386572726
180 -37.58983982 0.3714416562
181 -38.63043155 0.3564039119
182 -39.68997479 0.3415250618
183 -40.76563091 0.3268679214
184 -41.85446511 0.3124908569
185 -42.95352781 0.2984463623
186 -44.05993219 0.2847799861
187 -45.17092357 0.2715296486
188 -46.28393677 0.258725356
189 -47.39663895 0.2463892832
190 -48.50695671 0.2345361731
191 -49.61308734 0.2231739846
192 -50.7134951 0.2123047136
193 -51.80689428 0.2019253138
194 -52.89222126 0.1920286508
195 -53.96859792 0.182604434
196 -55.03528928 0.1736400841
197 -56.09165767 0.1651215044
198 -57.13711626 0.1570337393
199 -58.17108418 0.1493615066
200 -59.19294562 0.1420896065
201 -60.20201488 0.1352032089
202 -61.1975091 0.1286880299
203 -62.17853016 0.1225304128
204 -63.14405647 0.1167173287
205 -64.09294517 0.1112363166
206 -65.02394416 0.1060753825
207 -65.93571336 0.1012228757
208 -66.82685329 0.09666736129
209 -67.69593938 0.09239750144
210 -68.54155934 0.08840195876
211 -69.36235159 0.08466932721
212 -70.15704211 0.08118809477
213 -70.92447805 0.07794663714
214 -71.66365629 0.07493323946
215 -72.37374588 0.07213614066
216 -73.05410392 0.06954359451
217 -73.7042846 0.06714394044
218 -74.32404176 0.0649256785
219 -74.91332561 0.06287754282
220 -75.4722744 0.06098856981
221 -76.00120203 0.05924815796
222 -76.50058256 0.05764611763
223 -76.97103266 0.05617270998
224 -77.41329275 0.05481867498
225 -77.82820774 0.05357524925
226 -78.21670799 0.05243417456
227 -78.57979097 0.0513876982
228 -78.91850394 0.05042856663
229 -79.23392822 0.04955001354
230 -79.52716475 0.04874574367
231 -76.23673554 0.05701005068
232 -71.83669659 0.07173948053
233 -65.66694051 0.09744213763
234 -45.86978367 0.2074758121
235 39.48499094 0.996691307
236 38.31855829 0.9999404866
237 36.300253 0.9999153747
238 33.06277142 0.9998484418
239 28.82729466 0.9996729014
240 24.08315446 0.9992260488
241 19.28458616 0.9981673781
242 14.72513776 0.9959107987
243 10.55856054 0.9916658298
244 6.851435565 0.9846686346
245 3.618397679 0.9745345495
246 0.8398727785 0.9614882137
247 -1.526608751 0.9462808196
248 -3.535832707 0.9298767491
249 -5.24541304 0.9131487118
250 -6.709174266 0.8967252788
251 -7.973827852 0.8809793772
252 -9.078123373 0.8660850341
253 -10.05338075 0.8520857004
254 -10.92458367 0.8389493529
255 -11.71156988 0.8266057458
256 -12.43010806 0.8149690428
257 -13.09279355 0.8039504743
258 -13.70976145 0.7934648194
259 -14.28924152 0.7834333049
260 -14.83798516 0.7737845325
261 -15.36159266 0.7644543851
262 -15.86476428 0.7553854481
263 -16.35149355 0.746526241
264 -16.82521696 0.7378304118
265 -17.2889308 0.7292559699
266 -17.74528295 0.7207645922
267 -18.19664575 0.7123210123
268 -18.64517423 0.7038924934
269 -19.09285308 0.695448381
270 -19.54153471 0.6869597284
271 -19.99297035 0.6783989907
272 -20.44883543 0.6697397801
273 -20.91075026 0.6609566824
274 -21.38029661 0.6520251298
275 -21.85903087 0.6429213326
276 -22.3484937 0.6336222686
277 -22.85021669 0.6241057342
278 -23.36572572 0.6143504592
279 -23.89654108 0.6043362895
280 -24.44417403 0.5940444398
281 -25.01011983 0.5834578193
282 -25.59584666 0.5725614302
283 -26.20278049 0.5613428347
284 -26.8322857 0.5497926852
285 -27.4856414 0.5379053017
286 -28.16401376 0.5256792787
287 -28.86842488 0.513118093
288 -29.59971896 0.5002306771
289 -30.35852704 0.4870319162
290 -31.14523196 0.4735430227
291 -31.95993552 0.4597917381
292 -32.80243007 0.445812318
293 -33.67217701 0.4316452624
294 -34.5682944 0.4173367683
295 -35.4895558 0.402937901
296 -36.43440173 0.3885035033
297 -37.40096433 0.3740908856
298 -38.38710483 0.3597583632
299 -39.39046255 0.3455637222
300 -40.4085129 0.3315627055
301 -41.43863131 0.3178076101
302 -42.47815939 0.3043460753
303 -43.52446959 0.2912201258
304 -44.57502483 0.2784655065
305 -45.62743009 0.2661113247
306 -46.67947371 0.2541799861
307 -47.72915719 0.2426873954
308 -48.77471291 0.2316433747
309 -49.81461018 0.2210522475
310 -50.84755057 0.2109135306
311 -51.87245384 0.201222686
312 -52.88843627 0.1919718827
313 -53.89478309 0.1831507345
314 -54.89091681 0.1747469851
315 -55.87636325 0.1667471196
316 -56.85071679 0.1591368926
317 -57.81360643 0.1519017661
318 -58.76466397 0.1450272571
319 -59.70349557 0.1384991985
320 -60.62965765 0.1323039194
321 -61.54263817 0.1264283536
322 -62.44184382 0.1208600854
323 -63.32659358 0.1155873455
324 -64.19611879 0.1105989666
325 -65.04956949 0.1058843111
326 -65.88602651 0.1014331832
327 -66.70451857 0.09723573342
328 -67.50404321 0.09328236649
329 -68.28359043 0.08956365832
330 -69.04216759 0.08607028816
331 -69.77882435 0.08279298859
332 -70.49267631 0.07972251461
333 -71.18292639 0.07684963147
334 -71.84888301 0.07416511915
335 -72.48997455 0.07165979086
336 -73.10575978 0.06932452222
337 -73.69593417 0.06715028743
338 -74.26033217 0.06512819938
339 -74.79892593 0.06324955058
340 -75.31182071 0.06150585238
341 -75.79924768 0.05988887093
342 -76.26155456 0.05839065822
343 -76.69919468 0.05700357771
344 -77.11271507 0.05572032409
345 -77.50274385 0.05453393724
