0 -53.99970705 0.1819124971
1 -54.72471187 0.175803428
2 -55.44424545 0.1699078359
3 -56.15827393 0.1642193931
4 -56.86679543 0.1587316074
5 -57.56982897 0.1534379469
6 -58.26740317 0.1483319492
7 -58.95954504 0.1434073135
8 -59.64626911 0.1386579764
9 -60.32756702 0.1340781716
10 -61.00339792 0.1296624727
11 -61.67367975 0.1254058214
12 -62.33828193 0.1213035411
13 -62.9970193 0.1173513358
14 -63.64964791 0.1135452775
15 -64.29586252 0.1098817819
16 -64.93529617 0.1063575744
17 -65.56752171 0.1029696496
18 -66.19205535 0.09971522366
19 -66.80836219 0.09659168499
20 -67.41586343 0.09359654273
21 -68.01394521 0.09072737674
22 -68.60196854 0.08798179051
23 -69.17928027 0.0853573687
24 -69.7452244 0.08285164073
25 -70.29915357 0.08046205134
26 -70.84044033 0.07818593858
27 -71.36848769 0.07602051955
28 -71.88273887 0.07396288345
29 -72.38268578 0.0720099915
30 -72.86787624 0.0701586829
31 -73.33791971 0.06840568596
32 -73.79249147 0.06674763317
33 -74.23133537 0.06518107932
34 -74.65426506 0.0637025216
35 -75.0611639 0.06230842059
36 -75.45198368 0.06099522151
37 -75.82674221 0.05975937492
38 -76.1855201 0.05859735627
39 -76.52845674 0.05750568403
40 -76.85574582 0.05648093594
41 -77.16763036 0.05551976326
42 -77.46439756 0.05461890311
43 -77.74637354 0.05377518853
44 -78.01391803 0.05298555675
45 -78.26741927 0.05224705543
46 -78.50728897 0.0515568473
47 -78.73395757 0.0509122131
48 -78.94786984 0.05031055321
49 -79.14948075 0.04974938802
50 -79.33925166 0.04922635728
51 -79.51764694 0.0487392185
52 -79.68513093 0.04828584472
53 -79.84216519 0.0478642216
54 -79.98920617 0.04747244406
55 -80.12670318 0.04710871259
56 -80.25509661 0.04677132924
57 -80.37481656 0.04645869352
58 -80.48628155 0.04616929808
59 -80.58989766 0.04590172445
60 -80.68605774 0.04565463869
61 -80.77514091 0.04542678714
62 -80.85751213 0.04521699225
63 -80.93352202 0.04502414844
64 -81.00350676 0.04484721818
65 -81.06778809 0.0446852281
66 -81.12667346 0.04453726535
67 -81.1804562 0.04440247407
68 -81.22941577 0.04428005196
69 -81.27381812 0.04416924712
70 -81.31391603 0.04406935495
71 -81.34994951 0.0439797153
72 -81.38214623 0.04389970968
73 -81.41072195 0.04382875872
74 -81.43588099 0.04376631967
75 -81.45781662 0.04371188429
76 -81.47671097 0.04366497774
77 -81.49273065 0.04362516634
78 -81.50598356 0.04359214324
79 -81.51612971 0.0435665087
80 -81.51890003 0.0435567551
81 -81.4749896 0.04364178157
82 -81.03223711 0.04453775375
83 -77.05249839 0.05336025104
84 -42.47538878 0.2092306784
85 36.32003829 0.9969376399
86 38.51334249 0.9999412009
87 37.25763138 0.99992826
88 34.91079828 0.9998906998
89 31.72005552 0.9998045141
90 28.01245572 0.999614687
91 24.10816042 0.9992146935
92 20.23760464 0.9984207586
93 16.5421144 0.9969557692
94 13.10236721 0.9944651822
95 9.962066177 0.9905839433
96 7.140904013 0.9850460747
97 4.640659103 0.9777889947
98 2.448912331 0.9689923055
99 0.542776987 0.9590285511
100 -1.106997672 0.9483589593
101 -2.532168767 0.9374298355
102 -3.764013941 0.9266062954
103 -4.831438309 0.916148795
104 -5.760042896 0.9062193459
105 -6.571873929 0.8969014141
106 -7.285577187 0.8882223259
107 -7.916751116 0.8801726726
108 -8.478367788 0.8727210403
109 -8.981189031 0.8658242995
110 -9.43414312 0.8594343624
111 -9.844649578 0.8535023866
112 -10.21889134 0.8479812348
113 -10.56203896 0.8428267969
114 -10.87843351 0.8379985949
115 -11.17173495 0.8334599517
116 -11.44504233 0.8291779077
117 -11.70099113 0.825123
118 -11.94183218 0.8212689761
119 -12.16949593 0.8175924857
120 -12.38564478 0.8140727741
121 -12.59171605 0.8106913932
122 -12.78895722 0.8074319342
123 -12.97845513 0.8042797865
124 -13.16116005 0.8012219224
125 -13.3379059 0.7982467054
126 -13.50942701 0.7953437218
127 -13.67637227 0.7925036324
128 -13.83931704 0.7897180422
129 -13.99877325 0.7869793861
130 -14.15519791 0.784280829
131 -14.30900051 0.7816161779
132 -14.46054918 0.7789798052
133 -14.61017613 0.7763665802
134 -14.75818224 0.7737718103
135 -14.9048411 0.7711911879
136 -15.05040247 0.7686207445
137 -15.19509532 0.7660568092
138 -15.33913047 0.7634959724
139 -15.48270293 0.7609350534
140 -15.6259939 0.7583710717
141 -15.76917265 0.7558012207
142 -15.91239806 0.7532228449
143 -16.05582007 0.7506334191
144 -16.19958097 0.748030529
145 -16.34381651 0.7454118547
146 -16.48865698 0.7427751547
147 -16.63422811 0.7401182519
148 -16.78065195 0.7374390203
149 -16.92804765 0.7347353728
150 -17.0765322 0.7320052502
151 -17.22622108 0.7292466104
152 -17.37722891 0.7264574185
153 -17.52967004 0.7236356372
154 -17.68365915 0.7207792184
155 -17.83931175 0.7178860937
156 -17.99674472 0.7149541671
157 -18.15607686 0.711981306
158 -18.31742934 0.7089653338
159 -18.48092622 0.7059040222
160 -18.64669495 0.7027950834
161 -18.81486687 0.6996361623
162 -18.98557766 0.6964248295
163 -19.15896792 0.6931585735
164 -19.33518363 0.6898347931
165 -19.51437668 0.6864507903
166 -19.69670541 0.6830037622
167 -19.88233516 0.6794907944
168 -20.07143884 0.6759088529
169 -20.2641975 0.672254777
170 -20.46080092 0.668525272
171 -20.66144823 0.6647169025
172 -20.86634853 0.6608260852
173 -21.07572156 0.6568490829
174 -21.2897983 0.6527819981
175 -21.50882166 0.6486207683
176 -21.73304715 0.6443611612
177 -21.96274353 0.6399987715
178 -22.19819343 0.6355290186
179 -22.43969406 0.6309471463
180 -22.68755773 0.6262482244
181 -22.94211242 0.6214271524
182 -23.2037023 0.6164786662
183 -23.4726881 0.6113973484
184 -23.74944742 0.6061776422
185 -24.0343749 0.6008138704
186 -24.32788214 0.5953002591
187 -24.63039756 0.5896309684
188 -24.94236586 0.5838001296
189 -25.26424727 0.5778018903
190 -25.59651639 0.5716304685
191 -25.93966067 0.5652802163
192 -26.29417839 0.558745694
193 -26.66057606 0.5520217553
194 -27.03936533 0.5451036442
195 -27.43105914 0.5379871037
196 -27.83616723 0.5306684966
197 -28.2551908 0.5231449367
198 -28.68861652 0.5154144302
199 -29.1369096 0.5074760257
200 -29.60050622 0.4993299689
201 -30.07980515 0.4909778589
202 -30.57515878 0.4824228031
203 -31.08686369 0.4736695629
204 -31.61515089 0.4647246861
205 -32.16017604 0.4555966182
206 -32.72200993 0.4462957858
207 -33.30062951 0.4368346447
208 -33.89590992 0.4272276863
209 -34.50761783 0.417491396
210 -35.13540654 0.4076441594
211 -35.77881319 0.3977061141
212 -36.43725834 0.3876989462
213 -37.11004826 0.3776456357
214 -37.79637997 0.3675701552
215 -38.49534908 0.3574971297
216 -39.20596031 0.3474514706
217 -39.92714051 0.3374579932
218 -40.65775368 0.3275410344
219 -41.39661766 0.3177240826
220 -42.14252185 0.3080294332
221 -42.89424535 0.298477883
222 -43.65057504 0.2890884709
223 -44.41032283 0.2798782736
224 -45.17234177 0.2708622588
225 -45.93554037 0.2620531977
226 -46.69889493 0.2534616351
227 -47.46145961 0.2450959126
228 -48.22237406 0.2369622385
229 -48.98086858 0.2290647982
230 -49.73626697 0.2214058975
231 -50.48798701 0.2139861288
232 -51.23553886 0.2068045549
233 -51.97852153 0.1998589018
234 -52.71661769 0.1931457554
235 -53.44958692 0.1866607553
236 -54.17725782 0.1803987826
237 -54.89951896 0.1743541382
238 -55.61630909 0.1685207087
239 -56.32760666 0.162892118
240 -57.03341891 0.1574618636
241 -57.73377068 0.1522234372
242 -58.42869319 0.1471704283
243 -59.11821295 0.142296612
244 -59.80234101 0.1375960192
245 -60.48106276 0.1330629919
246 -61.15432865 0.1286922214
247 -61.82204583 0.1244787724
248 -62.48407116 0.1204180922
249 -63.14020574 0.1165060062
250 -63.79019112 0.1127387019
251 -64.43370742 0.1091127017
252 -65.0703734 0.105624827
253 -65.69974853 0.1022721552
254 -66.32133717 0.09905197186
255 -66.93459446 0.0959617202
256 -67.538934 0.09299895009
257 -68.13373697 0.09016126867
258 -68.71836236 0.08744629443
259 -69.29215788 0.08485161635
260 -69.85447143 0.08237475937
261 -70.40466239 0.080013157
262 -70.94211271 0.07776413145
263 -71.46623714 0.07562488138
264 -71.97649266 0.07359247686
265 -72.47238652 0.071663861
266 -72.9534831 0.06983585733
267 -73.41940909 0.068105182
268 -73.86985741 0.06646845975
269 -74.30458941 0.06492224249
270 -74.72343585 0.06346302971
271 -75.12629645 0.06208728946
272 -75.51313835 0.06079147946
273 -75.88399352 0.05957206749
274 -76.23895537 0.05842555046
275 -76.57817461 0.05734847206
276 -76.90185474 0.05633743845
277 -77.21024703 0.05538913199
278 -77.50364543 0.05450032288
279 -77.78238131 0.05366787886
280 -78.04681828 0.05288877283
281 -78.29734711 0.05216008873
282 -78.53438086 0.05147902573
283 -78.75835023 0.05084290083
284 -78.96969925 0.05024915017
285 -79.16888127 0.04969532918
286 -79.35635534 0.04917911169
287 -79.53258284 0.04869828821
288 -79.69802458 0.04825076352
289 -79.85313818 0.0478345537
290 -79.99837583 0.04744778274
291 -80.13418225 0.04708867872
292 -80.26099314 0.04675556992
293 -80.37923372 0.04644688058
294 -80.48931762 0.04616112671
295 -80.59164597 0.0458969118
296 -80.68660676 0.04565292253
297 -80.77457426 0.04542792457
298 -80.85590872 0.04522075843
299 -80.93095614 0.04503033541
300 -81.00004826 0.04485563371
301 -81.0635025 0.04469569465
302 -81.12162218 0.04454961901
303 -81.17469665 0.0444165636
304 -81.22300161 0.04429573792
305 -81.26679934 0.04418640114
306 -81.30633855 0.04408786009
307 -81.34185025 0.04399947568
308 -81.37350778 0.0439207418
309 -81.40106796 0.0438520079
310 -81.42067667 0.04380091883
311 -81.39646072 0.04383973064
312 -81.00801602 0.04462151818
313 -77.41292349 0.05253905677
314 -46.1663722 0.1847276225
315 35.6066003 0.9953935181
316 38.50367137 0.9999407449
317 37.29143259 0.9999286808
318 34.95351702 0.9998915713
319 31.7493635 0.9998056675
320 28.00910258 0.9996147724
321 24.06060868 0.9992087255
322 20.14201575 0.998395456
323 16.40011481 0.9968830148
324 12.91886549 0.9942962436
325 9.743645596 0.9902492308
326 6.894638203 0.984464106
327 4.373208209 0.9768826319
328 2.165900533 0.9677045522
329 0.2484907444 0.9573303477
330 -1.409616266 0.9462472613
331 -2.841330967 0.9349197356
332 -4.078810685 0.923722143
333 -5.151569593 0.9129173406
334 -6.085593745 0.9026656614
335 -6.903148406 0.8930470707
336 -7.622984856 0.8840849891
337 -8.260734374 0.8757664195
338 -8.829358383 0.8680569517
339 -9.339584233 0.860911088
340 -9.800294515 0.8542789301
341 -10.21885963 0.8481102775
342 -10.60141451 0.8423569831
343 -10.95308535 0.836974186
344 -11.27817365 0.8319208444
345 -11.58030508 0.8271598499
