0 -65.21246458 0.1048520216
1 -65.82826911 0.101591199
2 -66.43573245 0.09846113406
3 -67.03431048 0.09545924657
4 -67.6234343 0.09258299741
5 -68.20251962 0.08982984794
6 -68.77097661 0.08719722509
7 -69.32821979 0.0846824929
8 -69.87367776 0.08228293083
9 -70.40680242 0.07999571918
10 -70.92707745 0.07781793113
11 -71.43402587 0.07574653119
12 -71.92721651 0.07377837908
13 -72.40626927 0.07191023848
14 -72.87085921 0.07013878943
15 -73.32071933 0.0684606437
16 -73.75564223 0.06687236207
17 -74.17548059 0.06537047265
18 -74.58014667 0.06395148964
19 -74.96961084 0.06261193177
20 -75.34389938 0.06134833989
21 -75.70309162 0.06015729348
22 -76.04731652 0.05903542552
23 -76.37674893 0.05797943585
24 -76.69160546 0.05698610263
25 -76.99214033 0.05605229211
26 -77.27864103 0.05517496657
27 -77.55142405 0.05435119062
28 -77.8108307 0.05357813594
29 -78.05722303 0.05285308455
30 -78.29097999 0.05217343079
31 -78.51249378 0.05153668218
32 -78.72216645 0.05094045925
33 -78.92040681 0.05038249456
34 -79.10762752 0.04986063095
35 -79.28424257 0.04937281924
36 -79.45066491 0.04891711541
37 -79.60730448 0.04849167746
38 -79.75456635 0.04809476188
39 -79.89284924 0.04772472007
40 -80.02254415 0.04737999443
41 -80.14403326 0.04705911455
42 -80.25768903 0.04676069323
43 -80.36387346 0.04648342258
44 -80.46293746 0.04622607016
45 -80.55522048 0.04598747514
46 -80.64105017 0.04576654461
47 -80.72074217 0.04556224996
48 -80.79460005 0.04537362342
49 -80.86291526 0.04519975466
50 -80.92596723 0.04503978758
51 -80.9840235 0.04489291727
52 -81.03733987 0.04475838701
53 -81.08616068 0.04463548549
54 -81.13071903 0.04452354415
55 -81.1712371 0.04442193467
56 -81.20792649 0.04433006654
57 -81.2409885 0.04424738485
58 -81.27061443 0.04417336832
59 -81.2969852 0.04410752875
60 -81.32026506 0.04404942265
61 -81.34054193 0.04399877077
62 -81.35728901 0.0439565457
63 -81.36452765 0.04393474649
64 -81.30744021 0.04404424745
65 -80.69379902 0.04529818549
66 -75.13515745 0.05820223372
67 -27.58292027 0.3347101881
68 37.52293833 0.999167644
69 38.39676732 0.9999406319
70 36.94188783 0.9999241301
71 34.43950518 0.9998809467
72 31.13893811 0.9997825994
73 27.37606466 0.9995671732
74 23.4597811 0.9991167518
75 19.60501517 0.9982317407
76 15.94152596 0.9966179973
77 12.54291169 0.9939101014
78 9.448549156 0.9897474435
79 6.675102955 0.9838884144
80 4.221952052 0.9763091336
81 2.074785914 0.9672283827
82 0.2094051891 0.9570451901
83 -1.404148573 0.9462295036
84 -2.797818443 0.9352217462
85 -4.00269676 0.9243732631
86 -5.047287574 0.913928836
87 -5.956697861 0.9040364695
88 -6.752467532 0.8947686825
89 -7.452768885 0.8861449846
90 -8.072780155 0.8781507709
91 -8.625112034 0.8707514033
92 -9.120221438 0.8639019147
93 -9.566782242 0.8575533089
94 -9.972002994 0.8516564309
95 -10.34189212 0.8461641975
96 -10.68147589 0.8410327657
97 -10.99497587 0.8362220374
98 -11.2859529 0.8316957659
99 -11.55742354 0.8274214324
100 -11.81195435 0.8233700031
101 -12.0517385 0.8195156293
102 -12.27865791 0.8158353329
103 -12.49433411 0.812308698
104 -12.70016983 0.8089175806
105 -12.89738323 0.8056458439
106 -13.0870362 0.8024791184
107 -13.27005782 0.7994045893
108 -13.44726386 0.7964108074
109 -13.61937321 0.7934875232
110 -13.78702154 0.7906255406
111 -13.95077292 0.7878165887
112 -14.11112965 0.7850532101
113 -14.26854054 0.7823286621
114 -14.42340809 0.7796368308
115 -14.57609454 0.7769721549
116 -14.72692715 0.7743295601
117 -14.87620264 0.7717043998
118 -15.02419121 0.7690924037
119 -15.17113981 0.7664896328
120 -15.31727521 0.7638924381
121 -15.46280651 0.761297426
122 -15.60792746 0.7587014252
123 -15.75281843 0.7561014595
124 -15.89764819 0.7534947215
125 -16.04257547 0.7508785503
126 -16.18775039 0.7482504107
127 -16.33331568 0.7456078748
128 -16.4794078 0.7429486051
129 -16.626158 0.7402703389
130 -16.77369321 0.7375708746
131 -16.9221369 0.7348480583
132 -17.07160984 0.7320997724
133 -17.22223087 0.7293239235
134 -17.37411748 0.7265184331
135 -17.52738654 0.7236812267
136 -17.68215482 0.720810225
137 -17.8385396 0.717903335
138 -17.99665918 0.7149584413
139 -18.15663343 0.711973398
140 -18.31858429 0.7089460206
141 -18.4826363 0.7058740784
142 -18.64891703 0.7027552864
143 -18.81755765 0.6995872984
144 -18.98869338 0.6963676991
145 -19.16246401 0.6930939971
146 -19.33901438 0.6897636172
147 -19.51849491 0.6863738933
148 -19.70106212 0.6829220615
149 -19.88687915 0.6794052524
150 -20.07611632 0.6758204845
151 -20.26895169 0.6721646568
152 -20.46557159 0.6684345422
153 -20.66617126 0.664626781
154 -20.87095543 0.6607378743
155 -21.08013893 0.6567641781
156 -21.29394728 0.6527018977
157 -21.51261738 0.6485470831
158 -21.73639809 0.6442956246
159 -21.96555089 0.6399432499
160 -22.20035048 0.6354855219
161 -22.44108541 0.6309178386
162 -22.68805864 0.6262354344
163 -22.94158808 0.6214333836
164 -23.20200707 0.6165066062
165 -23.46966481 0.6114498779
166 -23.74492666 0.6062578419
167 -24.02817436 0.6009250265
168 -24.31980604 0.5954458665
169 -24.62023614 0.5898147305
170 -24.92989504 0.5840259544
171 -25.24922844 0.578073882
172 -25.57869647 0.5719529133
173 -25.91877242 0.5656575614
174 -26.26994104 0.559182519
175 -26.6326964 0.5525227348
176 -27.00753921 0.5456735001
177 -27.39497358 0.5386305472
178 -27.79550309 0.5313901574
179 -28.2096262 0.5239492809
180 -28.63783098 0.5163056651
181 -29.08058902 0.5084579927
182 -29.53834861 0.5004060248
183 -30.01152727 0.4921507485
184 -30.5005035 0.4836945244
185 -31.00560804 0.4750412296
186 -31.52711472 0.466196391
187 -32.06523098 0.4571673039
188 -32.62008846 0.4479631287
189 -33.19173387 0.4385949583
190 -33.78012042 0.4290758518
191 -34.38510023 0.4194208261
192 -35.00641813 0.4096468015
193 -35.64370704 0.3997724967
194 -36.29648556 0.389818272
195 -36.96415784 0.3798059209
196 -37.64601603 0.3697584119
197 -38.34124551 0.3596995884
198 -39.04893286 0.3496538325
199 -39.76807643 0.3396457048
200 -40.49759933 0.3296995721
201 -41.23636456 0.319839235
202 -41.98319153 0.3100875709
203 -42.73687382 0.3004662032
204 -43.49619728 0.2909952095
205 -44.25995795 0.2816928765
206 -45.0269793 0.2725755095
207 -45.79612814 0.2636572991
208 -46.56632884 0.2549502464
209 -47.3365754 0.2464641442
210 -48.1059413 0.2382066108
211 -48.87358674 0.2301831693
212 -49.63876353 0.222397366
213 -50.40081734 0.2148509197
214 -51.15918779 0.2075438935
215 -51.91340622 0.200474883
216 -52.66309156 0.1936412114
217 -53.4079445 0.1870391275
218 -54.14774001 0.1806640002
219 -54.88231878 0.174510506
220 -55.61157743 0.1685728049
221 -56.33545802 0.1628447042
222 -57.05393686 0.1573198067
223 -57.76701298 0.1519916429
224 -58.47469633 0.1468537862
225 -59.17699605 0.1418999521
226 -59.87390899 0.1371240782
227 -60.56540865 0.1325203892
228 -61.25143493 0.1280834439
229 -61.93188486 0.1238081664
230 -62.60660455 0.1196898622
231 -63.27538271 0.1157242191
232 -63.93794592 0.1119072954
233 -64.59395581 0.1082354958
234 -65.24300842 0.1047055373
235 -65.88463571 0.1013144073
236 -66.5183093 0.09805931485
237 -67.14344634 0.09493763866
238 -67.75941732 0.09194687407
239 -68.36555564 0.08908458031
240 -68.96116857 0.08634833127
241 -69.54554915 0.08373567093
242 -70.1179888 0.0812440753
243 -70.67778996 0.07887092173
244 -71.22427855 0.07661346629
245 -71.75681569 0.07446882938
246 -72.27480841 0.07243398932
247 -72.77771904 0.07050578327
248 -73.26507308 0.06868091478
249 -73.73646537 0.06695596666
250 -74.19156454 0.0653274183
251 -74.63011579 0.06379166601
252 -75.0519419 0.0623450454
253 -75.45694284 0.0609838547
254 -75.8450939 0.05970437811
255 -76.21644271 0.0585029084
256 -76.57110518 0.05737576822
257 -76.90926077 0.05631932959
258 -77.2311471 0.05533003135
259 -77.53705414 0.05440439437
260 -77.82731824 0.05353903439
261 -78.10231608 0.05273067261
262 -78.36245861 0.0519761441
263 -78.60818522 0.05127240412
264 -78.83995818 0.05061653253
265 -79.05825734 0.05000573658
266 -79.26357524 0.04943735214
267 -79.45641263 0.04890884361
268 -79.6372744 0.04841780287
269 -79.80666591 0.0479619471
270 -79.96508982 0.04753911603
271 -80.11304323 0.0471472685
272 -80.25101531 0.04678447857
273 -80.3794852 0.04644893125
274 -80.49892036 0.04613891805
275 -80.60977516 0.04585283234
276 -80.71248976 0.04558916459
277 -80.80748931 0.04534649766
278 -80.89518327 0.04512350213
279 -80.97596488 0.04491893194
280 -81.05020952 0.04473162273
281 -81.11826264 0.04456051207
282 -81.18033518 0.04440484876
283 -81.23559228 0.04426604487
284 -81.27419357 0.04416384744
285 -81.20763928 0.04427810685
286 -80.25856334 0.04623122414
287 -71.64391162 0.06786684483
288 -2.746177022 0.607412508
289 38.04073507 0.9997979003
290 38.11818882 0.9999380259
291 36.36913124 0.999915989
292 33.58194796 0.9998609927
293 30.0405824 0.9997346539
294 26.10106777 0.9994550059
295 22.06695614 0.9988669555
296 18.14144156 0.9977126435
297 14.44511137 0.9956250988
298 11.04527969 0.992175482
299 7.975787029 0.9869853846
300 5.247004088 0.9798663062
301 2.851149905 0.9709083949
302 0.7667692783 0.9604623067
303 -1.036405876 0.949030352
304 -2.592692769 0.9371345557
305 -3.93661669 0.9252206106
306 -5.100390431 0.9136161518
307 -6.112621191 0.9025309893
308 -6.997908699 0.8920785118
309 -7.776979092 0.8823024201
310 -8.467083074 0.873200578
311 -9.082485925 0.8647432604
312 -9.634954525 0.8568858844
313 -10.13419697 0.8495773257
314 -10.58823932 0.8427650524
315 -11.0037389 0.8363981096
316 -11.38624033 0.8304287134
317 -11.74038263 0.8248129809
318 -12.070066 0.8195111412
319 -12.37858579 0.8144874498
320 -12.66874026 0.8097099444
321 -12.94291736 0.8051501271
322 -13.2031649 0.8007826212
323 -13.45124745 0.7965848335
324 -13.68869266 0.792536635
325 -13.9168292 0.7886200688
326 -14.1368179 0.7848190863
327 -14.34967755 0.7811193131
328 -14.55630617 0.7775078419
329 -14.75749889 0.7739730495
330 -14.95396281 0.7705044375
331 -15.14632957 0.7670924917
332 -15.33516595 0.7637285596
333 -15.52098285 0.7604047424
334 -15.704243 0.757113801
335 -15.88536754 0.7538490726
336 -16.06474163 0.7506043979
337 -16.24271941 0.7473740562
338 -16.41962819 0.7441527085
339 -16.59577221 0.7409353467
340 -16.77143585 0.737717248
341 -16.94688654 0.7344939349
342 -17.12237726 0.7312611381
343 -17.29814884 0.7280147643
344 -17.47443198 0.7247508657
345 -17.65144908 0.7214656134
346 -17.82941592 0.7181552718
347 -18.00854319 0.7148161763
348 -18.18903787 0.7114447111
349 -18.3711046 0.7080372901
350 -18.55494685 0.7045903377
351 -18.74076811 0.7011002712
352 -18.928773 0.6975634843
353 -19.11916831 0.6939763308
354 -19.31216406 0.6903351094
355 -19.50797449 0.6866360491
356 -19.70681903 0.682875295
357 -19.90892328 0.6790488944
358 -20.11451997 0.6751527839
359 -20.32384995 0.6711827769
360 -20.53716306 0.6671345512
361 -20.75471919 0.6630036379
362 -20.97678913 0.6587854105
363 -21.20365558 0.6544750755
364 -21.43561403 0.6500676641
365 -21.67297375 0.6455580243
366 -21.91605858 0.6409408164
367 -22.16520788 0.6362105092
368 -22.42077728 0.6313613796
369 -22.6831394 0.6263875149
370 -22.9526845 0.6212828189
371 -23.229821 0.6160410229
372 -23.51497578 0.6106557015
373 -23.80859433 0.6051202947
374 -24.1111407 0.5994281375
375 -24.42309699 0.5935724977
376 -24.74496268 0.5875466233
377 -25.07725336 0.5813438002
378 -25.42049906 0.5749574225
379 -25.77524193 0.5683810751
380 -26.14203338 0.5616086302
381 -26.52143032 0.5546343595
382 -26.91399079 0.5474530598
383 -27.32026853 0.5400601946
384 -27.74080679 0.5324520495
385 -28.17613117 0.5246258992
386 -28.62674147 0.5165801854
387 -29.09310279 0.5083147005
388 -29.57563578 0.499830772
389 -30.07470627 0.4911314438
390 -30.59061454 0.4822216443
391 -31.12358443 0.4731083364
392 -31.6737526 0.463800638
393 -32.24115847 0.4543099065
394 -32.82573502 0.4446497772
395 -33.42730116 0.4348361487
396 -34.04555583 0.4248871101
397 -34.68007448 0.4148228046
398 -35.33030808 0.4046652306
399 -35.99558502 0.3944379812
400 -36.67511602 0.384165929
401 -37.36800203 0.3738748642
402 -38.07324504 0.3635910986
403 -38.78976144 0.3533410491
404 -39.51639764 0.3431508159
405 -40.2519474 0.3330457717
406 -40.99517017 0.323050176
407 -41.74481011 0.3131868284
408 -42.4996148 0.3034767717
409 -43.25835335 0.293939052
410 -44.01983317 0.2845905417
411 -44.78291506 0.2754458257
412 -45.54652629 0.2665171497
413 -46.30967129 0.2578144264
414 -47.07143997 0.2493452943
415 -47.83101359 0.2411152196
416 -48.58766814 0.2331276358
417 -49.34077547 0.2253841094
418 -50.08980224 0.217884527
419 -50.83430694 0.2106272927
420 -51.57393519 0.2036095318
421 -52.30841346 0.1968272939
422 -53.03754159 0.1902757506
423 -53.76118415 0.1839493838
424 -54.479261 0.1778421634
425 -55.19173712 0.1719477096
426 -55.898612 0.1662594408
427 -56.59990873 0.1607707044
428 -57.29566295 0.1554748914
429 -57.98591201 0.1503655333
430 -58.67068436 0.1454363821
431 -59.34998953 0.1406814733
432 -60.02380879 0.1360951729
433 -60.69208693 0.1316722077
434 -61.35472508 0.1274076813
435 -62.01157508 0.1232970758
436 -62.66243531 0.119336241
437 -63.3070483 0.1155213719
438 -63.94510018 0.1118489777
439 -64.57622181 0.1083158424
440 -65.19999192 0.1049189807
441 -65.81594178 0.1016555903
442 -66.42356147 0.09852300327
443 -67.02230749 0.09551863854
444 -67.61161138 0.09263995678
445 -68.19088912 0.08988441994
446 -68.75955091 0.08724945618
447 -69.31701114 0.08473243125
448 -69.86269808 0.08233062672
449 -70.3960631 0.08004122518
450 -70.91658921 0.07786130226
451 -71.4237986 0.07578782484
452 -71.91725914 0.07381765495
453 -72.3965897 0.07194755831
454 -72.8614642 0.07017421677
455 -73.31161448 0.06849424357
456 -73.74683193 0.06690420057
457 -74.16696803 0.06540061662
458 -74.57193382 0.06398000628
459 -74.96169854 0.06263888824
460 -75.33628733 0.06137380301
461 -75.69577847 0.06018132935
462 -76.04029994 0.05905809928
463 -76.37002564 0.05800081136
464 -76.68517139 0.05700624231
465 -76.98599063 0.05607125669
466 -77.2727702 0.05519281497
467 -77.54582599 0.05436797984
468 -77.80549883 0.05359392092
469 -78.05215034 0.05286791813
470 -78.28615912 0.05218736367
471 -78.50791712 0.05154976291
472 -78.71782617 0.05095273422
473 -78.91629493 0.05039400802
474 -79.10373599 0.04987142504
475 -79.28056329 0.04938293403
476 -79.44718979 0.04892658896
477 -79.60402548 0.04850054585
478 -79.75147552 0.04810305934
479 -79.88993875 0.04773247896
480 -80.01980629 0.0473872454
481 -80.14146051 0.04706588654
482 -80.25527404 0.04676701359
483 -80.36160907 0.04648931712
484 -80.46081675 0.04623156323
485 -80.55323672 0.04599258971
486 -80.63919687 0.04577130234
487 -80.71901306 0.04556667125
488 -80.7929891 0.04537772748
489 -80.86141668 0.0452035596
490 -80.92457545 0.04504331045
491 -80.98273319 0.04489617412
492 -81.03614593 0.04476139293
493 -81.08505822 0.04463825471
494 -81.12970339 0.04452609005
495 -81.17030383 0.04442426983
496 -81.20707135 0.04433220282
497 -81.24020745 0.0442493334
498 -81.26990362 0.04417513963
499 -81.29634098 0.04410913268
500 -81.31968394 0.0440508685
501 -81.34002062 0.04400006726
502 -81.35682445 0.04395770096
503 -81.36411755 0.04393576716
504 -81.30708859 0.04404512919
505 -80.69357122 0.0452988113
506 -75.13571536 0.0582009731
507 -27.58979734 0.3346436501
508 37.52249204 0.9991671776
509 38.39670975 0.9999406311
510 36.94182909 0.9999241294
511 34.43938163 0.9998809442
512 31.13870572 0.9997825906
513 27.37569579 0.9995671452
514 23.45926662 0.9991166725
515 19.60436074 0.9982315409
516 15.940747 0.9966175503
517 12.54202922 0.9939092106
518 9.447586495 0.9897458543
519 6.674082892 0.9838858565
520 4.220894503 0.9763053792
521 2.073706417 0.9672232916
522 0.2083144212 0.957038722
523 -1.4052444 0.9462216994
524 -2.798916666 0.9352126946
525 -4.003797221 0.9243630702
526 -5.048391686 0.9139176047
527 -5.957807893 0.904024289
528 -6.753586111 0.8947556249
529 -7.453898679 0.8861311061
530 -8.07392369 0.8781361141
531 -8.626271599 0.8707360001
532 -9.121399046 0.863885789
533 -9.567979627 0.8575364789
534 -9.973221623 0.8516389105
535 -10.34313322 0.8461459977
536 -10.68274047 0.8410138955
537 -10.99626477 0.8362025044
538 -11.28726679 0.8316755765
539 -11.55876294 0.8274005924
540 -11.81331971 0.8233485175
541 -12.05313015 0.8194935028
542 -12.28007611 0.8158125697
543 -12.49577908 0.8122853019
544 -12.70164173 0.808893555
545 -12.89888219 0.8056211916
546 -13.08856234 0.802453842
547 -13.27161123 0.7993786909
548 -13.44884464 0.7963842887
549 -13.62098144 0.7934603851
550 -13.78865732 0.7905977835
551 -13.95243636 0.7877882128
552 -14.11282086 0.7850242146
553 -14.27025968 0.7822990459
554 -14.42515531 0.7796065919
555 -14.57787004 0.7769412909
556 -14.72873113 0.7742980677
557 -14.87803536 0.7716722751
558 -15.02605293 0.7690596421
559 -15.17303085 0.7664562288
560 -15.31919592 0.7638583858
561 -15.46475728 0.7612627183
562 -15.60990871 0.7586660544
563 -15.75483062 0.7560654171
564 -15.89969184 0.753457998
565 -16.04465114 0.7508411354
566 -16.18985868 0.7482122933
567 -16.33545724 0.7455690426
568 -16.48158334 0.742909045
569 -16.62836829 0.7402300368
570 -16.77593906 0.7375298152
571 -16.92441918 0.7348062255
572 -17.0739295 0.7320571486
573 -17.22458889 0.7292804903
574 -17.37651495 0.7264741707
575 -17.52982459 0.7236361139
576 -17.68463467 0.7207642396
577 -17.84106254 0.7178564532
578 -17.99922658 0.7149106379
579 -18.15924675 0.7119246463
580 -18.32124508 0.7088962924
581 -18.4853462 0.7058233438
582 -18.65167778 0.7027035138
583 -18.82037111 0.6995344544
584 -18.9915615 0.6963137486
585 -19.16538887 0.6930389028
586 -19.34199817 0.6897073398
587 -19.52153997 0.6863163916
588 -19.70417092 0.6828632919
589 -19.8900543 0.679345169
590 -20.07936059 0.675759039
591 -20.27226799 0.6721017984
592 -20.46896302 0.6683702176
593 -20.6696411 0.6645609342
594 -20.87450714 0.6606704465
595 -21.08377616 0.6566951076
596 -21.29767391 0.65263112
597 -21.51643748 0.6484745307
598 -21.74031598 0.644221227
599 -21.96957112 0.6398669334
600 -22.20447785 0.63540721
601 -22.44532497 0.6308374517
602 -22.69241571 0.6261528899
603 -22.94606825 0.6213485959
604 -23.20661621 0.6164194874
605 -23.47440908 0.6113603372
606 -23.74981252 0.6061657866
607 -24.03320854 0.6008303618
608 -24.32499558 0.5953484963
609 -24.62558835 0.5897145578
610 -24.93541751 0.5839228821
611 -25.25492903 0.5779678136
612 -25.58458327 0.5718437537
613 -25.92485374 0.5655452184
614 -26.27622536 0.5590669042
615 -26.63919235 0.5524037651
616 -27.01425551 0.5455510996
617 -27.40191894 0.5385046487
618 -27.80268618 0.5312607048
619 -28.21705555 0.5238162309
620 -28.64551487 0.5161689901
621 -29.08853537 0.5083176828
622 -29.54656487 0.5002620907
623 -30.02002024 0.4920032239
624 -30.50927922 0.4835434686
625 -31.01467164 0.4748867298
626 -31.5364702 0.4660385648
627 -32.07488109 0.4570063012
628 -32.63003454 0.4477991324
629 -33.20197567 0.438428186
630 -33.79065598 0.4289065556
631 -34.39592576 0.419249292
632 -35.01752788 0.4094733479
633 -35.6550933 0.3995974721
634 -36.30813859 0.389642052
635 -36.97606592 0.3796289034
636 -37.65816552 0.3695810127
637 -38.35362098 0.3595222352
638 -39.06151723 0.3494769589
639 -39.7808512 0.3394697438
640 -40.51054486 0.3295249493
641 -41.24946026 0.3196663625
642 -41.99641627 0.309916841
643 -42.75020619 0.3002979832
644 -43.50961589 0.2908298367
645 -44.27344178 0.2815306545
646 -45.04050797 0.2724167055
647 -45.80968218 0.2635021421
648 -46.57988991 0.2547989264
649 -47.3501265 0.2463168125
650 -48.1194669 0.2380633811
651 -48.88707289 0.2300441192
652 -49.6521979 0.2222625396
653 -50.41418929 0.2147203306
654 -51.17248829 0.2074175279
655 -51.92662783 0.2003527031
656 -52.67622833 0.1935231588
657 -53.42099183 0.1869251269
658 -54.16069455 0.1805539624
659 -54.89517823 0.1744043315
660 -55.62434039 0.1684703865
