0 -81.54578984 0.0435004765
1 -81.57533478 0.04342773333
2 -81.60133785 0.04336374405
3 -81.62400443 0.04330797273
4 -81.64352842 0.04325991825
5 -81.66009278 0.04321911199
6 -81.67387004 0.04318511573
7 -81.68502278 0.04315751963
8 -81.69370422 0.04313594037
9 -81.70005862 0.04312001938
10 -81.70422178 0.04310942123
11 -81.70632154 0.04310383211
12 -81.70647812 0.04310295836
13 -81.70480463 0.04310652522
14 -81.70140743 0.04311427549
15 -81.69638651 0.04312596846
16 -81.68983585 0.04314137877
17 -81.68184378 0.04316029543
18 -81.67249332 0.04318252088
19 -81.66186246 0.04320787009
20 -81.65002448 0.04323616976
21 -81.63704821 0.04326725756
22 -81.6229983 0.0433009814
23 -81.6079355 0.0433371988
24 -81.5919168 0.04337577628
25 -81.57499548 0.04341658929
26 -81.55721924 0.04345952581
27 -81.53861141 0.04350452377
28 -81.51899974 0.04355191455
29 -81.49646199 0.04360554433
30 -81.45323941 0.04370111399
31 -81.2281483 0.0441649327
32 -79.36304064 0.04810530014
33 -62.8371782 0.09804514611
34 29.52839995 0.9472454717
35 38.62854485 0.9999329875
36 37.92001552 0.9999360968
37 36.00047872 0.9999101733
38 33.18031697 0.999850087
39 29.74202194 0.999718662
40 26.00814291 0.9994427847
41 22.23203032 0.9988933072
42 18.57560466 0.9978675975
43 15.13283288 0.9960892387
44 11.95609602 0.9932420171
45 9.072487497 0.9890438304
46 6.491587595 0.9833388804
47 4.209160072 0.9761631702
48 2.209957743 0.9677460422
49 0.4708795129 0.9584486017
50 -1.035632394 0.9486746891
51 -2.338535344 0.9387944475
52 -3.46590264 0.9291007977
53 -4.443516013 0.9197976972
54 -5.29419756 0.9110087388
55 -6.037656948 0.9027944131
56 -6.69064438 0.8951703351
57 -7.267254241 0.8881227666
58 -7.779280443 0.8816203886
59 -8.236567639 0.8756225765
60 -8.64733099 0.8700848886
61 -9.018434149 0.8649625193
62 -9.355624336 0.8602123449
63 -9.663727807 0.8557940376
64 -9.946810783 0.8516705819
65 -10.20831121 0.8478084228
66 -10.45114639 0.8441773949
67 -10.67780085 0.8407505309
68 -10.89039815 0.8375038107
69 -11.09075977 0.8344158872
70 -11.28045339 0.8314678126
71 -11.46083277 0.828642778
72 -11.63307064 0.8259258707
73 -11.79818609 0.8233038546
74 -11.95706732 0.8207649722
75 -12.11049072 0.8182987683
76 -12.25913684 0.8158959345
77 -12.40360389 0.8135481706
78 -12.54441912 0.8112480643
79 -12.6820485 0.8089889838
80 -12.81690495 0.8067649851
81 -12.94935534 0.8045707293
82 -13.07972656 0.8024014105
83 -13.20831064 0.8002526929
84 -13.33536927 0.7981206547
85 -13.46113758 0.7960017391
86 -13.58582754 0.7938927115
87 -13.70963083 0.7917906209
88 -13.83272136 0.7896927667
89 -13.95525748 0.7875966684
90 -14.07738392 0.78550004
91 -14.19923348 0.7834007657
92 -14.32092852 0.7812968798
93 -14.44258225 0.7791865476
94 -14.56429993 0.777068049
95 -14.68617988 0.7749397638
96 -14.80831442 0.772800158
97 -14.93079066 0.7706477723
98 -15.05369123 0.7684812104
99 -15.17709499 0.7662991301
100 -15.30107756 0.7641002336
101 -15.42571192 0.7618832597
102 -15.55106886 0.7596469762
103 -15.67721742 0.7573901728
104 -15.80422536 0.7551116548
105 -15.93215948 0.752810237
106 -16.06108602 0.7504847384
107 -16.19107097 0.7481339762
108 -16.3221804 0.7457567615
109 -16.45448076 0.7433518938
110 -16.58803914 0.7409181568
111 -16.72292359 0.7384543136
112 -16.85920337 0.7359591024
113 -16.99694921 0.733431232
114 -17.13623357 0.7308693779
115 -17.27713094 0.7282721773
116 -17.41971806 0.7256382256
117 -17.56407418 0.7229660714
118 -17.71028138 0.7202542125
119 -17.8584248 0.7175010914
120 -18.00859293 0.7147050906
121 -18.1608779 0.7118645283
122 -18.31537581 0.7089776533
123 -18.472187 0.7060426401
124 -18.6314164 0.7030575843
125 -18.79317385 0.7000204972
126 -18.95757449 0.6969293001
127 -19.1247391 0.6937818196
128 -19.29479449 0.6905757814
129 -19.46787391 0.6873088046
130 -19.64411749 0.683978396
131 -19.82367268 0.6805819442
132 -20.00669471 0.6771167131
133 -20.19334708 0.6735798361
134 -20.38380208 0.6699683098
135 -20.57824132 0.666278988
136 -20.77685626 0.6625085755
137 -20.97984882 0.6586536227
138 -21.18743192 0.65471052
139 -21.39983011 0.6506754926
140 -21.61728018 0.6465445965
141 -21.84003178 0.6423137148
142 -22.06834799 0.637978555
143 -22.30250599 0.6335346478
144 -22.54279762 0.6289773478
145 -22.7895299 0.6243018352
146 -23.04302561 0.6195031208
147 -23.30362366 0.6145760536
148 -23.57167952 0.6095153311
149 -23.84756543 0.6043155146
150 -24.13167054 0.5989710481
151 -24.42440085 0.5934762832
152 -24.72617893 0.5878255097
153 -25.03744346 0.582012993
154 -25.35864838 0.5760330199
155 -25.69026175 0.5698799519
156 -26.03276422 0.5635482892
157 -26.38664695 0.5570327437
158 -26.75240913 0.5503283235
159 -27.13055483 0.5434304285
160 -27.52158921 0.5363349577
161 -27.92601408 0.5290384272
162 -28.3443227 0.5215380997
163 -28.77699379 0.5138321224
164 -29.22448483 0.5059196741
165 -29.68722452 0.4978011156
166 -30.16560465 0.489478143
167 -30.65997127 0.4809539379
168 -31.17061546 0.4722333096
169 -31.69776373 0.4633228232
170 -32.24156849 0.4542309088
171 -32.80209865 0.4449679414
172 -33.37933083 0.4355462881
173 -33.9731415 0.4259803142
174 -34.5833004 0.4162863422
175 -35.20946565 0.4064825608
176 -35.85118093 0.3965888805
177 -36.50787495 0.3866267355
178 -37.17886357 0.3766188351
179 -37.8633546 0.3665888698
180 -38.56045538 0.3565611794
181 -39.26918302 0.3465603938
182 -39.988477 0.3366110595
183 -40.71721394 0.3267372628
184 -41.45422393 0.3169622665
185 -42.19830792 0.3073081696
186 -42.94825567 0.2977956049
187 -43.7028636 0.2884434813
188 -44.46095187 0.2792687795
189 -45.22138046 0.2702864047
190 -45.9830634 0.2615090964
191 -46.74498119 0.2529473959
192 -47.50619088 0.2446096655
193 -48.26583384 0.2365021551
194 -49.02314107 0.2286291084
195 -49.77743615 0.2209929022
196 -50.52813593 0.2135942091
197 -51.27474905 0.206432178
198 -52.01687261 0.1995046245
199 -52.75418708 0.1928082241
200 -53.48644974 0.1863387049
201 -54.21348685 0.1800910339
202 -54.93518478 0.1740595933
203 -55.65148022 0.1682383465
204 -56.36234984 0.1626209885
205 -57.06779938 0.1572010825
206 -57.7678525 0.1519721803
207 -58.46253958 0.1469279263
208 -59.15188655 0.1420621455
209 -59.83590412 0.1373689145
210 -60.51457755 0.1328426174
211 -61.18785716 0.1284779849
212 -61.85564996 0.1242701189
213 -62.51781247 0.1202145029
214 -63.17414509 0.1163069979
215 -63.82438815 0.1125438275
216 -64.46821992 0.1089215507
217 -65.10525646 0.1054370268
218 -65.73505368 0.1020873723
219 -66.35711129 0.09886991355
220 -66.97087876 0.09578213546
221 -67.57576295 0.09282163053
222 -68.17113725 0.08998604878
223 -68.75635191 0.08727305123
224 -69.33074515 0.08468026835
225 -69.89365472 0.08220526476
226 -70.44442948 0.07984551117
227 -70.98244063 0.07759836385
228 -71.50709231 0.07546105186
229 -72.01783113 0.07343067159
230 -72.5141546 0.07150418809
231 -72.99561802 0.06967844239
232 -73.46184003 0.06795016368
233 -73.91250652 0.06631598537
234 -74.34737306 0.06477246402
235 -74.76626585 0.06331609996
236 -75.16908139 0.06194335876
237 -75.55578488 0.06065069271
238 -75.92640762 0.05943456165
239 -76.28104351 0.05829145261
240 -76.61984474 0.05721789819
241 -76.94301595 0.05621049555
242 -77.25079976 0.05526594367
243 -77.54339482 0.05438124194
244 -77.8203226 0.05355520743
245 -78.07527364 0.05280069507
246 -78.25380106 0.05224401902
247 -77.90527421 0.05295061356
248 -73.32795917 0.06481148031
249 -35.41269329 0.2719397041
250 35.52423561 0.9978338667
251 37.84230659 0.9999333561
252 36.30873277 0.9999148593
253 33.51252194 0.9998593257
254 29.86394122 0.9997266129
255 25.75991014 0.9994222242
256 21.53826955 0.9987595577
257 17.42791071 0.9974185483
258 13.56567404 0.9949362755
259 10.02757242 0.9907749175
260 6.850328726 0.9844809947
261 4.042609934 0.9758716498
262 1.591693741 0.9651311098
263 -0.5303861452 0.9527522776
264 -2.360390546 0.9393717774
265 -3.93806223 0.9256024938
266 -5.301891284 0.9119321047
267 -6.486672042 0.8986940189
268 -7.522503128 0.8860839088
269 -8.43471253 0.8741935431
270 -9.244266383 0.8630447045
271 -9.968368114 0.852616255
272 -10.62108319 0.8428632788
273 -11.21391098 0.8337295965
274 -11.75627492 0.8251554581
275 -12.25592761 0.8170819904
276 -12.71927869 0.8094535759
277 -13.15165727 0.8022189609
278 -13.55752068 0.7953316163
279 -13.94062032 0.7887496773
280 -14.30413358 0.782435662
281 -14.65076883 0.776356087
282 -14.98284958 0.7704810516
283 -15.30238195 0.7647838256
284 -15.61110927 0.7592404626
285 -15.9105563 0.7538294474
286 -16.20206543 0.7485313794
287 -16.48682634 0.7433286931
288 -16.7659005 0.7382054105
289 -17.04024151 0.733146926
290 -17.31071215 0.7281398163
291 -17.57809864 0.7231716757
292 -17.84312273 0.7182309708
293 -18.10645202 0.7133069137
294 -18.36870876 0.7083893508
295 -18.63047743 0.7034686647
296 -18.89231136 0.6985356877
297 -19.15473846 0.6935816254
298 -19.41826631 0.688597989
299 -19.68338665 0.6835765357
300 -19.95057933 0.6785092152
301 -20.22031592 0.6733881233
302 -20.49306296 0.66820546
303 -20.76928482 0.662953494
304 -21.04944638 0.6576245314
305 -21.33401543 0.6522108898
306 -21.62346487 0.6467048771
307 -21.9182746 0.6410987754
308 -22.21893335 0.6353848305
309 -22.52594016 0.6295552472
310 -22.83980569 0.6236021905
311 -23.16105326 0.6175177946
312 -23.49021958 0.6112941787
313 -23.82785523 0.6049234724
314 -24.17452469 0.5983978503
315 -24.530806 0.5917095771
316 -24.89728991 0.5848510649
317 -25.2745785 0.577814943
318 -25.66328317 0.5705941418
319 -26.06402189 0.5631819914
320 -26.47741574 0.5555723354
321 -26.90408451 0.5477596603
322 -27.34464143 0.5397392406
323 -27.79968691 0.5315072974
324 -28.26980125 0.5230611708
325 -28.75553636 0.5143995015
326 -29.25740646 0.5055224192
327 -29.775878 0.4964317314
328 -30.31135865 0.4871311083
329 -30.86418594 0.4776262539
330 -31.43461551 0.4679250578
331 -32.02280949 0.4580377151
332 -32.62882536 0.4479768081
333 -33.25260575 0.437757338
334 -33.89396974 0.4273966998
335 -34.55260606 0.4169145929
336 -35.22806877 0.4063328634
337 -35.91977585 0.395675277
338 -36.62701096 0.3849672244
339 -37.34892865 0.374235366
340 -38.08456311 0.3635072262
341 -38.83284023 0.35281075
342 -39.59259279 0.3421738384
343 -40.36257832 0.3316238807
344 -41.14149895 0.3211873024
345 -41.92802258 0.310889144
346 -42.72080466 0.3007526896
347 -43.51850974 0.2907991542
348 -44.31983199 0.2810474412
349 -45.12351415 0.2715139733
350 -45.92836426 0.2622125983
351 -46.73326974 0.2531545662
352 -47.53720864 0.2443485729
353 -48.3392577 0.2358008606
354 -49.13859751 0.2275153667
355 -49.93451455 0.2194939099
356 -50.72640049 0.2117364028
357 -51.51374891 0.2042410826
358 -52.29614973 0.1970047489
359 -53.07328159 0.1900230027
360 -53.84490263 0.1832904791
361 -54.61083974 0.1768010686
362 -55.37097683 0.1705481243
363 -56.12524216 0.1645246505
364 -56.87359522 0.1587234715
365 -57.61601327 0.1531373801
366 -58.35247795 0.1477592632
367 -59.08296217 0.142582207
368 -59.80741759 0.1375995792
369 -60.52576312 0.1328050905
370 -61.23787451 0.1281928358
371 -61.94357561 0.1237573159
372 -62.64263137 0.1194934412
373 -63.33474302 0.1153965189
374 -64.01954542 0.1114622269
375 -64.69660693 0.1076865751
376 -65.36543166 0.1040658581
377 -66.02546416 0.1005966015
378 -66.6760964 0.09727550471
379 -67.31667669 0.09409938341
380 -67.94652035 0.09106511426
381 -68.5649216 0.08816958386
382 -69.17116635 0.08540964436
383 -69.76454523 0.08278207683
384 -70.34436665 0.08028356333
385 -70.90996919 0.07791066816
386 -71.46073309 0.07565982795
387 -71.99609046 0.07352735012
388 -72.51553399 0.07150941872
389 -73.01862398 0.06960210661
390 -73.50499355 0.06780139251
391 -73.97435213 0.06610318176
392 -74.42648723 0.06450332946
393 -74.86126458 0.0629976647
394 -75.27862682 0.06158201503
395 -75.67859092 0.06025223014
396 -76.06124459 0.05900420418
397 -76.42674169 0.0578338962
398 -76.77529715 0.05673734828
399 -77.10718129 0.0557107013
400 -77.42271395 0.05475020816
401 -77.72225839 0.05385224456
402 -78.00621533 0.05301331734
403 -78.27501695 0.0522300707
404 -78.5291213 0.05149929031
405 -78.76900682 0.05081790566
406 -78.99516734 0.05018299078
407 -79.2081074 0.04959176362
408 -79.40833799 0.04904158431
409 -79.59637271 0.04852995235
410 -79.77272438 0.04805450316
411 -79.93790198 0.04761300393
412 -80.09240807 0.04720334901
413 -80.23673656 0.04682355503
414 -80.37137076 0.04647175571
415 -80.49678186 0.04614619658
416 -80.61342767 0.04584522962
417 -80.72175156 0.04556730795
418 -80.82218176 0.04531098052
419 -80.91513077 0.04507488693
420 -81.00099505 0.04485775243
421 -81.08015479 0.04465838295
422 -81.15297388 0.04447566048
423 -81.21979998 0.0443085385
424 -81.28096472 0.04415603768
425 -81.33678396 0.04401724177
426 -81.38755811 0.04389129366
427 -81.43357256 0.04377739171
428 -81.47509808 0.04367478623
429 -81.51239135 0.04358277617
430 -81.54569542 0.043500706
431 -81.57524026 0.04342796275
432 -81.60124328 0.04336397329
433 -81.62390985 0.04330820172
434 -81.64343388 0.04326014692
435 -81.65999831 0.04321934031
436 -81.67377567 0.04318534365
437 -81.68492854 0.04315774712
438 -81.69361013 0.04313616739
439 -81.69996469 0.04312024592
440 -81.70412805 0.04310964728
441 -81.706228 0.04310405765
442 -81.70638479 0.04310318339
443 -81.70471153 0.04310674973
444 -81.70131456 0.04311449949
445 -81.69629386 0.04312619195
446 -81.68974344 0.04314160177
447 -81.68175162 0.04316051794
448 -81.6724014 0.04318274291
449 -81.66177078 0.04320809166
450 -81.64993304 0.04323639088
451 -81.636957 0.04326747824
452 -81.62290734 0.04330120167
453 -81.60784476 0.04333741867
454 -81.59182629 0.04337599577
455 -81.57490521 0.04341680843
456 -81.55712918 0.04345974461
457 -81.53852157 0.04350474226
458 -81.5189101 0.04355213277
459 -81.49637242 0.04360576256
460 -81.45314884 0.04370133456
461 -81.22804666 0.04416517764
462 -79.3628334 0.04810579434
463 -62.8359932 0.09804990937
464 29.52935004 0.9472572056
465 38.62855461 0.9999329899
466 37.91998358 0.9999360964
467 36.00042809 0.9999101725
468 33.18025848 0.9998500854
469 29.74196805 0.9997186591
470 26.00810326 0.9994427804
471 22.23201018 0.9988933027
472 18.57560578 0.9978675968
473 15.13285475 0.9960892515
474 11.95613683 0.9932420602
475 9.072544802 0.9890439278
476 6.491658724 0.9833390602
477 4.209242442 0.9761634594
478 2.210049071 0.9677464616
479 0.4709779338 0.9584491636
480 -1.035528307 0.9486753971
481 -2.338426617 0.9387952991
482 -3.465789974 0.9291017865
483 -4.443399862 0.9197988147
484 -5.294078202 0.9110099767
485 -6.037534544 0.9027957634
486 -6.690519016 0.8951717906
487 -7.267125957 0.8881243211
488 -7.779149255 0.8816220369
489 -8.236433551 0.8756243141
490 -8.647194003 0.8700867116
491 -9.018294265 0.8649644243
492 -9.355481561 0.8602143289
493 -9.663582154 0.8557960981
494 -9.946662268 0.8516727165
495 -10.20815986 0.8478106294
496 -10.45099223 0.8441796714
497 -10.6776439 0.8407528757
498 -10.89023845 0.8375062221
499 -11.09059736 0.8344183636
500 -11.28028831 0.8314703527
501 -11.46066504 0.8286453804
502 -11.63290031 0.8259285343
503 -11.7980132 0.8233065782
504 -11.9568919 0.8207677548
505 -12.1103128 0.818301609
506 -12.25895645 0.8158988324
507 -12.40342107 0.813551125
508 -12.5442339 0.8112510745
509 -12.6818609 0.8089920492
510 -12.81671498 0.8067681052
511 -12.94916303 0.8045739035
512 -13.07953192 0.8024046386
513 -13.20811369 0.8002559746
514 -13.33517001 0.7981239897
515 -13.46093602 0.7960051274
516 -13.58562369 0.7938961529
517 -13.70942468 0.7917941154
518 -13.8325129 0.7896963144
519 -13.95504671 0.7876002695
520 -14.07717083 0.7855036946
521 -14.19901806 0.7834044742
522 -14.32071074 0.7813006424
523 -14.44236209 0.7791903648
524 -14.56407736 0.7770719213
525 -14.68595489 0.7749436918
526 -14.80808696 0.7728041423
527 -14.93056069 0.7706518136
528 -15.05345872 0.7684853095
529 -15.17685989 0.7663032878
530 -15.30083983 0.7641044509
531 -15.4254715 0.7618875375
532 -15.55082569 0.7596513157
533 -15.67697144 0.757394575
534 -15.80397651 0.7551161211
535 -15.93190768 0.7528147687
536 -16.06083121 0.7504893369
537 -16.19081306 0.748138643
538 -16.32191932 0.7457614982
539 -16.4542164 0.7433567021
540 -16.58777141 0.7409230384
541 -16.72265239 0.7384592705
542 -16.85892859 0.7359641365
543 -16.99667074 0.7334363456
544 -17.1359513 0.7308745731
545 -17.27684473 0.7282774566
546 -17.41942777 0.7256435913
547 -17.56377969 0.7229715262
548 -17.70998252 0.7202597592
549 -17.85812142 0.7175067329
550 -18.00828486 0.7147108301
551 -18.16056497 0.7118703689
552 -18.31505783 0.7089835983
553 -18.47186377 0.7060486933
554 -18.63108771 0.7030637494
555 -18.79283949 0.7000267781
556 -18.95723423 0.6969357011
557 -19.12439269 0.6937883451
558 -19.29444166 0.6905824359
559 -19.4675144 0.6873155931
560 -19.64375101 0.6839853236
561 -19.82329893 0.6805890163
562 -20.00631336 0.6771239353
563 -20.19295779 0.6735872144
564 -20.3834045 0.6699758504
565 -20.57783506 0.6662866975
566 -20.77644092 0.6625164608
567 -20.97942398 0.658661691
568 -21.18699712 0.6547187788
569 -21.39938489 0.6506839499
570 -21.61682404 0.6465532605
571 -21.83956418 0.6423225942
572 -22.06786839 0.6379876587
573 -22.30201381 0.6335439853
574 -22.54229222 0.6289869287
575 -22.78901065 0.6243116696
576 -23.04249181 0.6195132193
577 -23.3030746 0.6145864268
578 -23.57111445 0.6095259902
579 -23.84698357 0.6043264709
580 -24.13107107 0.5989823131
581 -24.4237829 0.5934878687
582 -24.72554162 0.5878374274
583 -25.03678587 0.5820252547
584 -25.35796955 0.5760456373
585 -25.6895607 0.5698929365
586 -26.03203994 0.5635616521
587 -26.38589843 0.5570464955
588 -26.75163533 0.550342474
589 -27.1297547 0.5434449867
590 -27.52076172 0.5363499313
591 -27.92515819 0.5290538226
592 -28.34343742 0.5215539215
593 -28.77607814 0.5138483733
594 -29.2235379 0.5059363545
595 -29.68624546 0.4978182232
596 -30.1645927 0.4894956726
597 -30.65892578 0.4809718812
598 -31.16953589 0.4722516545
599 -31.69664969 0.4633415542
600 -32.24041976 0.4542500061
601 -32.80091517 0.4449873813
602 -33.37811277 0.4355660428
603 -33.97188923 0.4260003517
604 -34.58201451 0.4163066265
605 -35.20814698 0.4065030523
606 -35.84983054 0.3966095361
607 -36.50649415 0.3866475092
608 -37.17745389 0.3766396788
609 -37.86191779 0.3666097334
610 -38.55899339 0.356582012
611 -39.26769796 0.3465811444
612 -39.98697114 0.3366316774
613 -40.71568967 0.326757699
614 -41.4526837 0.3169824737
615 -42.19675423 0.3073281035
616 -42.94669103 0.2978152245
617 -43.70129046 0.2884627493
618 -44.45937266 0.279287663
619 -45.21979746 0.2703048749
620 -45.98147881 0.2615271292
621 -46.74339702 0.2529649719
622 -47.50460901 0.2446267695
623 -48.26425595 0.2365187763
624 -49.02156865 0.2286452401
625 -49.77587051 0.2210085413
626 -50.52657818 0.2136093558
627 -51.2732001 0.2064468355
628 -52.01533321 0.1995187986
629 -52.75265781 0.1928219228
630 -53.48493102 0.1863519379
631 -54.21197897 0.1801038121
632 -54.93368791 0.1740719291
633 -55.64999446 0.1682502526
634 -56.3608752 0.1626324781
635 -57.06633582 0.1572121691
636 -57.76639997 0.1519828771
637 -58.46109801 0.1469382464
638 -59.1504559 0.1420721013
639 -59.83448439 0.1373785181
640 -60.5131688 0.13285188
641 -61.18645955 0.128486917
642 -61.85426372 0.1242787303
643 -62.51643796 0.1202228025
644 -63.17278278 0.116314994
645 -63.82303866 0.1125515275
