0 -79.75237509 0.04809808
1 -79.88271453 0.04774926508
2 -80.00514914 0.04742367798
3 -80.1200027 0.04712006303
4 -80.22759353 0.0468372266
5 -80.32823358 0.0465740351
6 -80.42222759 0.04632941289
7 -80.5098725 0.0461023401
8 -80.59145691 0.04589185045
9 -80.66726065 0.04569702901
10 -80.73755449 0.04551701003
11 -80.80259989 0.04535097466
12 -80.86264888 0.04519814891
13 -80.91794398 0.04505780145
14 -80.96871817 0.0449292416
15 -81.01519497 0.04481181735
16 -81.05758843 0.04470491348
17 -81.09610294 0.04460795045
18 -81.13093024 0.04452038909
19 -81.16222165 0.0444417859
20 -81.18984133 0.04437229529
21 -81.21117353 0.04431713591
22 -81.20159459 0.04432637063
23 -80.94027562 0.04485283772
24 -78.45825892 0.05021832644
25 -56.50485185 0.1263368925
26 32.57249362 0.9815537137
27 38.55405021 0.9999386185
28 37.59448666 0.9999323599
29 35.44356329 0.9999007414
30 32.39142424 0.9998271024
31 28.7517703 0.9996634817
32 24.85729819 0.9993147949
33 20.95892798 0.9986127934
34 17.21413419 0.9972962432
35 13.71370747 0.9950187934
36 10.5074834 0.9914062444
37 7.61927591 0.9861619266
38 5.05395634 0.9791783737
39 2.801414727 0.9705925028
40 0.8402593555 0.9607512154
41 -0.8580694416 0.9501118512
42 -2.325302183 0.9391334862
43 -3.593139428 0.9282018207
44 -4.69114856 0.9175983826
45 -5.645673212 0.9075027646
46 -6.479483245 0.8980113306
47 -7.211878008 0.8891599831
48 -7.859020235 0.88094451
49 -8.434356015 0.8733362982
50 -8.94903884 0.8662934355
51 -9.41231758 0.8597680657
52 -9.831872982 0.8537110011
53 -10.21410056 0.8480744498
54 -10.56434404 0.8428135046
55 -10.88708592 0.8378868494
56 -11.18610212 0.8332569853
57 -11.46458718 0.8288901785
58 -11.72525561 0.8247562535
59 -11.97042404 0.8208283119
60 -12.20207796 0.8170824226
61 -12.42192615 0.8134973119
62 -12.63144517 0.8100540686
63 -12.831916 0.8067358713
64 -13.02445416 0.8035277413
65 -13.21003472 0.8004163219
66 -13.38951313 0.7973896816
67 -13.56364254 0.7944371416
68 -13.73308843 0.7915491229
69 -13.89844088 0.7887170129
70 -14.06022494 0.7859330482
71 -14.21890947 0.7831902111
72 -14.37491468 0.7804821405
73 -14.52861852 0.7778030516
74 -14.68036226 0.7751476671
75 -14.83045522 0.7725111556
76 -14.9791789 0.7698890773
77 -15.12679057 0.7672773369
78 -15.2735264 0.7646721405
79 -15.41960415 0.7620699584
80 -15.56522561 0.7594674917
81 -15.71057868 0.7568616418
82 -15.85583928 0.7542494843
83 -16.00117298 0.7516282439
84 -16.14673653 0.7489952731
85 -16.29267915 0.7463480323
86 -16.43914377 0.743684071
87 -16.58626813 0.7410010119
88 -16.73418579 0.7382965346
89 -16.88302706 0.7355683619
90 -17.03291982 0.7328142457
91 -17.18399043 0.7300319546
92 -17.33636437 0.7272192614
93 -17.4901671 0.7243739318
94 -17.64552467 0.7214937125
95 -17.80256445 0.7185763204
96 -17.96141579 0.7156194316
97 -18.12221073 0.7126206704
98 -18.28508462 0.7095775984
99 -18.45017681 0.7064877034
100 -18.61763137 0.7033483884
101 -18.78759779 0.7001569597
102 -18.96023168 0.6969106157
103 -19.13569557 0.6936064342
104 -19.31415969 0.6902413604
105 -19.49580276 0.6868121935
106 -19.68081295 0.6833155736
107 -19.86938868 0.6797479678
108 -20.06173966 0.6761056557
109 -20.25808789 0.6723847148
110 -20.45866867 0.6685810055
111 -20.66373175 0.6646901555
112 -20.87354249 0.6607075449
113 -21.08838304 0.6566282904
114 -21.30855358 0.6524472305
115 -21.53437362 0.6481589113
116 -21.76618323 0.6437575737
117 -22.0043444 0.6392371415
118 -22.24924223 0.6345912127
119 -22.50128619 0.6298130532
120 -22.7609112 0.6248955955
121 -23.02857867 0.6198314419
122 -23.30477726 0.6146128745
123 -23.59002343 0.6092318735
124 -23.88486166 0.6036801452
125 -24.18986428 0.5979491618
126 -24.50563067 0.5920302156
127 -24.83278595 0.5859144892
128 -25.17197882 0.5795931436
129 -25.52387849 0.5730574288
130 -25.88917067 0.5662988153
131 -26.26855223 0.5593091522
132 -26.66272461 0.5520808502
133 -27.07238572 0.5446070931
134 -27.4982201 0.5368820762
135 -27.94088727 0.5289012735
136 -28.401008 0.5206617309
137 -28.87914878 0.5121623794
138 -29.37580444 0.5034043596
139 -29.89137979 0.4943913395
140 -30.42617106 0.4851298061
141 -30.98034813 0.4756293042
142 -31.55393892 0.4659025993
143 -32.14681682 0.4559657428
144 -32.75869211 0.4458380268
145 -33.38910782 0.4355418215
146 -34.03744036 0.4251023
147 -34.70290457 0.4145470608
148 -35.38456322 0.403905666
149 -36.08134012 0.3932091167
150 -36.79203647 0.3824892885
151 -37.51534964 0.3717783529
152 -38.24989386 0.3611082056
153 -38.99422195 0.3505099232
154 -39.74684757 0.3400132669
155 -40.50626736 0.3296462452
156 -41.27098227 0.3194347483
157 -42.03951769 0.3094022589
158 -42.81044192 0.2995696425
159 -43.5823825 0.2899550169
160 -44.35404034 0.2805736954
161 -45.12420127 0.2714381991
162 -45.89174521 0.2625583284
163 -46.65565263 0.2539412843
164 -47.41500879 0.245591831
165 -48.16900558 0.2375124875
166 -48.91694143 0.22970374
167 -49.65821937 0.222164266
168 -50.39234353 0.214891163
169 -51.11891441 0.207880174
170 -51.83762303 0.2011259063
171 -52.54824438 0.1946220392
172 -53.2506301 0.1883615167
173 -53.94470089 0.182336725
174 -54.63043853 0.1765396533
175 -55.30787779 0.1709620369
176 -55.97709831 0.1655954841
177 -56.63821646 0.1604315859
178 -57.29137734 0.1554620115
179 -57.93674696 0.1506785883
180 -58.57450454 0.1460733693
181 -59.20483517 0.1416386879
182 -59.82792269 0.1373672018
183 -60.44394296 0.1332519263
184 -61.05305754 0.1292862589
185 -61.65540779 0.1254639946
186 -62.25110956 0.1217793342
187 -62.8402484 0.1182268853
188 -63.42287555 0.1148016565
189 -63.9990046 0.1114990462
190 -64.56860895 0.108314826
191 -65.13162027 0.1052451198
192 -65.68792771 0.1022863784
193 -66.23737826 0.09943535186
194 -66.77977788 0.09668905823
195 -67.31489378 0.09404475163
196 -67.84245745 0.09149988885
197 -68.36216865 0.08905209606
198 -68.87370007 0.08669913621
199 -69.37670266 0.08443887779
200 -69.87081148 0.08226926571
201 -70.35565181 0.08018829481
202 -70.83084553 0.07819398641
203 -71.29601747 0.07628436831
204 -71.7508016 0.07445745837
205 -72.19484699 0.07271125166
206 -72.62782325 0.07104371132
207 -73.04942557 0.06945276272
208 -73.45937897 0.06793629082
209 -73.85744199 0.06649214027
210 -74.2434096 0.06511811804
211 -74.61711533 0.06381199791
212 -74.97843272 0.06257152669
213 -75.32727604 0.06139443153
214 -75.66360027 0.06027842804
215 -75.98740063 0.05922122889
216 -76.29871134 0.05822055248
217 -76.59760416 0.05727413155
218 -76.88418631 0.05637972142
219 -77.15859819 0.05553510769
220 -77.42101088 0.05473811335
221 -77.67162335 0.05398660516
222 -77.9106597 0.0532784992
223 -78.1383662 0.05261176575
224 -78.3550085 0.0519844332
225 -78.56086875 0.05139459139
226 -78.75624288 0.05084039406
227 -78.94143794 0.0503200607
228 -79.11676966 0.04983187774
229 -79.2825601 0.0493741992
230 -79.43913548 0.0489454468
231 -79.58682421 0.04854410963
232 -79.72595508 0.04816874347
233 -79.85685565 0.04781796972
234 -79.97985077 0.04749047412
235 -80.09526137 0.04718500517
236 -80.20340327 0.0469003724
237 -80.30458629 0.04663544453
238 -80.39911337 0.04638914749
239 -80.48727996 0.04616046231
240 -80.56937343 0.04594842308
241 -80.64567261 0.0457521148
242 -80.71644747 0.04557067126
243 -80.78195886 0.04540327291
244 -80.84245834 0.04524914478
245 -80.89818809 0.04510755443
246 -80.94938081 0.04497781005
247 -80.99625941 0.04485925921
248 -81.03903391 0.0447512935
249 -81.07787361 0.04465340402
250 -81.11266037 0.04456568506
251 -81.14080073 0.04449330561
252 -81.13777 0.04448626497
253 -80.88380692 0.04499647482
254 -78.42207472 0.0503284182
255 -56.62906239 0.1257961035
256 32.47164947 0.9810083988
257 38.54195131 0.9999383682
258 37.58240238 0.9999322112
259 35.4232653 0.9999003824
260 32.35922368 0.9998261078
261 28.70590622 0.9996607234
262 24.79756621 0.9993075171
263 20.88623544 0.9985950535
264 17.13010565 0.9972569265
265 13.62039231 0.9949401204
266 10.40711508 0.9912642676
267 7.514041154 0.9859300224
268 4.945782372 0.9788328614
269 2.691815387 0.9701177077
270 0.7302729803 0.9601415225
271 -0.9678525432 0.9493703831
272 -2.4346544 0.9382689031
273 -3.702091182 0.9272250364
274 -4.799892017 0.916520209
275 -5.754487034 0.9063326523
276 -6.588680126 0.8967569356
277 -7.321771371 0.8878272129
278 -7.969905058 0.8795377831
279 -8.546499171 0.8718588586
280 -9.062675459 0.8647476449
281 -9.527650971 0.8581556444
282 -9.949076515 0.852033214
283 -10.3333205 0.8463322438
284 -10.68570275 0.8410076073
285 -11.01068503 0.836017837
286 -11.31202558 0.8313253298
287 -11.592904 0.8268962783
288 -11.85602233 0.822700453
289 -12.10368693 0.8187109133
290 -12.3378749 0.8149036925
291 -12.56028829 0.811257484
292 -12.77239839 0.8077533443
293 -12.97548212 0.8043744186
294 -13.17065203 0.8011056927
295 -13.35888116 0.7979337718
296 -13.54102371 0.7948466836
297 -13.71783232 0.791833705
298 -13.88997252 0.7888852101
299 -14.058035 0.7859925362
300 -14.22254589 0.7831478666
301 -14.38397554 0.7803441282
302 -14.54274602 0.777574901
303 -14.69923747 0.7748343389
304 -14.85379364 0.7721171007
305 -15.00672662 0.7694182884
306 -15.15832094 0.7667333933
307 -15.30883712 0.7640582483
308 -15.45851481 0.7613889852
309 -15.60757549 0.7587219974
310 -15.75622486 0.7560539061
311 -15.90465499 0.7533815303
312 -16.05304615 0.7507018596
313 -16.20156848 0.74801203
314 -16.35038354 0.7453093019
315 -16.4996456 0.7425910396
316 -16.64950287 0.7398546933
317 -16.80009866 0.7370977819
318 -16.95157233 0.734317877
319 -17.10406031 0.7315125887
320 -17.25769693 0.7286795515
321 -17.41261527 0.7258164109
322 -17.56894797 0.7229208112
323 -17.72682794 0.7199903835
324 -17.88638916 0.7170227332
325 -18.04776734 0.7140154292
326 -18.21110065 0.7109659922
327 -18.37653043 0.7078718831
328 -18.54420191 0.7047304917
329 -18.71426491 0.7015391253
330 -18.88687456 0.6982949968
331 -19.0621921 0.6949952124
332 -19.24038563 0.6916367598
333 -19.42163094 0.6882164955
334 -19.60611231 0.6847311313
335 -19.79402346 0.6811772213
336 -19.98556843 0.6775511479
337 -20.18096255 0.6738491076
338 -20.3804335 0.6700670965
339 -20.58422233 0.6662008953
340 -20.79258459 0.6622460544
341 -21.00579151 0.6581978791
342 -21.22413117 0.6540514143
343 -21.44790978 0.6498014305
344 -21.67745291 0.6454424102
345 -21.91310678 0.6409685357
