0 -20.25875293 0.6723751854
1 -20.45963268 0.66856411
2 -20.66452247 0.6646747452
3 -20.87364364 0.660703305
4 -21.08722792 0.6566458545
5 -21.30551819 0.6524983033
6 -21.52876913 0.6482563998
7 -21.75724796 0.6439157264
8 -21.99123516 0.6394716963
9 -22.23102509 0.6349195509
10 -22.47692669 0.6302543599
11 -22.72926409 0.625471023
12 -22.98837715 0.6205642748
13 -23.25462198 0.615528692
14 -23.52837127 0.610358705
15 -23.81001464 0.6050486134
16 -24.09995866 0.5995926068
17 -24.39862683 0.5939847909
18 -24.70645927 0.5882192209
19 -25.02391211 0.5822899418
20 -25.35145659 0.5761910373
21 -25.68957777 0.5699166881
22 -26.03877279 0.56346124
23 -26.39954864 0.5568192834
24 -26.77241932 0.5499857438
25 -27.15790244 0.5429559848
26 -27.55651505 0.5357259227
27 -27.96876879 0.5282921527
28 -28.39516421 0.5206520868
29 -28.83618435 0.5128041001
30 -29.29228743 0.5047476847
31 -29.7638989 0.4964836073
32 -30.25140266 0.488014068
33 -30.75513185 0.4793428525
34 -31.27535909 0.4704754752
35 -31.81228666 0.4614193048
36 -32.36603665 0.4521836651
37 -32.93664162 0.4427799053
38 -33.52403585 0.4332214304
39 -34.12804796 0.4235236875
40 -34.74839484 0.4137041006
41 -35.38467769 0.4037819518
42 -36.0363802 0.3937782065
43 -36.7028694 0.3837152844
44 -37.38339915 0.3736167796
45 -38.07711658 0.3635071379
46 -38.78307124 0.3534112999
47 -39.50022688 0.343354322
48 -40.22747559 0.3333609885
49 -40.96365375 0.3234554296
50 -41.70755944 0.3136607581
51 -42.45797052 0.3039987386
52 -43.213663 0.2944894995
53 -43.97342891 0.2851512963
54 -44.73609319 0.2760003324
55 -45.50052912 0.2670506391
56 -46.26567185 0.2583140147
57 -47.03052971 0.2498000204
58 -47.79419325 0.2415160262
59 -48.5558417 0.2334673028
60 -49.31474704 0.2256571485
61 -50.07027569 0.2180870466
62 -50.821888 0.2107568419
63 -51.56913561 0.2036649315
64 -52.31165709 0.196808462
65 -53.04917189 0.1901835267
66 -53.78147294 0.183785359
67 -54.50841809 0.1776085174
68 -55.22992061 0.1716470596
69 -55.94593891 0.1658947028
70 -56.65646576 0.1603449694
71 -57.36151709 0.1549913164
72 -58.06112069 0.1498272492
73 -58.75530493 0.1448464171
74 -59.4440877 0.1400426938
75 -60.12746586 0.13541024
76 -60.8054054 0.1309435506
77 -61.47783253 0.1266374855
78 -62.144626 0.122487286
79 -62.80561077 0.1184885768
80 -63.46055347 0.114637355
81 -64.10915952 0.1109299678
82 -64.75107234 0.1073630802
83 -65.38587453 0.1039336343
84 -66.01309111 0.1006388037
85 -66.63219466 0.0974759428
86 -67.24261237 0.09444253575
87 -67.84373454 0.09153614566
88 -68.43492448 0.08875436649
89 -69.01552922 0.0860947795
90 -69.58489089 0.08355491553
91 -70.14235823 0.08113222419
92 -70.68729789 0.07882405059
93 -71.21910517 0.07662761969
94 -71.73721389 0.07454002822
95 -72.24110516 0.07255824359
96 -72.73031483 0.070679109
97 -73.20443942 0.06889935389
98 -73.66314066 0.06721560857
99 -74.10614844 0.06562442207
100 -74.53326231 0.06412228206
101 -74.94435164 0.06270563593
102 -75.33935454 0.06137091218
103 -75.71827565 0.06011454132
104 -76.08118304 0.05893297578
105 -76.42820439 0.05782270836
106 -76.75952254 0.0567802889
107 -77.07537063 0.05580233892
108 -77.376027 0.05488556432
109 -77.66180993 0.05402676584
110 -77.93307237 0.05322284771
111 -78.19019677 0.05247082416
112 -78.43359005 0.05176782439
113 -78.66367886 0.05111109574
114 -78.88090502 0.05049800557
115 -79.08572139 0.0499260418
116 -79.27858803 0.04939281241
117 -79.4599687 0.04889604402
118 -79.63032777 0.04843357969
119 -79.79012741 0.04800337614
120 -79.93982519 0.04760350043
121 -80.07987194 0.04723212629
122 -80.21071002 0.04688753019
123 -80.33277176 0.04656808717
124 -80.44647821 0.04627226661
125 -80.5522382 0.04599862785
126 -80.65044751 0.04574581593
127 -80.74148827 0.04551255725
128 -80.82572861 0.04529765535
129 -80.90352236 0.04509998682
130 -80.97520893 0.04491849725
131 -81.04111332 0.04475219738
132 -81.10154621 0.04460015937
133 -81.15680412 0.04446151321
134 -81.20716967 0.04433544333
135 -81.25291191 0.04422118533
136 -81.29428663 0.04411802288
137 -81.33153677 0.04402528477
138 -81.36489285 0.04394234217
139 -81.39457338 0.04386860597
140 -81.42078534 0.0438035243
141 -81.44372463 0.04374658021
142 -81.46357646 0.04369728955
143 -81.48051548 0.04365519973
144 -81.49470255 0.04361989496
145 -81.50625312 0.04359105908
146 -81.51494955 0.04356905188
147 -81.5176648 0.04356007866
148 -81.48531182 0.04362249821
149 -81.15673193 0.0442855941
150 -78.20092271 0.05067387049
151 -52.3104132 0.147930645
152 34.1477189 0.9903062131
153 38.56823664 0.9999404541
154 37.50380452 0.9999312982
155 35.29579759 0.9998980522
156 32.20851692 0.9998211991
157 28.55809727 0.9996512529
158 24.67201511 0.9992910735
159 20.79355249 0.9985704098
160 17.0742124 0.9972275043
161 13.60106079 0.9949189194
162 10.42177076 0.9912780808
163 7.55889315 0.9860195919
164 5.016574734 0.979047132
165 2.784365915 0.9705042113
166 0.8408376017 0.9607376296
167 -0.8423885275 0.9501990664
168 -2.296734501 0.9393393386
169 -3.553546176 0.9285360364
170 -4.642046293 0.9180642529
171 -5.588274175 0.9080991986
172 -6.414746506 0.8987346366
173 -7.140559779 0.8900051675
174 -7.781717957 0.8819061197
175 -8.351544538 0.8744089165
176 -8.861098978 0.8674719448
177 -9.319558102 0.8610477659
178 -9.734547308 0.8550876444
179 -10.11241932 0.8495442313
180 -10.45848449 0.8443730317
181 -10.77719895 0.8395331033
182 -11.07231752 0.8349872817
183 -11.34701757 0.8307021307
184 -11.60399939 0.82664774
185 -11.84556757 0.8227974485
186 -12.07369724 0.8191275382
187 -12.29008807 0.815616929
188 -12.49620848 0.8122468868
189 -12.69333199 0.8090007535
190 -12.88256721 0.8058637028
191 -13.0648827 0.8028225211
192 -13.24112771 0.7998654129
193 -13.41204939 0.7969818291
194 -13.5783074 0.7941623161
195 -13.74048607 0.7913983829
196 -13.89910478 0.7886823847
197 -14.05462674 0.7860074212
198 -14.2074665 0.7833672466
199 -14.35799631 0.7807561918
200 -14.50655167 0.7781690946
201 -14.65343605 0.7756012399
202 -14.79892499 0.7730483053
203 -14.94326963 0.7705063148
204 -15.08669985 0.7679715964
205 -15.22942694 0.7654407454
206 -15.37164597 0.7629105913
207 -15.51353786 0.760378169
208 -15.65527125 0.7578406918
209 -15.7970041 0.7552955288
210 -15.93888515 0.7527401833
211 -16.0810552 0.7501722739
212 -16.22364828 0.7475895172
213 -16.36679269 0.7449897123
214 -16.51061194 0.7423707263
215 -16.65522562 0.7397304814
216 -16.80075018 0.7370669424
217 -16.94729966 0.7343781058
218 -17.09498635 0.7316619891
219 -17.24392146 0.728916621
220 -17.39421565 0.7261400324
221 -17.54597963 0.7233302469
222 -17.6993247 0.7204852729
223 -17.85436322 0.7176030954
224 -18.01120915 0.7146816679
225 -18.16997854 0.7117189048
226 -18.33078997 0.7087126742
227 -18.49376505 0.7056607901
228 -18.65902891 0.702561005
229 -18.82671063 0.6994110032
230 -18.99694377 0.696208393
231 -19.16986682 0.6929506999
232 -19.34562372 0.689635359
233 -19.52436435 0.6862597079
234 -19.70624508 0.6828209797
235 -19.89142925 0.6793162955
236 -20.08008777 0.6757426572
237 -20.27239967 0.6720969405
238 -20.46855268 0.6683758881
239 -20.66874381 0.6645761025
240 -20.87317999 0.6606940396
241 -21.0820787 0.6567260024
242 -21.29566858 0.6526681356
243 -21.51419009 0.64851642
244 -21.73789616 0.6442666687
245 -21.96705285 0.6399145234
246 -22.20193999 0.6354554529
247 -22.44285175 0.6308847521
248 -22.69009731 0.626197544
249 -22.94400134 0.6213887833
250 -23.20490449 0.6164532632
251 -23.47316384 0.6113856249
252 -23.74915315 0.6061803718
253 -24.03326301 0.6008318878
254 -24.32590088 0.5953344605
255 -24.62749086 0.5896823111
256 -24.93847323 0.5838696306
257 -25.25930372 0.5778906238
258 -25.59045241 0.5717395625
259 -25.93240228 0.5654108467
260 -26.2856472 0.5588990774
261 -26.65068953 0.5521991396
262 -27.02803707 0.5453062965
263 -27.41819932 0.5382162958
264 -27.82168316 0.5309254874
265 -28.23898773 0.5234309515
266 -28.67059848 0.5157306376
267 -29.11698059 0.5078235105
268 -29.57857145 0.4997097028
269 -30.05577257 0.491390669
270 -30.54894077 0.4828693382
271 -31.05837891 0.4741502593
272 -31.58432629 0.4652397332
273 -32.12694896 0.456145926
274 -32.68633024 0.446878955
275 -33.26246172 0.4374509415
276 -33.85523521 0.4278760235
277 -34.46443588 0.4181703213
278 -35.08973706 0.4083518531
279 -35.73069714 0.3984403969
280 -36.38675865 0.3884572977
281 -37.05725009 0.3784252236
282 -37.74139035 0.3683678748
283 -38.43829605 0.358309653
284 -39.14699146 0.3482753023
285 -39.86642097 0.3382895329
286 -40.59546368 0.3283766412
287 -41.33294967 0.3185601401
288 -42.07767748 0.3088624129
289 -42.82843209 0.2993044024
290 -43.58400296 0.2899053451
291 -44.34320135 0.2806825587
292 -45.10487666 0.2716512861
293 -45.86793099 0.2628245979
294 -46.63133186 0.254213353
295 -47.39412263 0.2458262119
296 -48.15543063 0.237669699
297 -48.91447272 0.2297483053
298 -49.67055856 0.2220646253
299 -50.42309153 0.2146195192
300 -51.17156748 0.2074122928
301 -51.91557156 0.2004408885
302 -52.65477331 0.1937020803
303 -53.38892018 0.1871916679
304 -54.11782979 0.1809046649
305 -54.84138114 0.1748354787
306 -55.55950485 0.1689780773
307 -56.27217283 0.1633261433
308 -56.97938735 0.1578732127
309 -57.68116993 0.1526127976
310 -58.37755004 0.1475384924
311 -59.06855393 0.1426440639
312 -59.75419379 0.1379235248
313 -60.43445739 0.1333711905
314 -61.10929859 0.1289817208
315 -61.77862872 0.1247501457
316 -62.44230938 0.120671877
317 -63.10014659 0.1167427059
318 -63.75188672 0.112958789
319 -64.39721423 0.109316622
320 -65.03575145 0.1058130056
321 -65.66706035 0.1024450028
322 -66.29064637 0.09920989194
323 -66.90596415 0.09610511575
324 -67.51242503 0.09312823023
325 -68.10940607 0.09027685448
326 -68.69626023 0.08754862383
327 -69.27232745 0.0849411478
328 -69.83694612 0.08245197427
329 -70.38946471 0.08007856072
330 -70.929253 0.07781825308
331 -71.45571274 0.07566827223
332 -71.9682873 0.07362570794
333 -72.46647011 0.07168751957
334 -72.94981184 0.06985054286
335 -73.41792591 0.06811150168
336 -73.87049266 0.06646702375
337 -74.30726184 0.06491365926
338 -74.72805377 0.06344790131
339 -75.13275904 0.0620662073
340 -75.5213371 0.06076502036
341 -75.8938137 0.05954079015
342 -76.25027752 0.05838999254
343 -76.59087608 0.05730914772
344 -76.91581104 0.0562948364
345 -77.22533322 0.05534371407
