0 -71.88468107 0.0739544417
1 -72.38290069 0.07200839371
2 -72.86635884 0.07016363708
3 -73.3346764 0.06841687919
4 -73.78754005 0.06676473478
5 -74.22470467 0.06520374447
6 -74.64599441 0.06373039509
7 -75.05130232 0.06234114079
8 -75.44058895 0.06103242417
9 -75.81387984 0.05980069676
10 -76.17126216 0.05864243831
11 -76.51288073 0.0575541745
12 -76.83893348 0.05653249284
13 -77.14966653 0.05557405654
14 -77.44536911 0.05467561634
15 -77.72636834 0.05383402027
16 -77.99302403 0.05304622153
17 -78.24572365 0.05230928441
18 -78.48487742 0.05162038858
19 -78.71091367 0.05097683184
20 -78.9242745 0.05037603153
21 -79.12541177 0.04981552465
22 -79.3147834 0.04929296715
23 -79.49285005 0.04880613216
24 -79.66007215 0.04835290769
25 -79.81690727 0.04793129364
26 -79.96380776 0.04753939843
27 -80.10121885 0.04717543522
28 -80.22957691 0.04683771798
29 -80.34930803 0.04652465734
30 -80.4608269 0.04623475626
31 -80.56453586 0.04596660584
32 -80.66082419 0.04571888098
33 -80.75006756 0.04549033615
34 -80.8326277 0.04527980125
35 -80.90885217 0.04508617753
36 -80.97907426 0.04490843368
37 -81.04361303 0.04474560201
38 -81.10277338 0.04459677481
39 -81.15684631 0.04446110086
40 -81.20610913 0.04433778209
41 -81.25082576 0.04422607038
42 -81.29124715 0.04412526454
43 -81.32761163 0.04403470747
44 -81.36014529 0.04395378341
45 -81.38906252 0.04388191541
46 -81.41456633 0.04381856287
47 -81.43684892 0.04376321929
48 -81.45609207 0.04371541013
49 -81.47246759 0.04367469081
50 -81.48613765 0.04364064508
51 -81.49725392 0.04361288588
52 -81.50594642 0.04359107691
53 -81.51221997 0.04357513972
54 -81.51502252 0.04356712296
55 -81.50388996 0.04358797692
56 -81.38407297 0.0438285081
57 -80.30637332 0.04605110996
58 -70.71824135 0.07050737726
59 5.654916301 0.6943327223
60 38.27650842 0.9998541673
61 38.17306806 0.9999387136
62 36.45506633 0.9999172479
63 33.75275717 0.9998650835
64 30.33387123 0.9997479864
65 26.53632506 0.9994951346
66 22.64604436 0.9989758479
67 18.85323624 0.9979764205
68 15.27034529 0.9961938845
69 11.96046805 0.9932689224
70 8.956521393 0.988868896
71 6.270802973 0.982798532
72 3.899607053 0.9750830711
73 1.826643026 0.965974536
74 0.02678697979 0.9558796214
75 -1.529948221 0.9452535211
76 -2.874908335 0.9345099383
77 -4.038248501 0.9239717632
78 -5.047423361 0.9138597563
79 -5.926523997 0.9043044471
80 -6.696182827 0.8953670585
81 -7.373799776 0.8870606251
82 -7.973915001 0.8793674216
83 -8.508621493 0.8722518335
84 -8.987960404 0.8656691868
85 -9.420273329 0.8595714641
86 -9.812503533 0.8539108088
87 -10.1704473 0.8486415375
88 -10.4989606 0.8437211859
89 -10.80212763 0.8391109513
90 -11.08339764 0.8347757704
91 -11.34569593 0.8306841893
92 -11.59151385 0.8268081235
93 -11.82298195 0.8231225677
94 -12.04192966 0.8196052916
95 -12.24993402 0.8162365436
96 -12.44835968 0.8129987717
97 -12.63839194 0.809876368
98 -12.821064 0.8068554388
99 -12.99727964 0.803923599
100 -13.16783214 0.8010697901
101 -13.33342014 0.7982841197
102 -13.49466095 0.7955577208
103 -13.65210185 0.7928826272
104 -13.80622957 0.7902516655
105 -13.95747848 0.7876583598
106 -14.10623745 0.7850968478
107 -14.25285587 0.7825618078
108 -14.39764868 0.7800483939
109 -14.54090085 0.7775521797
110 -14.68287115 0.7750691076
111 -14.82379546 0.7725954452
112 -14.96388971 0.7701277461
113 -15.10335234 0.7676628149
114 -15.24236654 0.7651976767
115 -15.38110222 0.7627295494
116 -15.51971769 0.7602558195
117 -15.65836122 0.7577740196
118 -15.79717236 0.7552818089
119 -15.93628318 0.7527769557
120 -16.07581937 0.7502573203
121 -16.21590115 0.7477208414
122 -16.35664423 0.7451655217
123 -16.49816059 0.7425894165
124 -16.6405592 0.7399906215
125 -16.78394672 0.7373672628
126 -16.92842813 0.7347174869
127 -17.0741073 0.7320394516
128 -17.22108754 0.7293313171
129 -17.36947216 0.7265912381
130 -17.51936491 0.7238173554
131 -17.6708705 0.7210077888
132 -17.82409504 0.7181606296
133 -17.97914651 0.7152739333
134 -18.13613518 0.7123457127
135 -18.29517407 0.709373931
136 -18.45637937 0.7063564951
137 -18.6198709 0.7032912486
138 -18.78577252 0.700175965
139 -18.95421262 0.6970083412
140 -19.12532454 0.6937859903
141 -19.29924707 0.6905064351
142 -19.47612491 0.6871671013
143 -19.65610915 0.6837653102
144 -19.83935784 0.680298272
145 -20.02603643 0.6767630792
146 -20.21631837 0.6731566992
147 -20.41038567 0.669475968
148 -20.60842943 0.6657175831
149 -20.81065049 0.6618780977
150 -21.01725998 0.6579539137
151 -21.22847999 0.6539412769
152 -21.44454416 0.6498362711
153 -21.66569836 0.6456348143
154 -21.89220127 0.6413326547
155 -22.12432507 0.6369253686
156 -22.362356 0.6324083594
157 -22.60659501 0.6277768584
158 -22.85735825 0.6230259281
159 -23.11497763 0.6181504673
160 -23.37980121 0.6131452198
161 -23.65219353 0.6080047868
162 -23.93253584 0.602723643
163 -24.22122617 0.5972961581
164 -24.51867918 0.5917166234
165 -24.82532583 0.5859792854
166 -25.14161276 0.580078386
167 -25.46800139 0.5740082114
168 -25.80496655 0.5677631495
169 -26.15299482 0.5613377571
170 -26.51258228 0.5547268378
171 -26.88423177 0.5479255307
172 -27.26844949 0.5409294102
173 -27.66574099 0.5337345983
174 -28.07660643 0.5263378863
175 -28.50153506 0.5187368686
176 -28.94099897 0.5109300837
177 -29.39544605 0.5029171633
178 -29.86529225 0.4946989837
179 -30.35091311 0.4862778187
180 -30.85263482 0.4776574867
181 -31.37072475 0.468843488
182 -31.90538195 0.4598431261
183 -32.45672755 0.4506656055
184 -33.02479561 0.4413220999
185 -33.60952461 0.431825783
186 -34.21075009 0.4221918166
187 -34.82819866 0.4124372906
188 -35.46148385 0.4025811099
189 -36.11010419 0.3926438293
190 -36.77344365 0.3826474346
191 -37.45077481 0.3726150752
192 -38.14126473 0.3625707536
193 -38.8439836 0.3525389819
194 -39.55791591 0.3425444146
195 -40.28197401 0.3326114719
196 -41.01501345 0.3227639669
197 -41.75584992 0.313024749
198 -42.50327689 0.3034153775
199 -43.25608358 0.2939558349
200 -44.01307268 0.2846642901
201 -44.77307705 0.2755569159
202 -45.53497519 0.2666477638
203 -46.29770479 0.2579486976
204 -47.0602743 0.2494693814
205 -47.82177211 0.2412173189
206 -48.58137338 0.2331979365
207 -49.33834442 0.225414704
208 -50.0920447 0.2178692845
209 -50.84192672 0.2105617054
210 -51.58753374 0.2034905439
211 -52.32849568 0.1966531198
212 -53.06452351 0.1900456891
213 -53.79540206 0.1836636352
214 -54.52098178 0.1775016516
215 -55.24116947 0.171553915
216 -55.95591827 0.1658142448
217 -56.665217 0.1602762486
218 -57.3690792 0.1549334524
219 -58.06753192 0.1497794144
220 -58.7606045 0.1448078225
221 -59.44831756 0.1400125756
222 -60.13067243 0.1353878486
223 -60.80764118 0.1309281412
224 -61.47915758 0.1266283112
225 -62.14510915 0.1224835934
226 -62.80533061 0.118489604
227 -63.45959886 0.1146423324
228 -64.10762983 0.1109381208
229 -64.74907713 0.1073736343
230 -65.38353284 0.1039458223
231 -66.01053026 0.1006518734
232 -66.62954865 0.09748916696
233 -67.24001987 0.09445522126
234 -67.84133663 0.09154764313
235 -68.4328621 0.08876407911
236 -69.01394062 0.08610217078
237 -69.58390898 0.08355951563
238 -70.14210805 0.08113363457
239 -70.68789432 0.07882194677
240 -71.22065085 0.07662175218
241 -71.73979753 0.07453022162
242 -72.24480026 0.07254439401
243 -72.73517872 0.0706611801
244 -73.21051286 0.06887737167
245 -73.67044774 0.06718965529
246 -74.11469693 0.06559462958
247 -74.54304431 0.06408882478
248 -74.95534455 0.06266872373
249 -75.35152226 0.0613307834
250 -75.73156995 0.06007145609
251 -76.09554509 0.05888720977
252 -76.44356632 0.05777454707
253 -76.77580903 0.05673002251
254 -77.09250052 0.05575025785
255 -77.39391481 0.0548319553
256 -77.68036728 0.05397190873
257 -77.95220936 0.05316701276
258 -78.20982316 0.05241426995
259 -78.45361638 0.05171079617
260 -78.68401737 0.05105382426
261 -78.90147049 0.05044070627
262 -79.10643181 0.04986891436
263 -79.29936516 0.04933604059
264 -79.48073851 0.04883979572
265 -79.65102075 0.0483780072
266 -79.8106788 0.04794861657
267 -79.9601751 0.04754967627
268 -80.09996547 0.04717934605
269 -80.23049718 0.04683588909
270 -80.35220741 0.04651766791
271 -80.465522 0.04622314013
272 -80.57085435 0.04595085415
273 -80.66860465 0.04569944485
274 -80.75915926 0.04546762924
275 -80.84289027 0.04525420226
276 -80.92015524 0.04505803259
277 -80.9912971 0.04487805867
278 -81.05664408 0.04471328472
279 -81.11650985 0.04456277704
280 -81.17119371 0.04442566036
281 -81.22098081 0.0443011144
282 -81.26614248 0.04418837057
283 -81.30693657 0.04408670886
284 -81.3436079 0.04399545487
285 -81.3763885 0.0439139772
286 -81.40549715 0.0438416868
287 -81.43113115 0.04377805182
288 -81.45338999 0.04372275005
289 -81.47159134 0.04367704342
290 -81.47817864 0.0436560276
291 -81.40447394 0.04379797162
292 -80.63794345 0.0453630443
293 -73.75318388 0.06179986932
294 -16.58676152 0.451404256
295 37.86251738 0.9996066705
296 38.30362536 0.9999398865
297 36.72758774 0.9999211875
298 34.11966201 0.9998738481
299 30.73789399 0.9997661217
300 26.92415339 0.9995301303
301 22.98243547 0.99903751
302 19.12048763 0.9980731932
303 15.46270103 0.9963249571
304 12.07923838 0.9934135298
305 9.006980741 0.9889780948
306 6.260294885 0.98279618
307 3.836255711 0.9748782528
308 1.718411085 0.965479922
309 -0.1191581181 0.9550267006
310 -1.707560192 0.9439991882
311 -3.079330787 0.9328349391
312 -4.265716261 0.9218747887
313 -5.295085093 0.9113507964
314 -6.192248998 0.9013993627
315 -6.978386095 0.892083889
316 -7.671298416 0.8834174047
317 -8.285817137 0.875381059
318 -8.834243533 0.8679376524
319 -9.32676697 0.8610408336
320 -9.7718344 0.8546409981
321 -10.17646427 0.8486888675
322 -10.54650701 0.8431375193
323 -10.88685823 0.837943423
324 -11.20163185 0.8330668598
325 -11.49430014 0.8284719771
326 -11.76780696 0.8241266346
327 -12.0246593 0.8200021444
328 -12.26700155 0.8160729634
329 -12.49667587 0.812316376
330 -12.7152714 0.8087121862
331 -12.92416467 0.8052424302
332 -13.12455275 0.8018911137
333 -13.31748072 0.798643977
334 -13.50386439 0.7954882848
335 -13.68450932 0.7924126409
336 -13.86012665 0.7894068254
337 -14.03134647 0.7864616512
338 -14.19872908 0.7835688385
339 -14.36277453 0.7807209045
340 -14.52393073 0.7779110673
341 -14.68260041 0.7751331609
342 -14.83914703 0.7723815612
343 -14.99389992 0.7696511204
344 -15.14715869 0.7669371092
345 -15.29919705 0.7642351665
346 -15.45026614 0.7615412541
347 -15.60059745 0.7588516167
348 -15.75040536 0.7561627466
349 -15.89988938 0.753471352
350 -16.04923613 0.750774329
351 -16.1986211 0.7480687355
352 -16.3482102 0.7453517691
353 -16.4981612 0.7426207458
354 -16.64862493 0.7398730816
355 -16.79974648 0.737106275
356 -16.95166618 0.7343178917
357 -17.10452059 0.7315055497
358 -17.25844334 0.728666906
359 -17.41356596 0.7257996442
360 -17.57001861 0.7229014627
361 -17.72793084 0.7199700635
362 -17.88743218 0.7170031418
363 -18.04865284 0.7139983759
364 -18.21172433 0.7109534178
365 -18.37678 0.7078658835
366 -18.5439557 0.7047333441
367 -18.71339031 0.701553317
368 -18.8852263 0.6983232573
369 -19.05961032 0.695040549
370 -19.23669378 0.6917024965
371 -19.41663341 0.6883063169
372 -19.59959182 0.6848491307
373 -19.78573814 0.6813279545
374 -19.97524856 0.6777396924
375 -20.16830702 0.674081128
376 -20.36510578 0.6703489167
377 -20.56584606 0.666539578
378 -20.77073875 0.6626494881
379 -20.98000502 0.658674873
380 -21.19387703 0.6546118016
381 -21.4125986 0.6504561803
382 -21.63642592 0.6462037476
383 -21.86562821 0.6418500701
384 -22.10048841 0.6373905397
385 -22.34130387 0.6328203723
386 -22.58838692 0.6281346086
387 -22.84206551 0.6233281168
388 -23.10268371 0.6183955986
389 -23.37060214 0.6133315983
390 -23.64619835 0.6081305154
391 -23.92986699 0.6027866225
392 -24.22201984 0.5972940879
393 -24.52308569 0.5916470045
394 -24.83350987 0.585839426
395 -25.15375358 0.5798654101
396 -25.4842928 0.5737190715
397 -25.82561684 0.5673946435
398 -26.17822641 0.5608865514
399 -26.54263113 0.5541894955
400 -26.91934649 0.5472985475
401 -27.30889011 0.540209258
402 -27.71177732 0.5329177764
403 -28.12851594 0.525420982
404 -28.55960029 0.5177166264
405 -29.00550439 0.5098034831
406 -29.46667439 0.501681505
407 -29.94352019 0.4933519829
408 -30.4364065 0.4848177032
409 -30.9456433 0.4760830985
410 -31.47147608 0.467154385
411 -32.01407588 0.4580396797
412 -32.57352961 0.4487490908
413 -33.14983089 0.4392947728
414 -33.7428718 0.4296909412
415 -34.35243601 0.419953838
416 -34.97819348 0.4101016459
417 -35.61969739 0.4001543465
418 -36.27638341 0.3901335232
419 -36.94757158 0.3800621108
420 -37.63247108 0.3699640964
421 -38.3301878 0.3598641819
422 -39.03973459 0.3497874152
423 -39.76004412 0.3397588063
424 -40.48998377 0.3298029393
425 -41.2283723 0.3199435962
426 -41.97399754 0.3102034053
427 -42.7256347 0.300603526
428 -43.48206452 0.2911633809
429 -44.24209086 0.281900442
430 -45.00455693 0.2728300749
431 -45.76836002 0.2639654428
432 -46.53246406 0.2553174694
433 -47.2959101 0.2468948548
434 -48.05782417 0.2387041412
435 -48.81742284 0.2307498188
436 -49.57401628 0.2230344665
437 -50.32700908 0.2155589161
438 -51.07589881 0.2083224365
439 -51.82027277 0.2013229264
440 -52.55980289 0.1945571117
441 -53.2942392 0.1880207417
442 -54.02340197 0.1817087789
443 -54.74717278 0.17561558
444 -55.46548479 0.1697350639
445 -56.17831223 0.1640608667
446 -56.88565954 0.1585864806
447 -57.58755012 0.1533053775
448 -58.28401507 0.1482111151
449 -58.97508202 0.1432974271
450 -59.6607643 0.1385582965
451 -60.34105062 0.1339880122
452 -61.01589563 0.1295812102
453 -61.68521144 0.125332899
454 -62.34886046 0.1212384704
455 -63.00664973 0.1172936966
456 -63.65832694 0.1134947151
457 -64.30357836 0.1098380027
458 -64.94202873 0.1063203395
459 -65.57324313 0.1029387673
460 -66.19673095 0.09969054091
461 -66.81195165 0.09657307818
462 -67.41832232 0.09358390845
463 -68.01522662 0.0907206228
464 -68.60202493 0.0879808275
465 -69.17806529 0.08536210256
466 -69.74269472 0.08286196646
467 -70.29527063 0.08047784803
468 -70.83517184 0.07820706586
469 -71.36180899 0.07604681543
470 -71.87463395 0.07399416346
471 -72.3731481 0.07204604902
472 -72.85690915 0.07019929051
473 -73.32553663 0.06845059759
474 -73.77871581 0.06679658686
475 -74.21620016 0.06523380042
476 -74.63781236 0.0637587261
477 -75.04344407 0.06236781862
478 -75.43305444 0.0610575207
479 -75.80666772 0.05982428355
480 -76.16436984 0.05866458625
481 -76.5063045 0.05757495341
482 -76.83266857 0.05655197118
483 -77.14370726 0.05559230113
484 -77.43970896 0.05469269211
485 -77.72100009 0.05384999012
486 -77.98793986 0.05306114614
487 -78.24091523 0.05232322214
488 -78.48033603 0.05163339541
489 -78.70663027 0.05098896133
490 -78.92023983 0.05038733476
491 -79.12161643 0.04982605029
492 -79.31121793 0.04930276143
493 -79.48950497 0.04881523893
494 -79.65693805 0.04836136849
495 -79.8139748 0.04793914774
496 -79.96106776 0.04754668291
497 -80.09866232 0.04718218508
498 -80.22719505 0.0468439662
499 -80.3470923 0.04653043493
500 -80.458769 0.04624009243
501 -80.56262776 0.04597152802
502 -80.65905815 0.04572341494
503 -80.74843614 0.04549450609
504 -80.83112374 0.04528362985
505 -80.90746883 0.04508968607
506 -80.97780498 0.04491164211
507 -81.04245153 0.04474852903
508 -81.10171371 0.04459943793
509 -81.15588279 0.04446351648
510 -81.20523634 0.04433996556
511 -81.25003858 0.04422803607
512 -81.29054072 0.04412702591
513 -81.32698132 0.04403627711
514 -81.35958674 0.0439551731
515 -81.38857159 0.04388313617
516 -81.41413912 0.04381962502
517 -81.43648174 0.04376413249
518 -81.45578144 0.04371618341
519 -81.47221021 0.04367533261
520 -81.48593043 0.04364116331
521 -81.49709394 0.04361328794
522 -81.50583094 0.04359136968
523 -81.51214653 0.04357532943
524 -81.51498989 0.04356721322
525 -81.50390703 0.04358795099
526 -81.38423972 0.04382816478
527 -80.3076185 0.04604846677
528 -70.72891418 0.07047491029
529 5.584191478 0.6935996713
530 38.27543709 0.9998538173
531 38.17349656 0.9999387178
532 36.45590539 0.9999172603
533 33.75386498 0.9998651109
534 30.33507529 0.9997480426
535 26.53746934 0.9994952416
536 22.64702793 0.998976034
537 18.85400957 0.9979767076
538 15.27089326 0.9961942653
539 11.9607958 0.9932693284
540 8.956645359 0.9888691754
541 6.270745462 0.9827984546
542 3.899392499 0.9750823665
543 1.826295263 0.9659729472
544 0.02632740597 0.955876949
545 -1.530501574 0.9452496414
546 -2.875540991 0.9345047982
547 -4.038949232 0.9239653621
548 -5.048183657 0.913852127
549 -5.927337492 0.9042956393
550 -6.697044778 0.8953571279
551 -7.374706635 0.8870496275
552 -7.974864084 0.879355409
553 -8.509610733 0.8722388532
554 -8.988988174 0.8656552811
555 -9.421338313 0.8595566703
556 -9.813604635 0.8538951599
557 -10.17158358 0.8486250628
558 -10.50013124 0.8437039115
559 -10.8033319 0.8390929006
560 -11.08463487 0.8347569643
561 -11.34696551 0.8306646467
562 -11.5928152 0.8267878614
563 -11.82431455 0.8231016016
564 -12.04329301 0.8195836355
565 -12.25132766 0.8162142101
566 -12.44978319 0.8129757722
567 -12.63984494 0.8098527128
568 -12.82254613 0.8068311371
569 -12.99879058 0.8038986589
570 -13.1693716 0.8010442188
571 -13.33498788 0.7982579235
572 -13.49625676 0.7955309047
573 -13.65372554 0.7928551957
574 -13.80788102 0.790223622
575 -13.95915758 0.7876297069
576 -14.10794415 0.7850675872
577 -14.25459014 0.7825319403
578 -14.39941055 0.7800179195
579 -14.54269038 0.7775210975
580 -14.68468844 0.7750374159
581 -14.82564067 0.7725631414
582 -14.96576302 0.7700948269
583 -15.10525397 0.7676292759
584 -15.24429678 0.7651635128
585 -15.38306138 0.7626947546
586 -15.52170615 0.7602203869
587 -15.66037938 0.7577379413
588 -15.79922069 0.7552450764
589 -15.93836219 0.7527395592
590 -16.07792961 0.7502192493
591 -16.21804325 0.7476820842
592 -16.35881886 0.7451260659
593 -16.50036846 0.7425492484
594 -16.6428011 0.7399497265
595 -16.78622349 0.737325625
596 -16.93074067 0.7346750895
597 -17.07645658 0.7319962765
598 -17.2234746 0.729287345
599 -17.3718981 0.7265464484
600 -17.52183091 0.7237717262
601 -17.67337783 0.7209612968
602 -17.82664503 0.71811325
603 -17.98174059 0.7152256399
604 -18.13877486 0.7122964777
605 -18.29786096 0.7093237249
606 -18.45911518 0.7063052867
607 -18.62265744 0.7032390049
608 -18.78861171 0.7001226511
609 -18.95710651 0.6969539201
610 -19.12827529 0.6937304231
611 -19.30225697 0.6904496807
612 -19.47919639 0.6871091161
613 -19.6592448 0.6837060484
614 -19.84256038 0.6802376854
615 -20.02930876 0.6767011168
616 -20.21966356 0.6730933073
617 -20.41380697 0.6694110901
618 -20.61193028 0.6656511599
619 -20.81423453 0.6618100665
620 -21.02093108 0.657884209
621 -21.23224222 0.6538698296
622 -21.44840186 0.6497630091
623 -21.66965608 0.6455596618
624 -21.89626385 0.6412555326
625 -22.12849761 0.6368461941
626 -22.36664388 0.6323270462
627 -22.61100391 0.6276933169
628 -22.86189417 0.6229400651
629 -23.11964686 0.6180621863
630 -23.38461036 0.6130544213
631 -23.65714956 0.6079113682
632 -23.93764603 0.6026274993
633 -24.22649813 0.5971971821
634 -24.52412086 0.5916147065
635 -24.83094548 0.5858743179
636 -25.14741896 0.5799702582
637 -25.47400299 0.5738968146
638 -25.81117266 0.5676483771
639 -26.15941478 0.5612195057
640 -26.51922562 0.5546050092
641 -26.89110811 0.5478000334
642 -27.27556853 0.5408001614
643 -27.67311238 0.5336015263
644 -28.08423971 0.5262009327
645 -28.50943951 0.5185959911
646 -28.94918351 0.5107852589
647 -29.40391911 0.5027683894
648 -29.87406158 0.4945462838
649 -30.35998564 0.4861212434
650 -30.86201646 0.477497117
651 -31.38042023 0.4686794379
652 -31.91539461 0.4596755449
653 -32.46705918 0.4504946794
654 -33.03544625 0.4411480529
655 -33.62049242 0.4316488777
656 -34.2220312 0.4220123533
657 -34.83978706 0.4122556056
658 -35.47337136 0.4023975736
659 -36.12228038 0.3924588421
660 -36.78589594 0.3824614225
661 -37.4634885 0.3724284842
662 -38.15422316 0.3623840439
663 -38.85716833 0.3523526206
664 -39.57130695 0.3423588689
665 -40.2955501 0.3324272018
666 -41.02875239 0.3225814182
667 -41.76972886 0.3128443465
668 -42.51727271 0.3032375192
669 -43.27017323 0.2937808871
670 -44.02723349 0.2844925831
671 -44.78728708 0.2753887407
672 -45.54921347 0.2664833707
673 -46.31195159 0.2577882952
674 -47.07451133 0.2493131366
675 -47.83598267 0.2410653583
676 -48.59554247 0.2330503481
677 -49.35245879 0.2252715399
678 -50.10609291 0.2177305639
679 -50.85589907 0.210427418
680 -51.60142223 0.2033606535
681 -52.34229395 0.1965275679
682 -53.07822666 0.1899243986
683 -53.80900653 0.1835465141
684 -54.53448519 0.1773885963
685 -55.25457042 0.1714448134
686 -55.96921615 0.1657089793
687 -56.67841179 0.1601746988
688 -57.38217125 0.1548354973
689 -58.08052173 0.1496849345
690 -58.77349251 0.1447167015
691 -59.46110394 0.1399247019
692 -60.14335688 0.1353031162
693 -60.82022277 0.1308464506
694 -61.49163457 0.1265495698
695 -62.15747883 0.122407716
696 -62.81758923 0.1184165125
697 -63.47174153 0.1145719555
698 -64.11965048 0.1108703937
699 -64.76096852 0.1073084979
700 -65.39528656 0.1038832224
701 -66.02213684 0.1005917601
702 -66.64099766 0.09743149305
703 -67.25130006 0.09439994182
704 -67.85243612 0.09149471435
705 -68.44376856 0.08871345737
