1.7438 0.218266 0.969865 1.91736 6.40402 125.401 3.29754 0.757534 0.757534 1
1.74277 0.199546 0.719334 1.92025 6.31791 128.733 2.44574 0.820166 0.820166 1
1.74248 0.035383 0.31209 1.92106 5.56276 134.149 1.06111 0.921978 0.921978 1
1.74013 0.479971 0.516313 1.92763 7.60787 131.433 1.75546 0.870922 0.870922 1
1.73969 0.0414587 0.209162 1.92887 5.59071 135.518 0.711151 0.947709 0.947709 1
1.73786 0.209151 0.737316 1.93398 6.3621 128.494 2.50687 0.815671 0.815671 1
1.73398 0.76811 0.145632 1.94486 8.93331 136.363 0.495147 0.963592 0.963592 1
1.73354 0.253321 0.432272 1.94609 6.56528 132.551 1.46972 0.891932 0.891932 1
1.73198 0.155848 0.61917 1.95045 6.1169 130.065 2.10518 0.845208 0.845208 1
1.73058 0.322438 0.0221146 1.95439 6.88321 138.006 0.0751898 0.994471 0.994471 1
1.72751 0.0160624 0.81941 1.96296 5.47389 127.402 2.78599 0.795148 0.795148 1
1.72635 0.415079 1.12803 1.96621 7.30936 123.297 3.8353 0.717992 0.717992 1
1.7253 0.495706 0.474956 1.96915 7.68025 131.983 1.61485 0.881261 0.881261 1
1.72438 0.632941 0.237105 1.97175 8.31153 135.146 0.806159 0.940724 0.940724 1
1.72335 0.383664 0.998165 1.97461 7.16486 125.024 3.39376 0.750459 0.750459 1
1.72033 0.111605 0.782004 1.98309 5.91338 127.899 2.65881 0.804499 0.804499 1
1.71878 0.225826 0.504482 1.98741 6.4388 131.59 1.71524 0.87388 0.87388 1
1.71518 0.485526 0.79567 1.99748 7.63342 127.718 2.70528 0.801082 0.801082 1
1.71302 0.28661 1.11554 2.00355 6.71841 123.463 3.79283 0.721115 0.721115 1
1.71143 0.546166 0.129004 2.00799 7.91237 136.584 0.438615 0.967749 0.967749 1
1.70902 0.248074 0.59822 2.01474 6.54114 130.344 2.03395 0.850445 0.850445 1
1.70692 0.00808839 1.0764 2.02063 5.43721 123.984 3.65976 0.7309 0.7309 1
1.70379 0.432619 0.227012 2.02939 7.39005 135.281 0.771841 0.943247 0.943247 1
1.70288 0.592941 0.161963 2.03194 8.12753 136.146 0.550673 0.959509 0.959509 1
1.70159 0.120804 1.01583 2.03554 5.9557 124.789 3.45383 0.746042 0.746042 1
1.69793 0.562071 0.519798 2.04578 7.98553 131.387 1.76731 0.87005 0.87005 1
1.69695 0.594922 0.397591 2.04855 8.13664 133.012 1.35181 0.900602 0.900602 1
1.69492 0.55916 0.152039 2.05423 7.97214 136.278 0.516932 0.96199 0.96199 1
1.69362 0.295915 0.991693 2.05788 6.76121 125.11 3.37176 0.752077 0.752077 1
1.68996 0.509968 0.184658 2.06811 7.74586 135.844 0.627836 0.953836 0.953836 1
1.68826 0.216371 0.357528 2.07286 6.39531 133.545 1.21559 0.910618 0.910618 1
1.68611 0.547011 0.544594 2.07889 7.91625 131.057 1.85162 0.863851 0.863851 1
1.68495 0.114538 0.358898 2.08214 5.92688 133.527 1.22025 0.910276 0.910276 1
1.68158 0.177556 0.614253 2.09157 6.21676 130.13 2.08846 0.846437 0.846437 1
1.67749 0.522307 1.03277 2.10303 7.80261 124.564 3.51142 0.741807 0.741807 1
1.67243 0.531755 0.508548 2.1172 7.84607 131.536 1.72906 0.872863 0.872863 1
1.67008 0.0375112 0.913431 2.12377 5.57255 126.151 3.10566 0.771642 0.771642 1
1.66896 0.0648218 1.11353 2.12692 5.69818 123.49 3.78599 0.721618 0.721618 1
1.66771 0.449166 0.430506 2.13041 7.46616 132.574 1.46372 0.892373 0.892373 1
1.66555 0.325948 0.779133 2.13645 6.89936 127.938 2.64905 0.805217 0.805217 1
1.66487 0.132223 0.0680831 2.13836 6.00822 137.394 0.231483 0.982979 0.982979 1
1.65899 0.279675 1.03223 2.15483 6.6865 124.571 3.50957 0.741943 0.741943 1
1.65564 0.17678 0.0243802 2.16421 6.21319 137.976 0.0828926 0.993905 0.993905 1
1.65433 0.540049 0.00441203 2.16787 7.88423 138.241 0.0150009 0.998897 0.998897 1
1.65332 0.247003 0.392593 2.1707 6.53621 133.079 1.33482 0.901852 0.901852 1
1.65064 0.126597 0.840998 2.1782 5.98234 127.115 2.85939 0.78975 0.78975 1
1.6489 0.113479 0.798792 2.18307 5.922 127.676 2.71589 0.800302 0.800302 1
1.64793 0.373001 0.34604 2.18579 7.11581 133.698 1.17654 0.91349 0.91349 1
1.64747 0.577986 0.858182 2.1871 8.05874 126.886 2.91782 0.785455 0.785455 1
1.64183 0.220957 0.372734 2.20287 6.4164 133.343 1.2673 0.906816 0.906816 1
1.63967 0.296332 0.682779 2.20893 6.76313 129.219 2.32145 0.829305 0.829305 1
1.63512 0.0754166 0.692234 2.22166 5.74692 129.093 2.35359 0.826942 0.826942 1
1.6326 0.441814 0.186028 2.22873 7.43234 135.826 0.632494 0.953493 0.953493 1
1.63205 0.439318 0.40087 2.23026 7.42086 132.968 1.36296 0.899783 0.899783 1
1.62576 0.650765 0.196147 2.24789 8.39352 135.691 0.6669 0.950963 0.950963 1
1.6237 0.399852 0.0809047 2.25363 7.23932 137.224 0.275076 0.979774 0.979774 1
1.62147 0.0709545 0.455424 2.25988 5.72639 132.243 1.54844 0.886144 0.886144 1
1.6212 0.10009 0.451387 2.26064 5.86041 132.297 1.53471 0.887153 0.887153 1
1.61592 0.390741 0.343766 2.27544 7.19741 133.728 1.16881 0.914058 0.914058 1
1.61481 0.37483 0.0813774 2.27853 7.12422 137.218 0.276683 0.979656 0.979656 1
1.61229 0.0430846 0.601702 2.28559 5.59819 130.297 2.04579 0.849574 0.849574 1
1.60912 0.794096 0.0976318 2.29447 9.05284 137.001 0.331948 0.975592 0.975592 1
1.60653 0.254476 0.90522 2.30171 6.57059 126.261 3.07775 0.773695 0.773695 1
1.60568 0.0776163 0.15364 2.30411 5.75704 136.257 0.522376 0.96159 0.96159 1
1.60437 0.488298 0.93234 2.30777 7.64617 125.9 3.16996 0.766915 0.766915 1
1.60243 0.0982873 1.16842 2.3132 5.85212 122.76 3.97262 0.707895 0.707895 1
1.59955 0.309318 0.26694 2.32126 6.82287 134.75 0.907597 0.933265 0.933265 1
1.59788 0.438687 0.646482 2.32595 7.41796 129.702 2.19804 0.83838 0.83838 1
1.59598 0.0868998 0.355876 2.33126 5.79974 133.567 1.20998 0.911031 0.911031 1
1.59487 0.0494684 1.20948 2.33435 5.62755 122.214 4.11222 0.697631 0.697631 1
1.59332 0.453307 0.531563 2.33869 7.48521 131.23 1.80731 0.867109 0.867109 1
1.59152 0.622924 0.437531 2.34375 8.26545 132.481 1.48761 0.890617 0.890617 1
1.58991 0.0685213 1.15033 2.34824 5.7152 123.001 3.91112 0.712418 0.712418 1
1.58535 0.585872 0.55061 2.36101 8.09501 130.977 1.87207 0.862347 0.862347 1
1.58483 0.51569 0.16857 2.36248 7.77217 136.058 0.573139 0.957857 0.957857 1
1.58174 0.260587 0.0253926 2.37114 6.5987 137.962 0.0863349 0.993652 0.993652 1
1.58058 0.503576 0.433135 2.37438 7.71645 132.539 1.47266 0.891716 0.891716 1
1.57867 0.634052 0.573732 2.37973 8.31664 130.669 1.95069 0.856567 0.856567 1
1.57509 0.703926 0.163828 2.38976 8.63806 136.121 0.557016 0.959043 0.959043 1
1.5704 0.602426 0.561056 2.40287 8.17116 130.838 1.90759 0.859736 0.859736 1
1.56875 0.513108 0.212638 2.4075 7.7603 135.472 0.72297 0.94684 0.94684 1
1.56781 0.108066 0.141189 2.41012 5.8971 136.422 0.480042 0.964703 0.964703 1
1.56718 0.508626 1.24053 2.41191 7.73968 121.801 4.21779 0.689869 0.689869 1
1.56524 0.584704 0.771258 2.41733 8.08964 128.042 2.62228 0.807185 0.807185 1
1.55922 0.578914 0.687241 2.43419 8.06301 129.16 2.33662 0.82819 0.82819 1
1.5559 0.181775 0.014524 2.44348 6.23616 138.107 0.0493816 0.996369 0.996369 1
1.55479 0.565151 0.942887 2.44658 7.9997 125.76 3.20582 0.764278 0.764278 1
1.5537 0.728408 0.0707143 2.44963 8.75068 137.359 0.240429 0.982321 0.982321 1
1.5504 0.190972 0.575819 2.45888 6.27847 130.642 1.95778 0.856045 0.856045 1
1.54989 0.643501 0.830845 2.46032 8.3601 127.25 2.82487 0.792289 0.792289 1
1.54855 0.0439233 0.763236 2.46405 5.60205 128.149 2.595 0.809191 0.809191 1
1.54744 0.334428 0.750233 2.46717 6.93837 128.322 2.55079 0.812442 0.812442 1
1.54225 0.554249 0.641575 2.4817 7.94955 129.767 2.18135 0.839606 0.839606 1
1.53892 0.23451 0.95985 2.49102 6.47875 125.534 3.26349 0.760038 0.760038 1
1.53675 0.343025 0.725677 2.49709 6.97791 128.648 2.4673 0.818581 0.818581 1
1.53519 0.75262 0.521591 2.50147 8.86205 131.363 1.77341 0.869602 0.869602 1
1.53324 0.543987 0.559703 2.50692 7.90234 130.856 1.90299 0.860074 0.860074 1
1.53028 0.318591 0.481037 2.51521 6.86552 131.902 1.63553 0.879741 0.879741 1
1.52917 0.301054 0.0453484 2.51834 6.78485 137.697 0.154185 0.988663 0.988663 1
1.52684 0.597397 0.302722 2.52485 8.14803 134.274 1.02925 0.924319 0.924319 1
1.52437 0.361371 0.896905 2.53175 7.06231 126.371 3.04948 0.775774 0.775774 1
1.52173 0.197937 1.09086 2.53916 6.31051 123.792 3.70892 0.727285 0.727285 1
1.51963 0.251276 0.328642 2.54503 6.55587 133.929 1.11738 0.91784 0.91784 1
1.51552 0.24083 0.780441 2.55654 6.50782 127.92 2.6535 0.80489 0.80489 1
1.51193 0.028508 0.56479 2.5666 5.53114 130.788 1.92028 0.858803 0.858803 1
1.51004 0.332497 1.22435 2.57189 6.92949 122.016 4.16278 0.693913 0.693913 1
1.50872 0.41153 0.839311 2.57558 7.29304 127.137 2.85366 0.790172 0.790172 1
1.50632 0.149945 0.502552 2.58229 6.08975 131.616 1.70868 0.874362 0.874362 1
1.5048 0.461858 0.578096 2.58657 7.52455 130.611 1.96553 0.855476 0.855476 1
1.5031 0.625909 0.955326 2.59132 8.27918 125.594 3.24811 0.761169 0.761169 1
1.50162 0.400964 1.04737 2.59547 7.24444 124.37 3.56104 0.738159 0.738159 1
1.50047 0.691545 0.664338 2.59869 8.58111 129.464 2.25875 0.833916 0.833916 1
1.49976 0.0655628 0.556355 2.60067 5.70159 130.9 1.89161 0.860911 0.860911 1
1.49519 0.516321 0.71578 2.61346 7.77508 128.78 2.43365 0.821055 0.821055 1
1.49197 0.269684 0.228076 2.62248 6.64055 135.267 0.775457 0.942981 0.942981 1
1.49071 0.125189 0.98617 2.62602 5.97587 125.184 3.35298 0.753458 0.753458 1
1.4897 0.385164 0.215444 2.62885 7.17176 135.435 0.732508 0.946139 0.946139 1
1.48638 0.381892 0.741361 2.63814 7.1567 128.44 2.52063 0.81466 0.81466 1
1.48326 0.0844023 0.924282 2.64687 5.78825 126.007 3.14256 0.76893 0.76893 1
1.47957 0.652237 0.679545 2.6572 8.40029 129.262 2.31045 0.830114 0.830114 1
1.47841 0.20544 1.21584 2.66045 6.34503 122.129 4.13387 0.696039 0.696039 1
1.47529 0.363872 0.298828 2.66919 7.07381 134.326 1.01602 0.925293 0.925293 1
1.47418 0.440903 0.348542 2.67229 7.42816 133.664 1.18504 0.912865 0.912865 1
1.47304 0.429184 0.434855 2.6755 7.37424 132.516 1.47851 0.891286 0.891286 1
1.47065 0.398478 0.903142 2.68217 7.233 126.288 3.07068 0.774215 0.774215 1
1.46884 0.450452 1.2297 2.68724 7.47208 121.945 4.18099 0.692574 0.692574 1
1.46766 0.56738 0.752185 2.69056 8.00995 128.296 2.55743 0.811954 0.811954 1
1.46691 0.263484 1.0143 2.69264 6.61203 124.81 3.44861 0.746426 0.746426 1
1.46415 0.765658 0.27334 2.70039 8.92203 134.665 0.929358 0.931665 0.931665 1
1.46274 0.348065 0.421713 2.70432 7.0011 132.691 1.43383 0.894572 0.894572 1
1.46097 0.654462 0.716909 2.7093 8.41052 128.765 2.43749 0.820773 0.820773 1
1.45917 0.0901703 0.77524 2.71432 5.81478 127.989 2.63582 0.80619 0.80619 1
1.4569 0.492447 0.843457 2.72068 7.66526 127.082 2.86775 0.789136 0.789136 1
1.45428 0.380658 1.23948 2.72802 7.15103 121.815 4.21423 0.69013 0.69013 1
1.45358 0.341782 1.21402 2.72998 6.9722 122.154 4.12765 0.696496 0.696496 1
1.44773 0.327593 0.486989 2.74637 6.90693 131.823 1.65576 0.878253 0.878253 1
1.44687 0.168921 0.203433 2.74876 6.17704 135.594 0.691672 0.949142 0.949142 1
1.44562 0.681485 0.630976 2.75227 8.53483 129.908 2.14532 0.842256 0.842256 1
1.44476 0.273765 1.17483 2.75467 6.65932 122.675 3.99441 0.706293 0.706293 1
1.44322 0.172055 0.669964 2.75899 6.19145 129.389 2.27788 0.832509 0.832509 1
1.44145 0.0164802 0.841605 2.76394 5.47581 127.107 2.86146 0.789599 0.789599 1
1.43922 0.504921 0.512941 2.77017 7.72264 131.478 1.744 0.871765 0.871765 1
1.43541 0.453843 0.0584459 2.78085 7.48768 137.523 0.198716 0.985389 0.985389 1
1.43468 0.637981 0.0501019 2.78289 8.33471 137.634 0.170347 0.987475 0.987475 1
1.43323 0.529917 0.500467 2.78695 7.83762 131.644 1.70159 0.874883 0.874883 1
1.42642 0.646896 0.872873 2.80601 8.37572 126.691 2.96777 0.781782 0.781782 1
1.42384 0.302618 0.233149 2.81325 6.79204 135.199 0.792706 0.941713 0.941713 1
1.42256 0.530246 0.518694 2.81683 7.83913 131.401 1.76356 0.870326 0.870326 1
1.42194 0.369305 1.13299 2.81856 7.0988 123.231 3.85217 0.716752 0.716752 1
1.4198 0.163428 0.391461 2.82456 6.15177 133.094 1.33097 0.902135 0.902135 1
1.4177 0.701108 0.724683 2.83044 8.6251 128.662 2.46392 0.818829 0.818829 1
1.41402 0.598411 0.446357 2.84076 8.15269 132.363 1.51761 0.888411 0.888411 1
1.41037 0.104468 0.118122 2.85096 5.88055 136.729 0.401615 0.97047 0.97047 1
1.40678 0.00968216 0.0716251 2.86101 5.44454 137.347 0.243525 0.982094 0.982094 1
1.40549 0.663852 0.721125 2.86462 8.45372 128.709 2.45182 0.819719 0.819719 1
1.40227 0.310608 0.0106667 2.87366 6.8288 138.158 0.0362667 0.997333 0.997333 1
1.40018 0.28274 0.223858 2.87949 6.7006 135.323 0.761119 0.944035 0.944035 1
1.39875 0.179914 0.25307 2.8835 6.2276 134.934 0.860439 0.936732 0.936732 1
1.39516 0.0569131 0.546355 2.89355 5.6618 131.033 1.85761 0.863411 0.863411 1
1.39309 0.346778 0.256039 2.89936 6.99518 134.895 0.870534 0.93599 0.93599 1
1.39223 0.659388 0.694022 2.90176 8.43319 129.07 2.35967 0.826495 0.826495 1
1.39035 0.351428 0.948068 2.90703 7.01657 125.691 3.22343 0.762983 0.762983 1
1.38961 0.772265 0.333106 2.90908 8.95242 133.87 1.13256 0.916723 0.916723 1
1.3871 0.25503 0.175289 2.91612 6.57314 135.969 0.595983 0.956178 0.956178 1
1.38427 0.595497 0.916017 2.92405 8.13929 126.117 3.11446 0.770996 0.770996 1
1.37968 0.436948 0.561814 2.9369 7.40996 130.828 1.91017 0.859547 0.859547 1
1.37684 0.695956 0.703981 2.94485 8.6014 128.937 2.39353 0.824005 0.824005 1
1.37523 0.672734 0.733216 2.94935 8.49458 128.548 2.49294 0.816696 0.816696 1
1.37425 0.820489 0.46082 2.95211 9.17425 132.171 1.56679 0.884795 0.884795 1
1.37198 0.0529645 1.04463 2.95846 5.64364 124.406 3.55174 0.738842 0.738842 1
1.36825 0.812589 0.384954 2.96891 9.13791 133.18 1.30885 0.903761 0.903761 1
1.36498 0.0557078 1.21295 2.97806 5.65626 122.168 4.12403 0.696762 0.696762 1
1.36289 0.476467 1.18111 2.9839 7.59175 122.591 4.01579 0.704722 0.704722 1
1.36007 0.547647 0.588841 2.9918 7.91918 130.468 2.00206 0.85279 0.85279 1
1.35832 0.291726 0.495956 2.9967 6.74194 131.704 1.68625 0.876011 0.876011 1
1.35343 0.387871 0.490658 3.01038 7.18421 131.774 1.66824 0.877336 0.877336 1
1.35125 0.228141 0.320083 3.0165 6.44945 134.043 1.08828 0.919979 0.919979 1
1.34942 0.743902 0.249906 3.02163 8.82195 134.976 0.84968 0.937524 0.937524 1
1.34813 0.68555 0.149589 3.02524 8.55353 136.31 0.508601 0.962603 0.962603 1
1.34687 0.316008 1.23694 3.02877 6.85364 121.849 4.20558 0.690766 0.690766 1
1.34562 0.000443715 1.02856 3.03226 5.40204 124.62 3.49709 0.742861 0.742861 1
1.34353 0.115054 1.24923 3.03811 5.92925 121.685 4.24737 0.687693 0.687693 1
1.34147 0.243629 1.23013 3.0439 6.52069 121.939 4.18243 0.692468 0.692468 1
1.34115 0.36828 0.522528 3.04478 7.09409 131.35 1.7766 0.869368 0.869368 1
1.33943 0.0474756 0.462581 3.04961 5.61839 132.148 1.57277 0.884355 0.884355 1
1.33794 0.259644 0.834026 3.05378 6.59436 127.207 2.83569 0.791494 0.791494 1
1.33352 0.235325 0.835108 3.06616 6.48249 127.193 2.83937 0.791223 0.791223 1
1.33064 0.681213 0.787083 3.07419 8.53358 127.832 2.67608 0.803229 0.803229 1
1.32903 0.527804 0.0726676 3.07871 7.8279 137.334 0.24707 0.981833 0.981833 1
1.32833 0.674219 0.0598568 3.08068 8.50141 137.504 0.203513 0.985036 0.985036 1
1.32674 0.230558 0.488787 3.08514 6.46057 131.799 1.66188 0.877803 0.877803 1
1.32616 0.141237 1.22116 3.08676 6.04969 122.059 4.15196 0.694709 0.694709 1
1.32393 0.466847 1.23464 3.09301 7.5475 121.879 4.19778 0.691339 0.691339 1
1.32308 0.443256 0.171362 3.09538 7.43898 136.021 0.58263 0.95716 0.95716 1
1.32208 0.821334 0.239945 3.09817 9.17814 135.109 0.815815 0.940014 0.940014 1
1.32092 0.153372 0.845237 3.10144 6.10551 127.058 2.87381 0.788691 0.788691 1
1.31972 0.569728 0.907197 3.10479 8.02075 126.234 3.08447 0.773201 0.773201 1
1.31841 0.103578 0.932567 3.10846 5.87646 125.897 3.17073 0.766858 0.766858 1
1.31563 0.676633 0.263041 3.11623 8.51251 134.802 0.894338 0.93424 0.93424 1
1.31457 0.418093 0.815573 3.11919 7.32323 127.453 2.77295 0.796107 0.796107 1
1.3098 0.0252746 0.702402 3.13257 5.51626 128.958 2.38817 0.824399 0.824399 1
1.30752 0.703061 0.0782606 3.13895 8.63408 137.259 0.266086 0.980435 0.980435 1
1.30715 0.549242 0.993077 3.13998 7.92651 125.092 3.37646 0.751731 0.751731 1
1.30506 0.144785 1.07296 3.14584 6.06601 124.03 3.64807 0.731759 0.731759 1
1.30425 0.714911 0.197547 3.14809 8.68859 135.673 0.671661 0.950613 0.950613 1
1.30334 0.405113 0.580664 3.15066 7.26352 130.577 1.97426 0.854834 0.854834 1
1.30004 0.687508 0.94443 3.1599 8.56254 125.739 3.21106 0.763893 0.763893 1
1.29652 0.123965 0.597186 3.16976 5.97024 130.357 2.03043 0.850703 0.850703 1
1.29507 0.558557 0.16298 3.1738 7.96936 136.132 0.554132 0.959255 0.959255 1
1.29443 0.105639 0.115769 3.17561 5.88594 136.76 0.393616 0.971058 0.971058 1
1.29298 0.709788 0.290642 3.17966 8.66502 134.434 0.988182 0.92734 0.92734 1
1.29233 0.414077 0.675217 3.18147 7.30475 129.32 2.29574 0.831196 0.831196 1
1.29055 0.657523 0.165796 3.18646 8.4246 136.095 0.563706 0.958551 0.958551 1
1.28954 0.404157 1.10314 3.1893 7.25912 123.628 3.75067 0.724215 0.724215 1
1.28747 0.145315 0.14226 3.19509 6.06845 136.408 0.483685 0.964435 0.964435 1
1.28414 0.164483 0.80513 3.20439 6.15662 127.592 2.73744 0.798717 0.798717 1
1.28326 0.550051 0.63575 3.20689 7.93023 129.845 2.16155 0.841062 0.841062 1
1.2811 0.0958094 0.574814 3.21293 5.84072 130.655 1.95437 0.856296 0.856296 1
1.27731 0.45208 0.822881 3.22353 7.47957 127.356 2.7978 0.79428 0.79428 1
1.27567 0.37008 0.836568 3.22811 7.10237 127.174 2.84433 0.790858 0.790858 1
1.27262 0.73291 0.457674 3.23666 8.77139 132.213 1.55609 0.885582 0.885582 1
1.2718 0.302491 0.689923 3.23897 6.79146 129.124 2.34574 0.827519 0.827519 1
1.26924 0.0108624 0.337916 3.24614 5.44997 133.806 1.14891 0.915521 0.915521 1
1.26816 0.498914 0.848929 3.24914 7.69501 127.009 2.88636 0.787768 0.787768 1
1.26645 0.268483 0.792332 3.25395 6.63502 127.762 2.69393 0.801917 0.801917 1
1.26436 0.730991 0.529182 3.2598 8.76256 131.262 1.79922 0.867704 0.867704 1
1.2605 0.572736 1.07158 3.27059 8.03459 124.048 3.64337 0.732105 0.732105 1
1.25778 0.617375 1.18966 3.2782 8.23992 122.478 4.04483 0.702586 0.702586 1
1.25645 0.202136 0.388039 3.28194 6.32983 133.139 1.31933 0.90299 0.90299 1
1.25535 0.0965691 0.818436 3.28503 5.84422 127.415 2.78268 0.795391 0.795391 1
1.25311 0.532878 0.039427 3.29128 7.85124 137.776 0.134052 0.990143 0.990143 1
1.25238 0.424318 1.14221 3.29334 7.35186 123.109 3.88353 0.714446 0.714446 1
1.25002 0.483877 0.375595 3.29994 7.62583 133.305 1.27702 0.906101 0.906101 1
1.24956 0.0691307 0.549336 3.30123 5.718 130.994 1.86774 0.862666 0.862666 1
1.24514 0.119358 0.621673 3.31362 5.94905 130.032 2.11369 0.844582 0.844582 1
1.2421 0.270426 0.399506 3.32213 6.64396 132.987 1.35832 0.900123 0.900123 1
1.24007 0.150427 0.85108 3.32781 6.09196 126.981 2.89367 0.78723 0.78723 1
1.23809 0.512211 1.17906 3.33335 7.75617 122.618 4.00881 0.705234 0.705234 1
1.23743 0.618949 0.657375 3.33519 8.24716 129.557 2.23508 0.835656 0.835656 1
1.23568 0.215591 1.21974 3.34011 6.39172 122.077 4.14713 0.695064 0.695064 1
1.23469 0.431917 0.461698 3.34287 7.38682 132.159 1.56977 0.884576 0.884576 1
1.23307 0.513763 0.382759 3.34742 7.76331 133.209 1.30138 0.90431 0.90431 1
1.23092 0.344811 0.304549 3.35341 6.98613 134.249 1.03547 0.923863 0.923863 1
1.22939 0.408999 0.330984 3.35771 7.28139 133.898 1.12535 0.917254 0.917254 1
1.22296 0.814305 0.0964946 3.37571 9.1458 137.017 0.328082 0.975876 0.975876 1
1.22156 0.384099 0.677492 3.37963 7.16686 129.289 2.30347 0.830627 0.830627 1
1.22102 0.445232 1.12427 3.38115 7.44806 123.347 3.8225 0.718933 0.718933 1
1.21807 0.582991 0.194172 3.38942 8.08176 135.718 0.660185 0.951457 0.951457 1
1.21461 0.251247 0.611631 3.39909 6.55574 130.165 2.07955 0.847092 0.847092 1
1.21339 0.46352 0.210964 3.40251 7.53219 135.494 0.717279 0.947259 0.947259 1
1.21142 0.459687 0.122515 3.40803 7.51456 136.671 0.416551 0.969371 0.969371 1
1.20934 0.45791 0.919647 3.41383 7.50639 126.069 3.1268 0.770088 0.770088 1
1.20792 0.517913 0.271255 3.41782 7.7824 134.692 0.922267 0.932186 0.932186 1
1.20658 0.818934 0.0086483 3.42159 9.1671 138.185 0.0294042 0.997838 0.997838 1
1.205 0.557415 0.731719 3.426 7.96411 128.568 2.48784 0.81707 0.81707 1
1.20483 0.718722 0.553393 3.42649 8.70612 130.94 1.88154 0.861652 0.861652 1
1.20278 0.690612 0.0434183 3.43222 8.57682 137.723 0.147622 0.989145 0.989145 1
1.19941 0.159825 0.757215 3.44166 6.1352 128.229 2.57453 0.810696 0.810696 1
1.19757 0.157474 0.929016 3.44681 6.12438 125.944 3.15866 0.767746 0.767746 1
1.19699 0.354929 0.473165 3.44843 7.03268 132.007 1.60876 0.881709 0.881709 1
1.19552 0.477619 0.0187011 3.45255 7.59705 138.051 0.0635839 0.995325 0.995325 1
1.19395 0.830853 0.161095 3.45695 9.22193 136.157 0.547723 0.959726 0.959726 1
1.19031 0.0875357 0.446159 3.46712 5.80266 132.366 1.51694 0.88846 0.88846 1
1.18886 0.248848 1.24586 3.47118 6.5447 121.73 4.23593 0.688535 0.688535 1
1.18842 0.376878 0.0313553 3.47241 7.13364 137.883 0.106608 0.992161 0.992161 1
1.18391 0.236308 0.68079 3.48505 6.48702 129.245 2.31469 0.829802 0.829802 1
1.1813 0.307753 0.755915 3.49236 6.81567 128.246 2.57011 0.811021 0.811021 1
1.17878 0.729061 0.14288 3.49941 8.75368 136.4 0.485793 0.96428 0.96428 1
1.17833 0.226864 0.753273 3.50067 6.44358 128.281 2.56113 0.811682 0.811682 1
1.17679 0.511105 0.380373 3.505 7.75108 133.241 1.29327 0.904907 0.904907 1
1.17559 0.258223 0.539653 3.50836 6.58783 131.123 1.83482 0.865087 0.865087 1
1.17384 0.0239291 1.05717 3.51324 5.51007 124.24 3.59438 0.735707 0.735707 1
1.17131 0.66305 0.852328 3.52033 8.45003 126.964 2.89792 0.786918 0.786918 1
1.16969 0.420033 1.0822 3.52486 7.33215 123.907 3.67949 0.729449 0.729449 1
1.16845 0.49773 0.198988 3.52833 7.68956 135.653 0.676559 0.950253 0.950253 1
1.16527 0.332845 0.701131 3.53724 6.93109 128.975 2.38384 0.824717 0.824717 1
1.16338 0.395472 0.292972 3.54254 7.21917 134.403 0.996104 0.926757 0.926757 1
1.1617 0.0509457 0.13868 3.54724 5.63435 136.456 0.471513 0.96533 0.96533 1
1.1589 0.710332 0.137309 3.55507 8.66753 136.474 0.466851 0.965673 0.965673 1
1.15824 0.0298217 0.0203999 3.55692 5.53718 138.029 0.0693597 0.9949 0.9949 1
1.15554 0.464259 1.07461 3.5645 7.53559 124.008 3.65367 0.731348 0.731348 1
1.15462 0.324986 0.824189 3.56707 6.89494 127.338 2.80224 0.793953 0.793953 1
1.15116 0.30641 0.243071 3.57676 6.80949 135.067 0.826442 0.939232 0.939232 1
1.14884 0.172699 0.204507 3.58325 6.19441 135.58 0.695323 0.948873 0.948873 1
1.14514 0.0796401 1.11797 3.5936 5.76634 123.431 3.8011 0.720507 0.720507 1
1.14341 0.365628 0.976693 3.59845 7.08189 125.31 3.32076 0.755827 0.755827 1
1.14128 0.285977 0.219585 3.60441 6.71549 135.38 0.746591 0.945104 0.945104 1
1.14009 0.914671 0.0411693 3.60776 9.60748 137.752 0.139976 0.989708 0.989708 1
1.1391 0.489464 1.02482 3.61052 7.65153 124.67 3.4844 0.743794 0.743794 1
1.13673 0.129804 0.766436 3.61716 5.9971 128.106 2.60588 0.808391 0.808391 1
1.13494 0.292743 0.982493 3.62218 6.74662 125.233 3.34048 0.754377 0.754377 1
1.13255 0.782213 0.674979 3.62886 8.99818 129.323 2.29493 0.831255 0.831255 1
1.13155 0.3627 1.11244 3.63166 7.06842 123.505 3.7823 0.72189 0.72189 1
1.12941 0.0546309 0.892786 3.63765 5.6513 126.426 3.03547 0.776803 0.776803 1
1.12812 0.425047 0.657576 3.64126 7.35522 129.554 2.23576 0.835606 0.835606 1
1.12404 0.0148248 0.471316 3.65268 5.46819 132.031 1.60247 0.882171 0.882171 1
1.12286 0.41982 0.3237 3.65598 7.33117 133.995 1.10058 0.919075 0.919075 1
1.1222 0.610376 0.617676 3.65783 8.20773 130.085 2.1001 0.845581 0.845581 1
1.11912 0.629613 0.934567 3.66646 8.29622 125.87 3.17753 0.766358 0.766358 1
1.11864 0.475736 1.06932 3.6678 7.58838 124.078 3.63567 0.732671 0.732671 1
1.11634 0.598947 1.11957 3.67426 8.15516 123.41 3.80653 0.720108 0.720108 1
1.11555 0.121933 1.08929 3.67647 5.96089 123.812 3.70357 0.727678 0.727678 1
1.11433 0.643923 0.478252 3.67988 8.36205 131.939 1.62606 0.880437 0.880437 1
1.11297 0.70236 0.920408 3.68369 8.63086 126.059 3.12939 0.769898 0.769898 1
1.11106 0.759078 0.666919 3.68904 8.89176 129.43 2.26753 0.83327 0.83327 1
1.10997 0.857613 0.0562321 3.69208 9.34502 137.552 0.191189 0.985942 0.985942 1
1.10702 0.353578 0.536255 3.70034 7.02646 131.168 1.82327 0.865936 0.865936 1
1.10587 0.613152 0.672369 3.70356 8.2205 129.357 2.28605 0.831908 0.831908 1
1.10162 0.0127066 1.20134 3.71545 5.45845 122.322 4.08456 0.699665 0.699665 1
1.10017 0.47044 0.0941883 3.71951 7.56402 137.047 0.32024 0.976453 0.976453 1
1.09631 0.669667 0.106648 3.73034 8.48047 136.882 0.362602 0.973338 0.973338 1
1.09521 0.305213 0.0849836 3.73341 6.80398 137.17 0.288944 0.978754 0.978754 1
1.09494 0.304491 0.459492 3.73417 6.80066 132.189 1.56227 0.885127 0.885127 1
1.09195 0.143368 0.873861 3.74253 6.05949 126.678 2.97113 0.781535 0.781535 1
1.09074 0.257467 1.04223 3.74593 6.58435 124.438 3.54357 0.739443 0.739443 1
1.08953 0.413727 0.364679 3.74931 7.30314 133.45 1.23991 0.90883 0.90883 1
1.08644 0.147781 0.910724 3.75796 6.07979 126.187 3.09646 0.772319 0.772319 1
1.0859 0.110328 0.523852 3.75949 5.90751 131.333 1.7811 0.869037 0.869037 1
1.08295 0.0211575 0.963279 3.76774 5.49732 125.488 3.27515 0.75918 0.75918 1
1.08091 0.107491 1.20657 3.77347 5.89446 122.253 4.10232 0.698359 0.698359 1
1.07789 0.357515 0.6876 3.78191 7.04457 129.155 2.33784 0.8281 0.8281 1
1.07514 0.265642 0.222455 3.78961 6.62195 135.341 0.756345 0.944386 0.944386 1
1.07465 0.746983 0.774603 3.79099 8.83612 127.998 2.63365 0.806349 0.806349 1
1.07229 0.831286 0.498109 3.79759 9.22391 131.675 1.69357 0.875473 0.875473 1
1.06754 0.661816 0.844715 3.81089 8.44435 127.065 2.87203 0.788821 0.788821 1
1.0673 0.490885 0.997001 3.81157 7.65807 125.04 3.3898 0.75075 0.75075 1
1.06301 0.340732 1.20531 3.82358 6.96737 122.269 4.09806 0.698672 0.698672 1
1.06238 0.245276 0.983497 3.82533 6.52827 125.219 3.34389 0.754126 0.754126 1
1.06067 0.0340469 1.00501 3.83013 5.55662 124.933 3.41705 0.748747 0.748747 1
1.05704 0.483185 1.01299 3.84028 7.62265 124.827 3.44416 0.746753 0.746753 1
1.05573 0.465028 0.309147 3.84397 7.53913 134.188 1.0511 0.922713 0.922713 1
1.05265 0.556176 0.186672 3.85257 7.95841 135.817 0.634683 0.953332 0.953332 1
1.04655 0.118682 0.360659 3.86965 5.94594 133.503 1.22624 0.909835 0.909835 1
1.04532 0.223465 0.370153 3.8731 6.42794 133.377 1.25852 0.907462 0.907462 1
1.04474 0.500198 0.629274 3.87473 7.70091 129.931 2.13953 0.842681 0.842681 1
1.04332 0.146756 0.369806 3.87872 6.07508 133.382 1.25734 0.907548 0.907548 1
1.04226 0.319414 0.857489 3.88168 6.8693 126.895 2.91546 0.785628 0.785628 1
1.04079 0.917235 0.296851 3.88578 9.61928 134.352 1.00929 0.925787 0.925787 1
1.03889 0.57522 0.707995 3.8911 8.04601 128.884 2.40718 0.823001 0.823001 1
1.03655 0.290787 1.00294 3.89767 6.73762 124.961 3.40999 0.749265 0.749265 1
1.03314 1.00219 0.0367208 3.90722 10.0101 137.812 0.124851 0.99082 0.99082 1
1.03147 0.261253 0.00306316 3.91188 6.60176 138.259 0.0104148 0.999234 0.999234 1
1.03119 0.161432 0.138776 3.91268 6.14259 136.454 0.47184 0.965306 0.965306 1
1.02945 0.838685 0.147111 3.91753 9.25795 136.343 0.500179 0.963222 0.963222 1
1.02862 0.192527 0.530764 3.91988 6.28562 131.241 1.8046 0.867309 0.867309 1
1.02631 0.6393 0.340774 3.92633 8.34078 133.768 1.15863 0.914806 0.914806 1
1.0243 0.571258 1.15805 3.93196 8.02779 122.898 3.93739 0.710486 0.710486 1
1.02296 0.239439 0.429321 3.9357 6.50142 132.59 1.45969 0.89267 0.89267 1
1.02197 0.542942 0.939279 3.93849 7.89753 125.808 3.19355 0.76518 0.76518 1
1.01897 0.627632 1.20478 3.94687 8.28711 122.276 4.09624 0.698806 0.698806 1
1.01707 0.032239 0.193002 3.95221 5.5483 135.733 0.656206 0.95175 0.95175 1
1.01529 0.657089 0.552066 3.95719 8.42261 130.958 1.87702 0.861984 0.861984 1
1.01442 0.474353 0.591364 3.95963 7.58202 130.435 2.01064 0.852159 0.852159 1
1.01304 0.493193 1.13899 3.96348 7.66869 123.151 3.87255 0.715254 0.715254 1
1.01156 0.689301 0.92634 3.96763 8.57078 125.98 3.14956 0.768415 0.768415 1
1.01095 0.275211 0.406532 3.96933 6.66597 132.893 1.38221 0.898367 0.898367 1
1.00904 0.551688 0.862106 3.97468 7.93777 126.834 2.93116 0.784474 0.784474 1
1.00833 0.141837 0.00569073 3.97668 6.05245 138.224 0.0193485 0.998577 0.998577 1
1.0048 0.808553 0.0119962 3.98655 9.11934 138.14 0.0407871 0.997001 0.997001 1
1.00367 0.0612113 0.957996 3.98971 5.68157 125.559 3.25719 0.760501 0.760501 1
1.00184 1.02986 0.0486393 3.99483 10.1374 137.653 0.165374 0.98784 0.98784 1
0.998736 0.678327 0.089826 4.00354 8.5203 137.105 0.305408 0.977544 0.977544 1
0.995199 0.244468 0.964841 4.01344 6.52455 125.468 3.28046 0.75879 0.75879 1
0.991621 0.527439 0.306736 4.02346 7.82622 134.22 1.0429 0.923316 0.923316 1
0.990605 0.0989591 1.17668 4.02631 5.85521 122.65 4.00071 0.70583 0.70583 1
0.989859 0.0715644 1.18468 4.02839 5.7292 122.544 4.02792 0.70383 0.70383 1
0.988183 0.31432 0.865629 4.03309 6.84587 126.787 2.94314 0.783593 0.783593 1
0.986181 1.03355 0.074185 4.03869 10.1543 137.313 0.252229 0.981454 0.981454 1
0.984559 0.676012 1.07085 4.04324 8.50965 124.058 3.64088 0.732288 0.732288 1
0.983671 0.366886 0.231783 4.04572 7.08768 135.217 0.788061 0.942054 0.942054 1
0.981879 0.786222 0.206216 4.05074 9.01662 135.557 0.701134 0.948446 0.948446 1
0.980098 0.472411 0.555827 4.05573 7.57309 130.907 1.88981 0.861043 0.861043 1
0.97933 0.322562 0.156019 4.05788 6.88378 136.225 0.530464 0.960995 0.960995 1
0.978545 0.741869 0.728719 4.06007 8.8126 128.608 2.47764 0.81782 0.81782 1
0.977431 0.371663 1.01826 4.06319 7.10965 124.757 3.46208 0.745435 0.745435 1
0.975321 0.389551 0.302206 4.0691 7.19194 134.281 1.0275 0.924449 0.924449 1
0.972956 0.0220245 1.08108 4.07572 5.50131 123.922 3.67566 0.729731 0.729731 1
0.9715 0.393409 0.341321 4.0798 7.20968 133.76 1.16049 0.91467 0.91467 1
0.970264 0.448281 0.578995 4.08326 7.46209 130.599 1.96858 0.855251 0.855251 1
0.969776 0.294864 0.0382099 4.08463 6.75637 137.792 0.129914 0.990448 0.990448 1
0.96542 0.655816 0.660544 4.09682 8.41675 129.515 2.24585 0.834864 0.834864 1
0.964848 0.608534 0.880179 4.09843 8.19925 126.594 2.99261 0.779955 0.779955 1
0.961704 0.855261 0.661406 4.10723 9.3342 129.503 2.24878 0.834648 0.834648 1
0.960672 0.158319 1.17258 4.11012 6.12827 122.705 3.98676 0.706856 0.706856 1
0.958891 0.519341 0.40751 4.11511 7.78897 132.88 1.38553 0.898123 0.898123 1
0.956514 0.92129 0.26844 4.12176 9.63794 134.73 0.912695 0.93289 0.93289 1
0.953141 0.95532 0.218047 4.13121 9.79447 135.4 0.74136 0.945488 0.945488 1
0.951597 0.394175 1.09415 4.13553 7.2132 123.748 3.72013 0.726461 0.726461 1
0.949003 0.278304 1.06101 4.14279 6.6802 124.189 3.60743 0.734748 0.734748 1
0.947698 0.600441 0.426716 4.14645 8.16203 132.625 1.45084 0.893321 0.893321 1
0.946392 0.0271376 0.374532 4.1501 5.52483 133.319 1.27341 0.906367 0.906367 1
0.945684 0.896522 0.476858 4.15208 9.524 131.958 1.62132 0.880786 0.880786 1
0.943744 0.725548 0.965894 4.15752 8.73752 125.454 3.28404 0.758527 0.758527 1
0.940377 0.668326 0.253788 4.16694 8.4743 134.925 0.862878 0.936553 0.936553 1
0.939308 0.670234 1.02083 4.16994 8.48308 124.723 3.47081 0.744793 0.744793 1
0.938391 0.796798 0.543146 4.17251 9.06527 131.076 1.8467 0.864213 0.864213 1
0.936343 0.665916 0.981151 4.17824 8.46321 125.251 3.33591 0.754712 0.754712 1
0.935237 0.626796 0.126467 4.18134 8.28326 136.618 0.429989 0.968383 0.968383 1
0.934968 1.02613 0.17763 4.18209 10.1202 135.938 0.603942 0.955593 0.955593 1
0.932905 0.525917 0.727489 4.18787 7.81922 128.624 2.47346 0.818128 0.818128 1
0.932173 0.942357 0.128221 4.18992 9.73484 136.595 0.435951 0.967945 0.967945 1
0.93034 0.98627 0.0353553 4.19505 9.93684 137.83 0.120208 0.991161 0.991161 1
0.929726 0.863914 0.492471 4.19677 9.374 131.75 1.6744 0.876882 0.876882 1
0.925929 1.07639 0.157431 4.2074 10.3514 136.206 0.535265 0.960642 0.960642 1
0.924444 0.611849 0.376366 4.21156 8.2145 133.294 1.27964 0.905908 0.905908 1
0.9214 0.00445173 0.499254 4.22008 5.42048 131.66 1.69746 0.875187 0.875187 1
0.92048 0.671933 0.0295613 4.22266 8.49089 137.907 0.100508 0.99261 0.99261 1
0.918125 0.845842 0.703535 4.22925 9.29087 128.943 2.39202 0.824116 0.824116 1
0.916842 0.0820574 1.21737 4.23284 5.77746 122.109 4.13905 0.695658 0.695658 1
0.914044 0.422466 0.235636 4.24068 7.34334 135.166 0.801163 0.941091 0.941091 1
0.913078 0.00642668 0.261067 4.24338 5.42956 134.828 0.887628 0.934733 0.934733 1
0.912216 0.063381 0.116618 4.2458 5.69155 136.749 0.396502 0.970845 0.970845 1
0.909528 0.618698 0.439634 4.25332 8.24601 132.453 1.49476 0.890091 0.890091 1
0.907976 0.288391 1.19384 4.25767 6.7266 122.422 4.05907 0.701539 0.701539 1
0.906376 0.289942 0.936527 4.26215 6.73373 125.844 3.18419 0.765868 0.765868 1
0.905481 0.122928 0.270479 4.26465 5.96547 134.703 0.919628 0.93238 0.93238 1
0.903163 0.406359 0.53851 4.27114 7.26925 131.138 1.83093 0.865373 0.865373 1
0.901269 0.835518 0.722493 4.27645 9.24338 128.691 2.45648 0.819377 0.819377 1
0.900158 0.716697 0.0860983 4.27956 8.69681 137.155 0.292734 0.978475 0.978475 1
0.899988 0.378586 0.32387 4.28003 7.1415 133.993 1.10116 0.919032 0.919032 1
0.897662 0.426331 0.967452 4.28655 7.36112 125.433 3.28934 0.758137 0.758137 1
0.89745 0.552508 0.362217 4.28714 7.94154 133.483 1.23154 0.909446 0.909446 1
0.894298 0.338935 0.197062 4.29597 6.9591 135.679 0.67001 0.950735 0.950735 1
0.892593 0.13944 1.14847 4.30074 6.04142 123.025 3.90481 0.712881 0.712881 1
0.892253 0.486954 1.04894 4.30169 7.63999 124.349 3.56639 0.737766 0.737766 1
0.89013 0.534309 1.2256 4.30764 7.85782 122 4.16704 0.6936 0.6936 1
0.886887 0.542427 0.659535 4.31672 7.89516 129.528 2.24242 0.835116 0.835116 1
0.88504 0.0853099 0.365198 4.32189 5.79243 133.443 1.24167 0.9087 0.9087 1
0.881461 0.588953 0.420573 4.33191 8.10918 132.706 1.42995 0.894857 0.894857 1
0.880396 0.175249 0.4839 4.33489 6.20614 131.864 1.64526 0.879025 0.879025 1
0.878972 0.219068 0.0236784 4.33888 6.40771 137.985 0.0805064 0.99408 0.99408 1
0.877209 0.641981 0.362786 4.34381 8.35311 133.475 1.23347 0.909303 0.909303 1
0.875268 0.335928 1.01023 4.34925 6.94527 124.864 3.43477 0.747443 0.747443 1
0.87491 0.316806 1.02146 4.35025 6.85731 124.715 3.47298 0.744634 0.744634 1
0.873717 0.0917897 0.541694 4.35359 5.82223 131.095 1.84176 0.864576 0.864576 1
0.871897 0.32705 0.0796899 4.35869 6.90443 137.24 0.270946 0.980078 0.980078 1
0.869954 0.180127 0.158715 4.36413 6.22858 136.189 0.539632 0.960321 0.960321 1
0.868222 1.12596 0.279009 4.36898 10.5794 134.589 0.948629 0.930248 0.930248 1
0.864581 1.03587 0.354672 4.37917 10.165 133.583 1.20588 0.911332 0.911332 1
0.862193 0.0583263 0.234906 4.38586 5.6683 135.176 0.798681 0.941273 0.941273 1
0.859211 0.984634 0.0953741 4.39421 9.92932 137.032 0.324272 0.976156 0.976156 1
0.857893 0.267245 0.520239 4.3979 6.62933 131.381 1.76881 0.86994 0.86994 1
0.857399 0.00505343 1.10732 4.39928 5.42325 123.573 3.76488 0.72317 0.72317 1
0.854032 0.522748 1.02339 4.40871 7.80464 124.689 3.47953 0.744152 0.744152 1
0.853327 1.16769 0.229111 4.41068 10.7714 135.253 0.778976 0.942722 0.942722 1
0.85192 0.18974 0.0870771 4.41462 6.27281 137.142 0.296062 0.978231 0.978231 1
0.849846 0.018292 0.749832 4.42043 5.48414 128.327 2.54943 0.812542 0.812542 1
0.848304 0.731453 1.08355 4.42475 8.76469 123.889 3.68408 0.729111 0.729111 1
0.846918 0.481919 0.214095 4.42863 7.61683 135.453 0.727922 0.946476 0.946476 1
0.845179 1.15057 0.17884 4.4335 10.6926 135.921 0.608056 0.95529 0.95529 1
0.84366 0.539194 1.1314 4.43775 7.88029 123.252 3.84675 0.717151 0.717151 1
0.840487 0.298245 0.506611 4.44664 6.77192 131.562 1.72248 0.873347 0.873347 1
0.838586 0.138054 0.405975 4.45196 6.03505 132.901 1.38032 0.898506 0.898506 1
0.837205 0.524707 0.206425 4.45583 7.81365 135.555 0.701844 0.948394 0.948394 1
0.835649 0.472815 1.03097 4.46018 7.57495 124.588 3.50529 0.742258 0.742258 1
0.834323 0.109902 1.09871 4.4639 5.90555 123.687 3.7356 0.725323 0.725323 1
0.832588 0.535916 0.182777 4.46875 7.86521 135.869 0.621443 0.954306 0.954306 1
0.83131 0.168037 0.416965 4.47233 6.17297 132.754 1.41768 0.895759 0.895759 1
0.830451 0.67911 0.0262586 4.47474 8.52391 137.951 0.0892792 0.993435 0.993435 1
0.829219 0.606811 0.112571 4.47819 8.19133 136.803 0.382741 0.971857 0.971857 1
0.828452 0.184146 0.626544 4.48034 6.24707 129.967 2.13025 0.843364 0.843364 1
0.826644 0.682867 0.230024 4.4854 8.54119 135.241 0.782083 0.942494 0.942494 1
0.825256 0.196335 0.879368 4.48928 6.30314 126.604 2.98985 0.780158 0.780158 1
0.824496 0.127688 0.925891 4.49141 5.98737 125.986 3.14803 0.768527 0.768527 1
0.822681 0.645498 0.699539 4.49649 8.36929 128.996 2.37843 0.825115 0.825115 1
0.82212 0.851053 0.0905853 4.49807 9.31484 137.095 0.30799 0.977354 0.977354 1
0.819092 0.229725 1.17597 4.50654 6.45674 122.66 3.9983 0.706008 0.706008 1
0.818299 0.733869 0.797086 4.50876 8.7758 127.699 2.71009 0.800729 0.800729 1
0.816625 0.376208 1.00017 4.51345 7.13056 124.998 3.40057 0.749958 0.749958 1
0.816223 1.19079 0.33237 4.51457 10.8776 133.879 1.13006 0.916908 0.916908 1
0.813913 0.27147 0.631409 4.52104 6.64876 129.902 2.14679 0.842148 0.842148 1
0.81321 0.581272 0.935784 4.52301 8.07385 125.854 3.18167 0.766054 0.766054 1
0.810328 0.423129 0.50929 4.53108 7.34639 131.526 1.73159 0.872677 0.872677 1
0.808756 0.873162 0.855811 4.53548 9.41654 126.918 2.90976 0.786047 0.786047 1
0.808492 0.345997 0.971282 4.53622 6.99159 125.382 3.30236 0.757179 0.757179 1
0.806422 0.956837 0.404551 4.54202 9.80145 132.919 1.37547 0.898862 0.898862 1
0.805074 0.74372 0.628249 4.54579 8.82111 129.944 2.13605 0.842938 0.842938 1
0.803801 0.616043 0.452901 4.54936 8.2338 132.276 1.53986 0.886775 0.886775 1
0.803453 0.435655 0.144836 4.55033 7.40401 136.374 0.492442 0.963791 0.963791 1
0.80212 0.58684 1.16196 4.55406 8.09947 122.846 3.95066 0.70951 0.70951 1
0.800899 0.882105 0.413235 4.55748 9.45768 132.804 1.405 0.896691 0.896691 1
0.797536 0.281016 0.22278 4.5669 6.69268 135.337 0.757451 0.944305 0.944305 1
0.794839 0.78685 0.571806 4.57445 9.01951 130.695 1.94414 0.857049 0.857049 1
0.792401 0.161224 0.166303 4.58128 6.14163 136.088 0.565431 0.958424 0.958424 1
0.790695 0.0738699 1.00466 4.58605 5.7398 124.938 3.41586 0.748834 0.748834 1
0.789917 0.0396498 0.783126 4.58823 5.58239 127.884 2.66263 0.804218 0.804218 1
0.788436 0.804248 0.248582 4.59238 9.09954 134.994 0.845178 0.937855 0.937855 1
0.786277 0.41722 0.465285 4.59843 7.31921 132.112 1.58197 0.883679 0.883679 1
0.785391 0.577154 0.425128 4.6009 8.05491 132.646 1.44544 0.893718 0.893718 1
0.784941 0.563884 0.280583 4.60217 7.99387 134.568 0.953982 0.929854 0.929854 1
0.782902 1.15419 0.0921768 4.60788 10.7093 137.074 0.313401 0.976956 0.976956 1
0.782054 0.793507 0.351291 4.61025 9.05013 133.628 1.19439 0.912177 0.912177 1
0.780032 0.723121 0.767712 4.61591 8.72635 128.089 2.61022 0.808072 0.808072 1
0.779739 0.434685 0.685939 4.61673 7.39955 129.177 2.33219 0.828515 0.828515 1
0.777624 0.242199 0.109125 4.62265 6.51412 136.849 0.371024 0.972719 0.972719 1
0.777387 0.182542 1.03801 4.62332 6.23969 124.494 3.52924 0.740497 0.740497 1
0.775331 0.686705 0.494526 4.62907 8.55884 131.723 1.68139 0.876369 0.876369 1
0.773868 0.603709 0.828207 4.63317 8.17706 127.285 2.8159 0.792948 0.792948 1
0.773572 0.560332 0.816612 4.634 7.97753 127.439 2.77648 0.795847 0.795847 1
0.771818 0.857321 0.695838 4.63891 9.34368 129.045 2.36585 0.826041 0.826041 1
0.770763 0.443993 0.105547 4.64186 7.44237 136.896 0.358859 0.973613 0.973613 1
0.768324 0.336334 0.745304 4.64869 6.94713 128.387 2.53403 0.813674 0.813674 1
0.766949 1.11072 0.347176 4.65254 10.5093 133.683 1.1804 0.913206 0.913206 1
0.763607 0.410527 1.24138 4.6619 7.28842 121.79 4.2207 0.689655 0.689655 1
0.761424 0.174517 0.453842 4.66801 6.20278 132.264 1.54306 0.886539 0.886539 1
0.760679 0.0890749 0.200365 4.6701 5.80974 135.635 0.681241 0.949909 0.949909 1
0.757513 0.386501 0.413998 4.67896 7.17791 132.794 1.40759 0.896501 0.896501 1
0.757307 0.912418 0.88731 4.67954 9.59712 126.499 3.01685 0.778173 0.778173 1
0.753912 0.0925622 0.918689 4.68905 5.82579 126.081 3.12354 0.770328 0.770328 1
0.753342 0.865584 0.548696 4.69064 9.38169 131.002 1.86556 0.862826 0.862826 1
0.752192 0.791133 0.0829602 4.69386 9.03921 137.197 0.282065 0.97926 0.97926 1
0.750291 0.481224 1.1343 4.69919 7.61363 123.214 3.85661 0.716426 0.716426 1
0.749119 0.52011 0.6546 4.70247 7.7925 129.594 2.22564 0.83635 0.83635 1
0.747931 0.356406 0.860671 4.70579 7.03947 126.853 2.92628 0.784832 0.784832 1
0.74648 1.13121 0.0349769 4.70986 10.6036 137.835 0.118921 0.991256 0.991256 1
0.745419 0.391364 1.00207 4.71283 7.20028 124.972 3.40705 0.749482 0.749482 1
0.744276 0.858768 0.501268 4.71603 9.35033 131.633 1.70431 0.874683 0.874683 1
0.743333 0.321102 0.0304055 4.71867 6.87707 137.896 0.103379 0.992399 0.992399 1
0.742154 0.211648 0.0996063 4.72197 6.37358 136.975 0.338662 0.975098 0.975098 1
0.740576 0.837227 0.511197 4.72639 9.25124 131.501 1.73807 0.872201 0.872201 1
0.738986 0.816426 1.0288 4.73084 9.15556 124.617 3.4979 0.742801 0.742801 1
0.738538 0.660433 0.476111 4.73209 8.43799 131.968 1.61878 0.880972 0.880972 1
0.737034 0.57417 0.379911 4.73631 8.04118 133.247 1.2917 0.905022 0.905022 1
0.73549 0.313582 0.968644 4.74063 6.84248 125.417 3.29339 0.757839 0.757839 1
0.733797 0.505468 0.616312 4.74537 7.72515 130.103 2.09546 0.845922 0.845922 1
0.731868 0.396849 0.0887172 4.75077 7.22551 137.12 0.301639 0.977821 0.977821 1
0.730205 1.11787 0.545484 4.75543 10.5422 131.045 1.85465 0.863629 0.863629 1
0.728822 0.960581 0.822139 4.7593 9.81867 127.366 2.79527 0.794465 0.794465 1
0.728527 1.01528 0.402662 4.76012 10.0703 132.945 1.36905 0.899334 0.899334 1
0.727105 0.806801 0.110207 4.76411 9.11128 136.834 0.374704 0.972448 0.972448 1
0.725313 0.154917 0.29412 4.76912 6.11262 134.388 1.00001 0.92647 0.92647 1
0.72434 0.905677 0.288881 4.77185 9.56611 134.458 0.982196 0.92778 0.92778 1
0.723609 0.101475 1.04013 4.7739 5.86678 124.466 3.53644 0.739968 0.739968 1
0.721247 0.0666131 0.637009 4.78051 5.70642 129.828 2.16583 0.840748 0.840748 1
0.719226 0.19618 0.999149 4.78617 6.30243 125.011 3.39711 0.750213 0.750213 1
0.717913 0.699638 0.282848 4.78984 8.61834 134.538 0.961682 0.929288 0.929288 1
0.716818 0.720171 0.327077 4.79291 8.71279 133.95 1.11206 0.918231 0.918231 1
0.715658 0.170695 0.744095 4.79616 6.1852 128.404 2.52992 0.813976 0.813976 1
0.713434 0.895715 0.56998 4.80239 9.52029 130.719 1.93793 0.857505 0.857505 1
0.712456 0.780609 0.427545 4.80512 8.9908 132.614 1.45365 0.893114 0.893114 1
0.710514 0.792175 0.418455 4.81056 9.04401 132.735 1.42275 0.895386 0.895386 1
0.708758 1.09336 0.368345 4.81548 10.4295 133.401 1.25237 0.907914 0.907914 1
0.707696 0.00180315 0.0278577 4.81845 5.40829 137.929 0.0947162 0.993036 0.993036 1
0.706601 0.208034 0.952894 4.82152 6.35696 125.627 3.23984 0.761777 0.761777 1
0.70613 1.06496 0.356923 4.82284 10.2988 133.553 1.21354 0.910769 0.910769 1
0.703754 0.932151 0.983821 4.82949 9.6879 125.215 3.34499 0.754045 0.754045 1
0.703471 0.536837 0.717554 4.83028 7.86945 128.757 2.43968 0.820612 0.820612 1
0.701719 0.188371 0.313927 4.83519 6.26651 134.125 1.06735 0.921518 0.921518 1
0.700187 1.24165 0.60967 4.83948 11.1116 130.191 2.07288 0.847582 0.847582 1
0.69917 0.751822 0.854948 4.84232 8.85838 126.929 2.90682 0.786263 0.786263 1
0.697655 0.136574 0.276122 4.84657 6.02824 134.628 0.938813 0.93097 0.93097 1
0.697496 0.0325882 0.148532 4.84701 5.54991 136.325 0.50501 0.962867 0.962867 1
0.695154 1.05246 0.0420109 4.85357 10.2413 137.741 0.142837 0.989497 0.989497 1
0.694887 0.133205 0.558556 4.85432 6.01274 130.871 1.89909 0.860361 0.860361 1
0.692764 0.88934 0.114189 4.86026 9.49096 136.781 0.388243 0.971453 0.971453 1
0.691922 0.49698 0.740658 4.86262 7.68611 128.449 2.51824 0.814836 0.814836 1
0.69026 0.461082 0.252178 4.86727 7.52098 134.946 0.857404 0.936956 0.936956 1
0.689869 0.977735 0.946548 4.86837 9.89758 125.711 3.21826 0.763363 0.763363 1
0.688266 1.0222 0.652354 4.87286 10.1021 129.624 2.218 0.836912 0.836912 1
0.687289 0.0594367 0.788676 4.87559 5.67341 127.811 2.6815 0.802831 0.802831 1
0.68542 1.1273 0.0564886 4.88083 10.5856 137.549 0.192061 0.985878 0.985878 1
0.683973 0.430359 0.411878 4.88488 7.37965 132.822 1.40038 0.897031 0.897031 1
0.682917 0.0613947 0.0439979 4.88783 5.68242 137.715 0.149593 0.989001 0.989001 1
0.68171 0.0948335 0.606508 4.89121 5.83623 130.233 2.06213 0.848373 0.848373 1
0.680391 0.741225 0.244731 4.89491 8.80963 135.045 0.832087 0.938817 0.938817 1
0.679985 0.712809 0.62501 4.89604 8.67892 129.987 2.12503 0.843747 0.843747 1
0.678134 0.630098 0.904936 4.90122 8.29845 126.264 3.07678 0.773766 0.773766 1
0.676447 0.165643 0.448349 4.90595 6.16196 132.337 1.52439 0.887913 0.887913 1
0.675372 0.402217 0.895709 4.90896 7.2502 126.387 3.04541 0.776073 0.776073 1
0.674582 0.082551 0.44886 4.91117 5.77973 132.33 1.52612 0.887785 0.887785 1
0.673612 1.13409 0.800386 4.91389 10.6168 127.655 2.72131 0.799903 0.799903 1
0.671473 0.808799 0.615519 4.91988 9.12047 130.114 2.09277 0.84612 0.84612 1
0.670435 0.135401 0.282051 4.92278 6.02284 134.549 0.958974 0.929487 0.929487 1
0.6691 0.276798 0.0637271 4.92652 6.67327 137.452 0.216672 0.984068 0.984068 1
0.667958 0.355149 0.397338 4.92972 7.03368 133.015 1.35095 0.900666 0.900666 1
0.666308 0.738606 0.938241 4.93434 8.79759 125.821 3.19002 0.76544 0.76544 1
0.665974 1.22202 0.5331 4.93527 11.0213 131.21 1.81254 0.866725 0.866725 1
0.664267 0.842689 0.803137 4.94005 9.27637 127.618 2.73066 0.799216 0.799216 1
0.663014 0.684357 0.339346 4.94356 8.54804 133.787 1.15378 0.915164 0.915164 1
0.661692 1.01385 0.01605 4.94726 10.0637 138.087 0.0545699 0.995988 0.995988 1
0.660433 0.282194 0.386761 4.95079 6.69809 133.156 1.31499 0.90331 0.90331 1
0.65894 0.224719 0.100625 4.95497 6.43371 136.962 0.342125 0.974844 0.974844 1
0.658058 0.60538 0.18872 4.95744 8.18475 135.79 0.641649 0.95282 0.95282 1
0.65701 0.985099 0.176697 4.96037 9.93145 135.95 0.600769 0.955826 0.955826 1
0.656244 1.00675 0.820746 4.96252 10.031 127.384 2.79054 0.794814 0.794814 1
0.653826 1.19979 0.808605 4.96929 10.919 127.546 2.74926 0.797849 0.797849 1
0.653247 0.636624 1.14562 4.97091 8.32847 123.063 3.89512 0.713594 0.713594 1
0.652401 0.213635 0.125022 4.97328 6.38272 136.637 0.425075 0.968744 0.968744 1
0.651109 1.11133 0.794016 4.97689 10.5121 127.74 2.69966 0.801496 0.801496 1
0.649027 1.14473 0.594419 4.98272 10.6658 130.394 2.02102 0.851395 0.851395 1
0.648629 1.06925 0.812526 4.98384 10.3185 127.493 2.76259 0.796868 0.796868 1
0.646816 0.0405062 0.486008 4.98892 5.58633 131.836 1.65243 0.878498 0.878498 1
0.645696 0.754336 0.371396 4.99205 8.86995 133.36 1.26275 0.907151 0.907151 1
0.644692 0.264117 0.600831 4.99486 6.61494 130.309 2.04283 0.849792 0.849792 1
0.6425 0.494731 0.180582 5.001 7.67576 135.898 0.61398 0.954854 0.954854 1
0.64248 1.19665 0.768941 5.00106 10.9046 128.073 2.6144 0.807765 0.807765 1
0.640541 0.329625 1.03952 5.00648 6.91627 124.474 3.53437 0.74012 0.74012 1
0.639956 0.604197 0.582992 5.00812 8.17931 130.546 1.98217 0.854252 0.854252 1
0.638541 0.349211 1.24678 5.01209 7.00637 121.718 4.23905 0.688305 0.688305 1
0.636581 0.885654 0.603933 5.01757 9.47401 130.268 2.05337 0.849017 0.849017 1
0.635814 0.812476 1.19134 5.01972 9.13739 122.455 4.05056 0.702164 0.702164 1
0.633899 0.766793 0.802009 5.02508 8.92725 127.633 2.72683 0.799498 0.799498 1
0.633465 0.815483 0.911757 5.0263 9.15122 126.174 3.09998 0.772061 0.772061 1
0.632174 0.0460676 1.06393 5.02991 5.61191 124.15 3.61737 0.734017 0.734017 1
0.630564 0.072595 0.570179 5.03442 5.73394 130.717 1.93861 0.857455 0.857455 1
0.62912 1.1476 0.316645 5.03846 10.679 134.089 1.07659 0.920839 0.920839 1
0.628416 0.789558 0.305653 5.04044 9.03197 134.235 1.03922 0.923587 0.923587 1
0.626869 0.337662 0.284637 5.04477 6.95324 134.514 0.967767 0.928841 0.928841 1
0.625527 0.57006 0.846473 5.04853 8.02228 127.042 2.87801 0.788382 0.788382 1
0.624355 0.187458 0.316188 5.05181 6.26231 134.095 1.07504 0.920953 0.920953 1
0.623274 0.446636 0.862744 5.05483 7.45452 126.825 2.93333 0.784314 0.784314 1
0.622242 0.408118 0.442823 5.05772 7.27734 132.41 1.5056 0.889294 0.889294 1
0.619423 0.023262 0.456481 5.06562 5.50701 132.229 1.55204 0.88588 0.88588 1
0.618059 1.14242 0.585376 5.06944 10.6551 130.514 1.99028 0.853656 0.853656 1
0.616705 0.829161 0.0608458 5.07323 9.21414 137.491 0.206876 0.984789 0.984789 1
0.615993 1.17981 0.605082 5.07522 10.8271 130.252 2.05728 0.848729 0.848729 1
0.613299 1.14004 0.809387 5.08276 10.6442 127.535 2.75192 0.797653 0.797653 1
0.612414 1.0136 0.07606 5.08524 10.0626 137.288 0.258604 0.980985 0.980985 1
0.610449 0.726781 0.641147 5.09074 8.74319 129.773 2.1799 0.839713 0.839713 1
0.609408 0.648562 0.150678 5.09366 8.38339 136.296 0.512306 0.96233 0.96233 1
0.608167 0.962238 0.0326256 5.09713 9.8263 137.866 0.110927 0.991844 0.991844 1
0.606766 0.0514726 0.961698 5.10106 5.63677 125.509 3.26977 0.759575 0.759575 1
0.605706 0.359451 1.11726 5.10402 7.05347 123.44 3.79867 0.720686 0.720686 1
0.604021 0.00272597 0.758994 5.10874 5.41254 128.205 2.58058 0.810251 0.810251 1
0.602876 0.273244 0.922024 5.11195 6.65692 126.037 3.13488 0.769494 0.769494 1
0.602278 0.360473 0.277886 5.11362 7.05817 134.604 0.944813 0.930528 0.930528 1
0.600983 0.822743 0.19162 5.11725 9.18462 135.751 0.651509 0.952095 0.952095 1
0.599781 0.185328 0.133588 5.12061 6.25251 136.523 0.454201 0.966603 0.966603 1
0.59787 0.330093 0.515499 5.12597 6.91843 131.444 1.7527 0.871125 0.871125 1
0.597287 0.954123 0.788785 5.1276 9.78896 127.809 2.68187 0.802804 0.802804 1
0.595874 0.202705 0.0464916 5.13155 6.33245 137.682 0.158072 0.988377 0.988377 1
0.59432 0.911106 0.864543 5.1359 9.59109 126.802 2.93945 0.783864 0.783864 1
0.593702 0.13471 0.350153 5.13763 6.01967 133.643 1.19052 0.912462 0.912462 1
0.591638 0.621642 1.00746 5.14341 8.25955 124.901 3.42537 0.748135 0.748135 1
0.590912 0.501832 1.12522 5.14545 7.70843 123.335 3.82576 0.718694 0.718694 1
0.589624 0.21445 1.13823 5.14905 6.38647 123.162 3.86999 0.715442 0.715442 1
0.588553 0.778674 0.131048 5.15205 8.9819 136.557 0.445563 0.967238 0.967238 1
0.586957 0.428443 1.06516 5.15652 7.37084 124.133 3.62154 0.73371 0.73371 1
0.585754 0.854518 0.86717 5.15989 9.33078 126.767 2.94838 0.783208 0.783208 1
0.58429 0.0199783 1.1814 5.16399 5.4919 122.587 4.01674 0.704651 0.704651 1
0.583652 0.231656 0.0670473 5.16577 6.46562 137.408 0.227961 0.983238 0.983238 1
0.582315 0.206617 0.274667 5.16952 6.35044 134.647 0.933866 0.931333 0.931333 1
0.580136 0.200435 1.15629 5.17562 6.322 122.921 3.9314 0.710926 0.710926 1
0.57913 0.580715 1.09586 5.17844 8.07129 123.725 3.72593 0.726034 0.726034 1
0.578044 0.221903 0.120405 5.18148 6.42075 136.699 0.409376 0.969899 0.969899 1
0.57516 0.350853 0.644568 5.18955 7.01392 129.727 2.19153 0.838858 0.838858 1
0.574148 0.0774391 1.17807 5.19239 5.75622 122.632 4.00544 0.705482 0.705482 1
0.573382 0.874817 0.884764 5.19453 9.42416 126.533 3.0082 0.778809 0.778809 1
0.571052 0.70872 0.914513 5.20105 8.66011 126.137 3.10934 0.771372 0.771372 1
0.568841 1.0264 0.0188753 5.20724 10.1214 138.049 0.0641759 0.995281 0.995281 1
0.56798 0.939701 0.951736 5.20966 9.72262 125.642 3.2359 0.762066 0.762066 1
0.566535 0.166672 1.10873 5.2137 6.16669 123.554 3.76968 0.722817 0.722817 1
0.565848 0.151884 0.492946 5.21563 6.09867 131.744 1.67602 0.876764 0.876764 1
0.564001 0.311877 1.11071 5.2208 6.83464 123.528 3.77641 0.722323 0.722323 1
0.563178 1.24838 0.181329 5.2231 11.1425 135.888 0.616519 0.954668 0.954668 1
0.561582 0.0124806 0.889658 5.22757 5.45741 126.468 3.02484 0.777586 0.777586 1
0.560261 0.19185 0.940722 5.23127 6.28251 125.788 3.19845 0.76482 0.76482 1
0.558782 0.233463 0.246288 5.23541 6.47393 135.024 0.837381 0.938428 0.938428 1
0.55806 0.975167 0.134335 5.23743 9.88577 136.513 0.456739 0.966416 0.966416 1
0.557344 0.609774 0.06497 5.23944 8.20496 137.436 0.220898 0.983758 0.983758 1
0.556089 0.0482481 0.950501 5.24295 5.62194 125.658 3.2317 0.762375 0.762375 1
0.554678 0.456955 0.287934 5.2469 7.50199 134.47 0.978974 0.928017 0.928017 1
0.5536 0.46894 1.08507 5.24992 7.55713 123.869 3.68925 0.728732 0.728732 1
0.551793 0.769565 0.0650874 5.25498 8.94 137.434 0.221297 0.983728 0.983728 1
0.550514 0.131091 0.697407 5.25856 6.00302 129.024 2.37118 0.825648 0.825648 1
0.549981 0.799984 1.01626 5.26005 9.07993 124.784 3.4553 0.745934 0.745934 1
0.546501 0.823967 0.25793 5.2698 9.19025 134.87 0.876962 0.935518 0.935518 1
0.545213 1.14353 0.436806 5.2734 10.6602 132.49 1.48514 0.890799 0.890799 1
0.54453 0.403633 0.418828 5.27531 7.25671 132.73 1.42401 0.895293 0.895293 1
0.543476 0.58752 0.297627 5.27827 8.10259 134.342 1.01193 0.925593 0.925593 1
0.542319 0.749765 0.711057 5.28151 8.84892 128.843 2.4176 0.822236 0.822236 1
0.540458 0.826004 1.07572 5.28672 9.19962 123.993 3.65744 0.731071 0.731071 1
0.539344 0.951952 0.29538 5.28984 9.77898 134.371 1.00429 0.926155 0.926155 1
0.538126 0.916245 0.526957 5.29325 9.61473 131.291 1.79165 0.868261 0.868261 1
0.53743 0.591672 0.169275 5.2952 8.12169 136.049 0.575535 0.957681 0.957681 1
0.53531 0.0301163 1.06286 5.30113 5.53854 124.164 3.61371 0.734286 0.734286 1
0.534097 0.211246 0.0773021 5.30453 6.37173 137.272 0.262827 0.980674 0.980674 1
0.533159 0.757321 0.655273 5.30715 8.88368 129.585 2.22793 0.836182 0.836182 1
0.531938 0.620566 0.286311 5.31057 8.2546 134.492 0.973456 0.928422 0.928422 1
0.530563 1.0034 0.643327 5.31442 10.0156 129.744 2.18731 0.839168 0.839168 1
0.529696 0.379566 0.241532 5.31685 7.14601 135.088 0.821209 0.939617 0.939617 1
0.527992 1.0391 0.0617127 5.32162 10.1799 137.479 0.209823 0.984572 0.984572 1
0.526619 0.299036 0.587193 5.32547 6.77556 130.49 1.99646 0.853202 0.853202 1
0.525855 0.0808904 0.608399 5.32761 5.7721 130.208 2.06856 0.8479 0.8479 1
0.52416 1.03451 0.207723 5.33235 10.1588 135.537 0.70626 0.948069 0.948069 1
0.522879 1.11715 0.0063265 5.33594 10.5389 138.216 0.0215101 0.998418 0.998418 1
0.521449 0.906875 0.381354 5.33994 9.57162 133.228 1.2966 0.904661 0.904661 1
0.520945 1.00075 0.582473 5.34135 10.0035 130.553 1.98041 0.854382 0.854382 1
0.519516 0.194242 0.603431 5.34535 6.29351 130.274 2.05166 0.849142 0.849142 1
0.517535 1.00835 1.15567 5.3509 10.0384 122.93 3.92929 0.711082 0.711082 1
0.517233 1.18959 0.131892 5.35175 10.8721 136.546 0.448434 0.967027 0.967027 1
0.515357 0.758617 1.0562 5.357 8.88964 124.253 3.59108 0.73595 0.73595 1
0.514187 0.861437 0.0541016 5.36028 9.36261 137.58 0.183945 0.986475 0.986475 1
0.513356 0.4682 0.0934315 5.3626 7.55372 137.057 0.317667 0.976642 0.976642 1
0.511511 0.116894 1.05238 5.36777 5.93771 124.303 3.57809 0.736905 0.736905 1
0.510789 0.0366756 0.66552 5.36979 5.56871 129.449 2.26277 0.83362 0.83362 1
0.509377 0.537776 0.590904 5.37374 7.87377 130.441 2.00907 0.852274 0.852274 1
0.508264 0.455529 0.343251 5.37686 7.49543 133.735 1.16705 0.914187 0.914187 1
0.506862 0.204993 0.00943996 5.38079 6.34297 138.174 0.0320958 0.99764 0.99764 1
0.505886 1.24287 0.638109 5.38352 11.1172 129.813 2.16957 0.840473 0.840473 1
0.50414 0.23811 0.496971 5.38841 6.49531 131.69 1.6897 0.875757 0.875757 1
0.5027 0.979739 0.240116 5.39244 9.9068 135.106 0.816395 0.939971 0.939971 1
0.501412 0.284495 0.325679 5.39605 6.70868 133.968 1.10731 0.91858 0.91858 1
0.500624 0.860541 0.852599 5.39825 9.35849 126.96 2.89884 0.78685 0.78685 1
