0 -22.98915532 0.6205470464
1 -23.25579067 0.6155072638
2 -23.5308615 0.6103157254
3 -23.81484822 0.6049651322
4 -24.10825706 0.5994479496
5 -24.41161996 0.593756442
6 -24.72549406 0.5878827203
7 -25.05046064 0.5818188025
8 -25.38712348 0.5755566901
9 -25.73610643 0.5690884608
10 -26.09805015 0.5624063819
11 -26.47360787 0.5555030431
12 -26.86344004 0.5483715116
13 -27.26820776 0.5410055094
14 -27.68856501 0.5333996125
15 -28.12514941 0.5255494702
16 -28.57857173 0.5174520418
17 -29.04940397 0.5091058469
18 -29.53816633 0.5005112225
19 -30.0453129 0.4916705806
20 -30.57121652 0.4825886568
21 -31.11615305 0.4732727407
22 -31.6802854 0.4637328728
23 -32.26364808 0.4539819964
24 -32.86613294 0.4440360461
25 -33.48747714 0.4339139573
26 -34.1272542 0.4236375821
27 -34.78486918 0.4132315015
28 -35.4595585 0.4027227315
29 -36.15039502 0.3921403267
30 -36.8562982 0.3815148962
31 -37.57604918 0.3708780505
32 -38.30831007 0.3602618075
33 -39.05164656 0.349697985
34 -39.80455286 0.3392176079
35 -40.56547783 0.3288503585
36 -41.33285119 0.3186240896
37 -42.10510896 0.3085644173
38 -42.88071706 0.298694405
39 -43.65819269 0.2890343404
40 -44.43612279 0.2796016063
41 -45.21317937 0.2704106375
42 -45.9881316 0.2614729567
43 -46.75985469 0.2527972752
44 -47.52733561 0.244389648
45 -48.28967602 0.2362536703
46 -49.0460926 0.2283907009
47 -49.79591522 0.2208001039
48 -50.53858312 0.2134794975
49 -51.27363967 0.2064250024
50 -52.00072582 0.1996314816
51 -52.71957268 0.19309277
52 -53.42999341 0.1868018865
53 -54.13187469 0.1807512292
54 -54.8251679 0.1749327513
55 -55.5098802 0.1693381176
56 -56.1860657 0.1639588413
57 -56.8538166 0.1587864036
58 -57.51325472 0.1538123547
59 -58.16452308 0.1490283994
60 -58.80777798 0.1444264672
61 -59.44318132 0.1399987699
62 -60.07089342 0.1357378455
63 -60.69106619 0.1316365921
64 -61.30383696 0.1276882911
65 -61.90932277 0.1238866215
66 -62.50761532 0.1202256662
67 -63.09877667 0.116699911
68 -63.68283558 0.1133042365
69 -64.25978477 0.1100339056
70 -64.82957899 0.1068845441
71 -65.392134 0.1038521192
72 -65.9473265 0.1009329126
73 -66.49499496 0.09812349223
74 -67.03494139 0.09542068162
75 -67.56693399 0.09282152799
76 -68.09071064 0.09032327032
77 -68.60598304 0.08792330774
78 -69.11244161 0.08561916905
79 -69.60976073 0.08340848411
80 -70.09760446 0.08128895746
81 -70.57563241 0.07925834485
82 -71.04350563 0.07731443278
83 -71.50089249 0.07545502139
84 -71.94747424 0.07367791075
85 -72.38295026 0.07198089055
86 -72.80704278 0.07036173296
87 -73.21950108 0.06881818854
88 -73.62010506 0.06734798488
89 -74.00866809 0.06594882754
90 -74.38503924 0.06461840313
91 -74.74910476 0.06335438382
92 -75.10078887 0.06215443327
93 -75.44005402 0.06101621329
94 -75.76690043 0.05993739116
95 -76.0813652 0.05891564706
96 -76.38352092 0.05794868166
97 -76.6734739 0.05703422329
98 -76.95136208 0.05617003491
99 -77.2173527 0.05535392038
100 -77.47163976 0.05458373026
101 -77.71444139 0.0538573668
102 -77.94599718 0.05317278834
103 -78.16656543 0.05252801294
104 -78.37642048 0.05192112126
105 -78.57585015 0.05135025887
106 -78.76515318 0.05081363786
107 -78.94463686 0.05030953786
108 -79.11461483 0.04983630657
109 -79.27540496 0.04939235975
110 -79.42732746 0.04897618085
111 -79.57070314 0.04858632022
112 -79.7058518 0.04822139402
113 -79.83309086 0.04788008288
114 -79.9527341 0.04756113032
115 -80.0650906 0.04726334099
116 -80.17046376 0.04698557877
117 -80.26915051 0.04672676477
118 -80.3614407 0.04648587529
119 -80.44761646 0.04626193962
120 -80.52795185 0.04605403796
121 -80.60271246 0.04586129921
122 -80.67215521 0.04568289886
123 -80.73652813 0.04551805684
124 -80.79607032 0.04536603547
125 -80.85101189 0.04522613736
126 -80.90157398 0.0450977035
127 -80.94796885 0.04498011127
128 -80.99039995 0.04487277262
129 -81.02906213 0.04477513227
130 -81.06414174 0.04468666596
131 -81.0958169 0.04460687883
132 -81.12425764 0.04453530383
133 -81.14962621 0.04447150021
134 -81.17207728 0.04441505206
135 -81.19175817 0.04436556696
136 -81.20880917 0.04432267467
137 -81.22336375 0.04428602591
138 -81.23554883 0.04425529115
139 -81.24548506 0.04423015953
140 -81.25328705 0.04421033778
141 -81.25906365 0.04419554925
142 -81.26291819 0.04418553294
143 -81.26494872 0.04418004264
144 -81.26524824 0.04417884604
145 -81.26390497 0.04418172401
146 -81.26100253 0.04418846978
147 -81.25662017 0.04419888826
148 -81.25083301 0.0442127954
149 -81.24371219 0.04423001751
150 -81.23532511 0.0442503907
151 -81.22573558 0.04427376034
152 -81.21500404 0.04429998048
153 -81.20318768 0.04432891342
154 -81.19034066 0.04436042918
155 -81.1765142 0.04439440511
156 -81.1617568 0.04443072545
157 -81.14611432 0.04446928098
158 -81.12963017 0.04450996857
159 -81.11234537 0.04455269093
160 -81.09429876 0.04459735624
161 -81.07552704 0.04464387783
162 -81.05606491 0.04469217394
163 -81.0359452 0.04474216738
164 -81.0151989 0.04479378536
165 -80.99385534 0.04484695918
166 -80.97194222 0.04490162404
167 -80.9494857 0.04495771883
168 -80.9265105 0.04501518594
169 -80.90303996 0.04507397106
170 -80.87909608 0.04513402303
171 -80.85469963 0.04519529369
172 -80.82987019 0.04525773777
173 -80.80462616 0.04532131271
174 -80.77898487 0.0453859786
175 -80.75296256 0.04545169809
176 -80.72657439 0.0455184364
177 -80.69983399 0.04558616229
178 -80.67274873 0.04565485782
179 -80.6452758 0.04572461021
180 -80.61691369 0.04579646691
181 -80.58290626 0.04588039265
182 -80.49897569 0.04606943723
183 -79.95379947 0.04724138769
184 -75.14061885 0.05863566515
185 -32.36011285 0.2903475656
186 37.33615035 0.9987844274
187 38.5635296 0.9999421954
188 37.31387365 0.999928932
189 35.09555518 0.9998940553
190 32.13700555 0.9998181041
191 28.73573257 0.9996604001
192 25.16924776 0.9993475468
193 21.63154874 0.9987598353
194 18.23929165 0.9977227472
195 15.05848589 0.9960135176
196 12.12571791 0.9933922215
197 9.459717307 0.9896572151
198 7.066478398 0.9847077985
199 4.941612087 0.9785854083
200 3.072202683 0.9714718957
201 1.439012369 0.9636466512
202 0.01895481575 0.9554247632
203 -1.212574814 0.9471016613
204 -2.279855082 0.9389186752
205 -3.205605315 0.9310506507
206 -4.010312498 0.9236091987
207 -4.71198096 0.9166538356
208 -5.326157496 0.9102052334
209 -5.866111548 0.9042573624
210 -6.343086275 0.8987872551
211 -6.766568137 0.8937622326
212 -7.144545754 0.88914494
213 -7.483743916 0.8848966794
214 -7.789827679 0.8809795019
215 -8.06757644 0.8773574386
216 -8.321030373 0.8739971517
217 -8.553612556 0.8708682113
218 -8.768230348 0.8679431364
219 -8.967359334 0.8651972953
220 -9.153112813 0.8626087278
221 -9.327299345 0.8601579289
222 -9.491470492 0.8578276198
223 -9.646960498 0.8556025201
224 -9.794919363 0.8534691321
225 -9.936340468 0.8514155399
226 -10.07208374 0.8494312259
227 -10.2028951 0.8475069067
228 -10.32942286 0.8456343849
229 -10.45223162 0.8438064183
230 -10.57181397 0.842016604
231 -10.68860048 0.8402592762
232 -10.80296822 0.8385294158
233 -10.91524803 0.8368225719
234 -11.02573069 0.8351347921
235 -11.13467229 0.8334625614
236 -11.24229881 0.8318027493
237 -11.34881004 0.8301525622
238 -11.45438301 0.8285095029
239 -11.55917493 0.8268713343
240 -11.66332573 0.8252360476
241 -11.76696027 0.8236018346
242 -11.87019028 0.8219670632
243 -11.97311601 0.8203302558
244 -12.0758277 0.8186900704
245 -12.17840684 0.8170452841
246 -12.2809273 0.8153947779
247 -12.38345628 0.8137375238
248 -12.4860552 0.8120725737
249 -12.58878041 0.8103990486
250 -12.69168386 0.8087161298
251 -12.7948137 0.807023051
252 -12.8982148 0.8053190908
253 -13.00192915 0.8036035665
254 -13.10599635 0.8018758284
255 -13.21045387 0.8001352546
256 -13.31533746 0.7983812462
257 -13.4206814 0.7966132234
258 -13.52651873 0.7948306218
259 -13.63288152 0.7930328884
260 -13.73980109 0.7912194792
261 -13.84730814 0.7893898556
262 -13.955433 0.7875434823
263 -14.06420574 0.7856798245
264 -14.17365633 0.7837983456
265 -14.28381478 0.7818985053
266 -14.39471128 0.7799797571
267 -14.50637631 0.7780415464
268 -14.61884076 0.7760833091
269 -14.73213603 0.774104469
270 -14.84629419 0.7721044366
271 -14.961348 0.7700826067
272 -15.07733108 0.7680383575
273 -15.19427802 0.7659710477
274 -15.31222442 0.7638800157
275 -15.43120707 0.7617645772
276 -15.551264 0.7596240237
277 -15.67243462 0.75745762
278 -15.79475983 0.7552646032
279 -15.91828211 0.7530441795
280 -16.04304569 0.7507955231
281 -16.16909662 0.7485177734
282 -16.29648295 0.7462100328
283 -16.42525483 0.7438713642
284 -16.55546469 0.7415007886
285 -16.68716739 0.7390972822
286 -16.82042037 0.7366597737
287 -16.95528382 0.7341871409
288 -17.09182091 0.7316782079
289 -17.23009793 0.7291317412
290 -17.37018457 0.7265464463
291 -17.51215411 0.7239209638
292 -17.65608365 0.721253865
293 -17.80205442 0.7185436477
294 -17.95015204 0.7157887311
295 -18.10046683 0.7129874511
296 -18.25309412 0.7101380547
297 -18.40813463 0.7072386941
298 -18.56569484 0.7042874205
299 -18.72588739 0.7012821779
300 -18.88883154 0.6982207955
301 -19.05465361 0.6951009809
302 -19.22348755 0.6919203112
303 -19.39547539 0.6886762258
304 -19.57076795 0.6853660162
305 -19.74952535 0.6819868177
306 -19.93191777 0.6785355986
307 -20.11812615 0.6750091506
308 -20.30834292 0.6714040773
309 -20.50277287 0.6677167836
310 -20.701634 0.6639434639
311 -20.90515843 0.6600800904
312 -21.11359335 0.6561224013
313 -21.32720205 0.6520658896
314 -21.54626496 0.6479057912
315 -21.77108069 0.6436370748
316 -22.00196718 0.639254432
317 -22.23926273 0.6347522696
318 -22.48332713 0.6301247032
319 -22.73454266 0.6253655541
320 -22.99331509 0.6204683498
321 -23.26007455 0.6154263286
322 -23.53527623 0.6102324503
323 -23.81940088 0.604879413
324 -24.11295507 0.5993596796
325 -24.41647108 0.5936655125
326 -24.73050637 0.5877890219
327 -25.05564254 0.5817222257
328 -25.39248363 0.5754571266
329 -25.74165374 0.5689858053
330 -26.10379369 0.5623005334
331 -26.47955683 0.5553939073
332 -26.86960361 0.5482590033
333 -27.27459509 0.5408895551
334 -27.69518503 0.533280153
335 -28.13201073 0.5254264643
336 -28.58568247 0.5173254692
337 -29.05677162 0.5089757117
338 -29.54579753 0.5003775568
339 -30.05321326 0.4915334477
340 -30.57939045 0.4824481542
341 -31.12460353 0.4731290024
342 -31.6890138 0.4635860717
343 -32.272654 0.4538323452
344 -32.87541403 0.4438837974
345 -33.49702899 0.4337594028
346 -34.13707027 0.4234810506
347 -34.79494071 0.4130733554
348 -35.4698746 0.4025633627
349 -36.16094268 0.3919801507
350 -36.86706243 0.3813543457
351 -37.5870132 0.3707175683
352 -38.31945552 0.3601018391
353 -39.06295379 0.3495389707
354 -39.81600124 0.3390599755
355 -40.57704604 0.3286945164
356 -41.34451758 0.3184704205
357 -42.11685184 0.3084132733
358 -42.89251507 0.2985461033
359 -43.67002505 0.2888891605
360 -44.44796954 0.2794597882
361 -45.22502164 0.2702723815
362 -45.99995175 0.261338423
363 -46.77163645 0.2526665858
364 -47.53906416 0.2442628888
365 -48.30133809 0.2361308931
366 -49.05767645 0.2282719267
367 -49.80741065 0.2206853263
368 -50.5499814 0.2133686857
369 -51.28493351 0.2063181047
370 -52.01190926 0.1995284287
371 -52.73064101 0.1929934781
372 -53.44094304 0.1867062602
373 -54.14270305 0.1806591643
374 -54.83587331 0.1748441372
375 -55.52046176 0.1692528393
376 -56.19652312 0.1638767817
377 -56.86415014 0.1587074449
378 -57.523465 0.1537363799
379 -58.17461102 0.1489552934
380 -58.81774464 0.144356118
381 -59.45302782 0.1399310693
382 -60.08062079 0.1356726898
383 -60.70067535 0.1315738823
384 -61.31332858 0.1276279334
385 -61.9186972 0.1238285277
386 -62.51687255 0.1201697535
387 -63.10791621 0.1166461017
388 -63.69185649 0.1132524587
389 -64.2686856 0.1099840918
390 -64.83835775 0.1068366321
391 -65.40078818 0.1038060509
392 -65.95585308 0.100888634
393 -66.50339042 0.09808095285
394 -67.04320175 0.09537983415
395 -67.5750549 0.09278232775
396 -68.09868739 0.09028567486
397 -68.61381067 0.08788727636
398 -69.12011496 0.08558466243
399 -69.61727457 0.08337546387
400 -70.10495354 0.08125738589
401 -70.58281156 0.07922818458
402 -71.05050985 0.07728564653
403 -71.50771704 0.07542757181
404 -71.95411471 0.07365176026
405 -72.38940264 0.07195600125
406 -72.81330353 0.07033806661
407 -73.22556717 0.06879570652
408 -73.62597402 0.06732664825
409 -74.01433804 0.06592859712
410 -74.39050892 0.06459923952
411 -74.75437351 0.06333624758
412 -75.10585666 0.06213728499
413 -75.44492141 0.06100001375
414 -75.77156859 0.05992210141
415 -76.08583584 0.05890122859
416 -76.3877963 0.05793509648
417 -76.67755677 0.0570214341
418 -76.95525565 0.05615800513
419 -77.22106057 0.05534261431
420 -77.47516592 0.0545731131
421 -77.71779016 0.05384740478
422 -77.94917313 0.05316344873
423 -78.16957339 0.0525192641
424 -78.37926547 0.05191293269
425 -78.57853732 0.05134260123
426 -78.76768781 0.05080648296
427 -78.94702431 0.05030285871
428 -79.11686048 0.04983007732
429 -79.27751423 0.04938655572
430 -79.42930575 0.04897077849
431 -79.57255578 0.04858129711
432 -79.70758408 0.04821672883
433 -79.834708 0.04787575535
434 -79.9542412 0.04755712121
435 -80.06649265 0.04725963206
436 -80.17176563 0.04698215274
437 -80.27035694 0.0467236053
438 -80.36255627 0.04648296691
439 -80.44864563 0.04625926771
440 -80.5288989 0.04605158872
441 -80.60358152 0.04585905962
442 -80.67295025 0.04568085663
443 -80.73725298 0.04551620039
444 -80.79672863 0.04536435387
445 -80.85160717 0.04522462033
446 -80.90210958 0.04509634135
447 -80.94844796 0.04497889489
448 -80.99082563 0.04487169342
449 -81.02943727 0.04477418218
450 -81.06446911 0.0446858374
451 -81.09609912 0.04460616466
452 -81.12449722 0.04453469734
453 -81.14982551 0.04447099509
454 -81.17223854 0.04441464238
455 -81.19188353 0.04436524715
456 -81.20890064 0.04432243952
457 -81.22342323 0.04428587049
458 -81.23557813 0.04425521085
459 -81.24548588 0.04423015001
460 -81.25326101 0.04421039498
461 -81.25901227 0.04419566934
462 -81.26284291 0.04418571234
463 -81.26485088 0.04418027797
464 -81.26512914 0.04417913416
465 -81.26376581 0.04418206194
466 -81.26084444 0.04418885473
467 -81.25644423 0.04419931763
468 -81.25064022 0.04421326672
469 -81.2435035 0.04423052848
470 -81.23510142 0.04425093917
471 -81.22549774 0.04427434427
472 -81.21475284 0.04430059797
473 -81.20292387 0.04432956268
474 -81.19006493 0.04436110854
475 -81.17622722 0.04439511299
476 -81.16145919 0.04443146039
477 -81.14580666 0.04447004157
478 -81.12931301 0.04451075353
479 -81.11201924 0.04455349904
480 -81.09396413 0.04459818636
