0 -11.39982969 0.8293618907
1 -11.50568051 0.8277107044
2 -11.61074611 0.8260644964
3 -11.71516699 0.8244212456
4 -11.81906856 0.8227791322
5 -11.92256304 0.8211365132
6 -12.0257512 0.8194919009
7 -12.12872372 0.8178439436
8 -12.23156257 0.8161914093
9 -12.33434201 0.8145331705
10 -12.43712968 0.8128681915
11 -12.53998735 0.8111955164
12 -12.64297174 0.8095142593
13 -12.74613516 0.8078235951
14 -12.84952608 0.806122751
15 -12.95318965 0.804411
16 -13.05716818 0.8026876538
17 -13.16150151 0.8009520578
18 -13.26622739 0.7992035851
19 -13.37138181 0.7974416326
20 -13.47699925 0.7956656163
21 -13.58311296 0.793874968
22 -13.68975522 0.7920691312
23 -13.7969575 0.7902475587
24 -13.90475067 0.7884097092
25 -14.0131652 0.7865550447
26 -14.12223127 0.7846830283
27 -14.23197897 0.7827931217
28 -14.34243839 0.780884783
29 -14.45363977 0.7789574647
30 -14.56561365 0.7770106118
31 -14.67839092 0.7750436599
32 -14.79200299 0.7730560335
33 -14.90648185 0.7710471438
34 -15.02186023 0.7690163876
35 -15.13817162 0.7669631452
36 -15.25545045 0.7648867788
37 -15.37373214 0.7627866308
38 -15.49305322 0.7606620219
39 -15.61345143 0.7585122498
40 -15.7349658 0.756336587
41 -15.8576368 0.7541342793
42 -15.98150639 0.7519045435
43 -16.10661817 0.7496465662
44 -16.23301749 0.7473595009
45 -16.36075157 0.7450424669
46 -16.4898696 0.7426945462
47 -16.6204229 0.7403147819
48 -16.75246504 0.7379021758
49 -16.886052 0.7354556855
50 -17.02124229 0.7329742224
51 -17.15809714 0.7304566485
52 -17.29668068 0.7279017738
53 -17.43706007 0.7253083534
54 -17.57930572 0.7226750841
55 -17.72349151 0.7200006013
56 -17.86969495 0.7172834753
57 -18.01799748 0.714522208
58 -18.16848461 0.7117152289
59 -18.32124629 0.7088608907
60 -18.47637708 0.7059574659
61 -18.63397649 0.7030031416
62 -18.79414928 0.6999960153
63 -18.95700576 0.69693409
64 -19.12266216 0.6938152692
65 -19.29124096 0.6906373514
66 -19.4628713 0.6873980255
67 -19.63768939 0.6840948641
68 -19.81583888 0.6807253189
69 -19.99747138 0.6772867141
70 -20.18274689 0.6737762409
71 -20.3718343 0.6701909514
72 -20.56491193 0.6665277527
73 -20.76216802 0.6627834012
74 -20.96380134 0.6589544967
75 -21.17002172 0.6550374772
76 -21.38105068 0.651028614
77 -21.59712203 0.6469240072
78 -21.81848242 0.6427195822
79 -22.04539204 0.6384110871
80 -22.27812515 0.6339940914
81 -22.5169707 0.629463986
82 -22.76223289 0.6248159853
83 -23.01423165 0.6200451317
84 -23.2733031 0.6151463028
85 -23.53979996 0.6101142215
86 -23.81409175 0.6049434708
87 -24.09656498 0.599628512
88 -24.38762305 0.5941637092
89 -24.68768606 0.5885433593
90 -24.99719033 0.5827617287
91 -25.31658755 0.5768130978
92 -25.64634374 0.5706918144
93 -25.9869377 0.5643923559
94 -26.33885898 0.5579094017
95 -26.70260547 0.551237917
96 -27.07868024 0.5443732473
97 -27.46758789 0.5373112245
98 -27.86983005 0.5300482848
99 -28.28590034 0.5225815966
100 -28.71627837 0.5149091991
101 -29.16142312 0.5070301478
102 -29.62176544 0.4989446662
103 -30.09769999 0.4906542986
104 -30.58957641 0.4821620616
105 -31.09769015 0.4734725873
106 -31.62227288 0.4645922541
107 -32.16348294 0.4555292965
108 -32.72139594 0.44629389
109 -33.29599591 0.4368982
110 -33.88716738 0.4273563928
111 -34.49468871 0.4176845984
112 -35.11822707 0.4079008241
113 -35.75733547 0.3980248145
114 -36.41145207 0.3880778583
115 -37.07990214 0.3780825434
116 -37.76190261 0.368062467
117 -38.45656946 0.3580419067
118 -39.16292777 0.3480454636
119 -39.87992409 0.3380976897
120 -40.60644108 0.3282227117
121 -41.34131358 0.3184438666
122 -42.083346 0.3087833597
123 -42.8313301 0.2992619586
124 -43.58406279 0.2898987331
125 -44.34036328 0.2807108453
126 -45.09908908 0.271713398
127 -45.85915047 0.2629193398
128 -46.61952287 0.2543394273
129 -47.37925721 0.2459822392
130 -48.13748781 0.2378542387
131 -48.89343789 0.2299598759
132 -49.64642277 0.2223017226
133 -50.39585075 0.2148806332
134 -51.14122191 0.2076959222
135 -51.88212496 0.2007455526
136 -52.61823243 0.1940263286
137 -53.34929432 0.1875340873
138 -54.07513051 0.181263884
139 -54.79562206 0.1752101704
140 -55.51070171 0.1693669589
141 -56.22034366 0.1637279757
142 -56.9245529 0.1582867975
143 -57.62335415 0.1530369732
144 -58.31678086 0.14797213
145 -59.0048641 0.1430860625
146 -59.68762185 0.1383728062
147 -60.3650488 0.133826695
148 -61.03710684 0.1294424029
149 -61.70371649 0.1252149709
150 -62.36474968 0.1211398195
151 -63.02002378 0.1172127476
152 -63.66929743 0.1134299194
153 -64.3122681 0.1097878399
154 -64.94857161 0.1062833215
155 -65.57778363 0.1029134431
156 -66.19942325 0.09967550344
157 -66.81295832 0.09656697168
158 -67.4178127 0.09358543629
159 -68.01337487 0.09072855535
160 -68.5990079 0.08799400961
161 -69.17406018 0.0853794601
162 -69.73787674 0.08288251176
163 -70.28981064 0.08050068381
164 -70.82923416 0.07823138768
165 -71.35554932 0.07607191241
166 -71.86819763 0.0740194174
167 -72.36666856 0.07207093205
168 -72.85050682 0.07022336139
169 -73.31931807 0.06847349683
170 -73.77277326 0.06681803101
171 -74.21061134 0.06525357567
172 -74.63264068 0.06377668152
173 -75.03873901 0.06238385912
174 -75.42885223 0.06107160009
175 -75.80299213 0.05983639771
176 -76.1612332 0.05867476661
177 -76.50370875 0.05758326086
178 -76.83060644 0.05655849042
179 -77.14216341 0.05559713554
180 -77.43866117 0.05469595918
181 -77.7204204 0.05385181739
182 -77.98779566 0.05306166769
183 -78.24117029 0.05232257558
184 -78.48095143 0.05163171931
185 -78.7075653 0.05098639309
186 -78.92145274 0.05038400892
187 -79.12306511 0.0498220971
188 -79.31286051 0.04929830579
189 -79.49130033 0.04881039962
190 -79.65884621 0.04835625752
191 -79.81595733 0.04793387004
192 -79.96308798 0.04754133607
193 -80.10068555 0.04717685929
194 -80.22918878 0.04683874428
195 -80.34902623 0.04652539248
196 -80.46061517 0.04623529799
197 -80.56436051 0.04596704336
198 -80.66065414 0.04571929532
199 -80.74987431 0.0454908006
200 -80.83238524 0.04528038178
201 -80.90853694 0.04508693323
202 -80.97866502 0.04490941719
203 -81.04309079 0.04474685998
204 -81.10212129 0.04459834831
205 -81.15604951 0.04446302579
206 -81.20515465 0.04434008958
207 -81.2497024 0.04422878719
208 -81.28994535 0.04412841341
209 -81.32612333 0.04403830746
210 -81.35846386 0.04395785025
211 -81.3871826 0.04388646178
212 -81.41248375 0.04382359872
213 -81.43456057 0.04376875207
214 -81.45359581 0.04372144506
215 -81.4697622 0.04368123106
216 -81.48322287 0.04364769168
217 -81.49413182 0.04362043497
218 -81.5026344 0.04359909374
219 -81.50886766 0.04358332399
220 -81.51296087 0.04357280337
221 -81.51503582 0.04356722987
222 -81.51520728 0.04356632046
223 -81.51358339 0.0435698099
224 -81.51026594 0.04357744958
225 -81.5053508 0.04358900647
226 -81.49892819 0.04360426213
227 -81.49108305 0.04362301175
228 -81.48189527 0.04364506331
229 -81.47144006 0.04367023672
230 -81.45978813 0.04369836313
231 -81.44700603 0.04372928415
232 -81.43315632 0.04376285121
233 -81.41829787 0.04379892495
234 -81.40248601 0.04383737461
235 -81.38577278 0.04387807753
236 -81.36820713 0.04392091861
237 -81.34983504 0.04396578983
238 -81.33069979 0.04401258983
239 -81.31084202 0.0440612235
240 -81.29029997 0.04411160157
241 -81.26910957 0.04416364024
242 -81.24730459 0.0442172609
243 -81.22491678 0.04427238974
244 -81.20197597 0.0443289575
245 -81.1785102 0.0443868992
246 -81.15454582 0.04444615385
247 -81.13010758 0.04450666421
248 -81.10521874 0.04456837661
249 -81.07990115 0.04463124067
250 -81.05417532 0.04469520918
251 -81.02806054 0.04476023783
252 -81.00157489 0.04482628512
253 -80.97473535 0.04489331214
254 -80.94755788 0.04496128243
255 -80.92005742 0.04503016187
256 -80.892248 0.04509991851
257 -80.86414278 0.04517052246
258 -80.83575408 0.04524194579
259 -80.80709339 0.04531416253
260 -80.77817086 0.04538714966
261 -80.74899059 0.04546089699
262 -80.71950593 0.04553550016
263 -80.68920422 0.04561202673
264 -80.65324898 0.04570057594
265 -80.5666532 0.04589538034
266 -80.01181245 0.04708502414
267 -75.12733889 0.05863327514
268 -31.79375246 0.2953111356
269 37.37966149 0.9988433604
270 38.56128666 0.9999421973
271 37.30335691 0.9999288018
272 35.07742497 0.999893711
273 32.11118172 0.9998172553
274 28.70277049 0.9996583777
275 25.13004444 0.9993429532
276 21.58711684 0.9987500457
277 18.190683 0.9977033768
278 15.00676616 0.9959781264
279 12.07193441 0.9933326187
280 9.404847111 0.989564564
281 7.01136791 0.9845742847
282 4.886927513 0.9784058073
283 3.018406837 0.9712443632
284 1.386371884 0.9633725083
285 -0.03242928813 0.9551075701
286 -1.262725357 0.9467460902
287 -2.328876733 0.938529573
288 -3.253649067 0.9306324474
289 -4.057549043 0.9231656358
290 -4.758582624 0.9161879155
291 -5.372287131 0.9097192894
292 -5.911916495 0.9037531778
293 -6.388695774 0.8982661872
294 -6.812092905 0.8932253225
295 -7.190078836 0.8885930018
296 -7.529362209 0.8843303673
297 -7.835593742 0.8803993595
298 -8.113540374 0.8767639336
299 -8.367231618 0.8733906999
300 -8.600081545 0.8702491921
301 -8.814989988 0.867311903
302 -9.014426311 0.8645541812
303 -9.200498715 0.8619540501
304 -9.375011628 0.8594919907
305 -9.539513302 0.8571507108
306 -9.695335361 0.8549149169
307 -9.843625765 0.8527710981
308 -9.98537634 0.850707325
309 -10.12144586 0.8487130666
310 -10.25257941 0.8467790255
311 -10.37942478 0.8448969901
312 -10.50254621 0.8430597043
313 -10.62243613 0.841260751
314 -10.73952512 0.8394944505
315 -10.85419035 0.83775577
316 -10.96676284 0.8360402452
317 -11.07753363 0.8343439106
318 -11.18675912 0.8326632386
319 -11.29466564 0.8309950863
320 -11.40145336 0.8293366484
321 -11.5072997 0.8276854165
322 -11.61236226 0.8260391425
323 -11.71678138 0.8243958074
324 -11.82068233 0.822753593
325 -11.92417724 0.8211108579
326 -12.02736674 0.8194661155
327 -12.13034147 0.8178180155
328 -12.23318328 0.8161653267
329 -12.33596641 0.8145069226
330 -12.43875842 0.8128417679
331 -12.54162104 0.8111689077
332 -12.64461096 0.8094874563
333 -12.74778043 0.8077965891
334 -12.8511779 0.8060955339
335 -12.95484852 0.8043835637
336 -13.05883455 0.8026599907
337 -13.16317583 0.8009241603
338 -13.26791009 0.7991754459
339 -13.37307331 0.7974132443
340 -13.47869996 0.7956369718
341 -13.5848233 0.7938460599
342 -13.69147559 0.7920399525
343 -13.7986883 0.7902181021
344 -13.90649232 0.7883799673
345 -14.0149181 0.7865250102
346 -14.12399585 0.7846526936
347 -14.23375563 0.7827624792
348 -14.34422756 0.7808538247
349 -14.45544191 0.7789261827
350 -14.56742918 0.7769789978
351 -14.68022032 0.7750117054
352 -14.79384672 0.7730237297
353 -14.9083404 0.7710144817
354 -15.0237341 0.7689833579
355 -15.14006133 0.7669297382
356 -15.25735654 0.7648529844
357 -15.37565517 0.7627524386
358 -15.49499377 0.7606274212
359 -15.61541009 0.7584772293
360 -15.7369432 0.756301135
361 -15.85963358 0.7540983836
362 -15.98352324 0.7518681916
363 -16.10865579 0.7496097447
364 -16.23507663 0.7473221962
365 -16.36283298 0.7450046645
366 -16.49197409 0.7426562311
367 -16.62255131 0.7402759386
368 -16.75461825 0.7378627877
369 -16.88823092 0.7354157356
370 -17.02344789 0.7329336927
371 -17.16033044 0.7304155203
372 -17.29894273 0.7278600275
373 -17.43935197 0.7252659684
374 -17.58162864 0.7226320388
375 -17.72584668 0.7199568731
376 -17.87208365 0.7172390406
377 -18.02042105 0.714477042
378 -18.17094449 0.7116693054
379 -18.32374396 0.7088141826
380 -18.47891411 0.7059099444
381 -18.63655454 0.7029547767
382 -18.79677009 0.6999467753
383 -18.95967117 0.6968839418
384 -19.1253741 0.6937641778
385 -19.29400147 0.6905852804
386 -19.46568254 0.6873449363
387 -19.64055362 0.6840407164
388 -19.8187585 0.6806700704
389 -20.00044891 0.6772303202
390 -20.18578501 0.6737186549
391 -20.37493583 0.6701321243
392 -20.56807983 0.6664676331
393 -20.76540544 0.6627219352
394 -20.96711159 0.6588916277
395 -21.17340831 0.654973146
396 -21.38451731 0.6509627586
397 -21.60067258 0.6468565629
398 -21.82212102 0.6426504814
399 -22.04912303 0.6383402593
400 -22.2819531 0.6339214631
401 -22.52090044 0.6293894809
402 -22.76626948 0.6247395242
403 -23.01838041 0.6199666327
404 -23.27756964 0.6150656814
405 -23.54419014 0.6100313908
406 -23.81861171 0.6048583417
407 -24.10122114 0.5995409937
408 -24.3924221 0.5940737095
409 -24.69263497 0.5884507851
410 -25.00229631 0.5826664869
411 -25.32185806 0.5767150958
412 -25.65178647 0.5705909613
413 -25.99256051 0.5642885634
414 -26.34466991 0.5578025854
415 -26.70861265 0.551127998
416 -27.08489188 0.5442601536
417 -27.47401217 0.5371948931
418 -27.87647508 0.5299286634
419 -28.29277403 0.5224586459
420 -28.72338837 0.5147828952
421 -29.16877667 0.5069004846
422 -29.62936928 0.4988116576
423 -30.10556017 0.4905179815
424 -30.59769821 0.4820224978
425 -31.10607786 0.4733298662
426 -31.63092969 0.4644464941
427 -32.17241076 0.4553806474
428 -32.73059528 0.4461425332
429 -33.30546571 0.4367443497
430 -33.89690491 0.4272002955
431 -34.50468945 0.4175265318
432 -35.12848469 0.4077410956
433 -35.76784176 0.3978637582
434 -36.42219697 0.3879158313
435 -37.09087377 0.377919922
436 -37.77308739 0.3678996411
437 -38.46795225 0.3578792743
438 -39.17449204 0.3478834251
439 -39.89165218 0.3379366414
440 -40.61831437 0.3280630401
441 -41.35331285 0.3182859424
442 -42.09545168 0.3086275325
443 -42.84352254 0.2991085526
444 -43.59632259 0.2897480428
445 -44.35267152 0.280563133
446 -45.11142761 0.2715688914
447 -45.87150208 0.2627782314
448 -46.63187151 0.2542018737
449 -47.39158814 0.2458483622
450 -48.14978767 0.2377241264
451 -48.90569482 0.2298335847
452 -49.65862642 0.2221792798
453 -50.40799226 0.2147620394
454 -51.1532939 0.2075811546
455 -51.89412146 0.2006345681
456 -52.63014877 0.1939190668
457 -53.36112704 0.1874304736
458 -54.0868772 0.1811638328
459 -54.80728125 0.1751135873
460 -55.52227268 0.1692737441
461 -56.23182627 0.1636380257
462 -56.93594742 0.1582000073
463 -57.63466109 0.1529532385
464 -58.32800077 0.1478913484
465 -59.0159974 0.143008135
466 -59.69866867 0.1382976382
467 -60.37600881 0.1337541972
468 -61.04797909 0.1293724918
469 -61.71449931 0.1251475691
470 -62.37544055 0.1210748557
471 -63.03061926 0.1171501567
472 -63.6797931 0.1133696419
473 -64.32265853 0.1097298217
474 -64.95885037 0.1062275132
475 -65.58794336 0.1028597991
476 -66.20945569 0.09962398156
477 -66.82285444 0.09651753185
478 -67.42756281 0.09353804006
479 -68.02296881 0.090683165
480 -68.60843516 0.0879505874
