0 13.52964289 0.9948052949
1 10.72519827 0.9916276445
2 8.192797986 0.9872622221
3 5.932939243 0.9816773974
4 3.936593352 0.9749899352
5 2.187229777 0.9674402586
6 0.6632239584 0.9593359059
7 -0.6596689087 0.9509897298
8 -1.806187535 0.9426739616
9 -2.800021973 0.934597421
10 -3.662878324 0.9269021754
11 -4.414041765 0.9196718312
12 -5.070286835 0.9129444361
13 -5.645997654 0.9067255256
14 -6.15339555 0.9009991892
15 -6.602806879 0.8957365566
16 -7.002931544 0.8909018683
17 -7.36109164 0.8864565893
18 -7.683451437 0.8823620584
19 -7.975206672 0.8785810987
20 -8.240744618 0.8750789203
21 -8.483777986 0.8718235572
22 -8.707456245 0.8687860065
23 -8.914457841 0.8659401861
24 -9.107066501 0.8632627876
25 -9.287234387 0.8607330731
26 -9.456634421 0.8583326489
27 -9.61670372 0.8560452353
28 -9.768679745 0.8538564426
29 -9.913630456 0.8517535628
30 -10.05247954 0.849725377
31 -10.18602759 0.8477619811
32 -10.31496992 0.84585463
33 -10.4399116 0.8439955981
34 -10.56138016 0.842178056
35 -10.67983645 0.8403959619
36 -10.79568375 0.8386439653
37 -10.90927569 0.8369173228
38 -11.02092287 0.8352118238
39 -11.13089868 0.8335237258
40 -11.23944416 0.831849697
41 -11.34677231 0.8301867663
42 -11.45307168 0.8285322795
43 -11.5585096 0.8268838609
44 -11.66323488 0.8252393788
45 -11.76738016 0.8235969166
46 -11.87106401 0.8219547462
47 -11.97439271 0.820311305
48 -12.07746179 0.8186651759
49 -12.18035741 0.8170150693
50 -12.28315753 0.8153598073
51 -12.38593299 0.8136983101
52 -12.48874837 0.8120295835
53 -12.59166282 0.8103527078
54 -12.69473077 0.8086668287
55 -12.79800253 0.8069711484
56 -12.90152484 0.8052649179
57 -13.00534138 0.8035474305
58 -13.10949316 0.8018180154
59 -13.21401894 0.8000760324
60 -13.31895554 0.7983208674
61 -13.42433816 0.7965519271
62 -13.53020064 0.794768636
63 -13.6365757 0.7929704322
64 -13.7434952 0.7911567643
65 -13.85099028 0.7893270883
66 -13.95909159 0.7874808649
67 -14.06782944 0.785617557
68 -14.17723394 0.7837366272
69 -14.28733516 0.7818375358
70 -14.39816326 0.7799197381
71 -14.50974862 0.7779826833
72 -14.62212192 0.7760258119
73 -14.73531432 0.774048554
74 -14.8493575 0.7720503276
75 -14.96428381 0.7700305372
76 -15.08012633 0.7679885712
77 -15.19691904 0.7659238012
78 -15.31469685 0.7638355796
79 -15.4334957 0.7617232381
80 -15.55335274 0.7595860862
81 -15.67430633 0.7574234091
82 -15.79639622 0.755234466
83 -15.91966361 0.7530184886
84 -16.04415127 0.7507746786
85 -16.16990366 0.7485022064
86 -16.29696706 0.7462002084
87 -16.42538966 0.7438677855
88 -16.5552217 0.7415040005
89 -16.68651562 0.7391078761
90 -16.81932617 0.7366783922
91 -16.95371059 0.7342144834
92 -17.08972874 0.7317150368
93 -17.22744328 0.7291788886
94 -17.36691983 0.7266048217
95 -17.50822716 0.7239915621
96 -17.65143741 0.7213377764
97 -17.79662624 0.7186420677
98 -17.94387311 0.7159029724
99 -18.09326147 0.7131189565
100 -18.24487904 0.7102884116
101 -18.39881803 0.7074096505
102 -18.55517546 0.7044809034
103 -18.71405344 0.7015003131
104 -18.87555947 0.6984659302
105 -19.03980679 0.6953757083
106 -19.20691472 0.6922274989
107 -19.37700905 0.6890190461
108 -19.55022239 0.6857479812
109 -19.72669465 0.6824118168
110 -19.90657342 0.6790079412
111 -20.09001446 0.6755336126
112 -20.27718218 0.671985953
113 -20.46825012 0.6683619426
114 -20.66340153 0.6646584135
115 -20.86282986 0.6608720439
116 -21.06673936 0.6569993532
117 -21.27534567 0.6530366962
118 -21.48887639 0.6489802588
119 -21.7075717 0.6448260535
120 -21.93168499 0.6405699172
121 -22.16148343 0.6362075082
122 -22.3972486 0.6317343062
123 -22.63927703 0.6271456129
124 -22.88788076 0.6224365557
125 -23.14338781 0.6176020932
126 -23.40614259 0.6126370236
127 -23.67650623 0.6075359974
128 -23.95485679 0.6022935338
129 -24.24158927 0.596904042
130 -24.53711551 0.5913618479
131 -24.84186384 0.585661228
132 -25.15627842 0.5797964496
133 -25.4808183 0.5737618197
134 -25.81595614 0.5675517424
135 -26.16217643 0.5611607868
136 -26.51997326 0.5545837646
137 -26.88984756 0.5478158193
138 -27.27230367 0.5408525264
139 -27.66784532 0.5336900057
140 -28.07697081 0.5263250443
141 -28.50016752 0.5187552299
142 -28.93790561 0.5109790932
143 -29.3906309 0.5029962569
144 -29.85875717 0.4948075884
145 -30.34265759 0.4864153527
146 -30.84265579 0.4778233602
147 -31.3590164 0.4690371045
148 -31.89193549 0.4600638838
149 -32.44153101 0.4509128985
150 -33.00783366 0.4415953195
151 -33.59077843 0.4321243184
152 -34.1901973 0.4225150552
153 -34.8058133 0.412784617
154 -35.43723652 0.4029519043
155 -36.08396225 0.3930374648
156 -36.74537154 0.3830632733
157 -37.42073452 0.3730524638
158 -38.10921633 0.3630290186
159 -38.80988589 0.3530174239
160 -39.52172716 0.3430423036
161 -40.24365266 0.3331280433
162 -40.97451891 0.323298418
163 -41.71314327 0.3135762373
164 -42.45832153 0.3039830208
165 -43.20884583 0.2945387133
166 -43.96352218 0.2852614497
167 -44.72118709 0.2761673737
168 -45.48072287 0.267270515
169 -46.24107108 0.2585827229
170 -47.00124389 0.2501136558
171 -47.76033325 0.2418708197
172 -48.51751758 0.2338596521
173 -49.27206608 0.2260836413
174 -50.02334078 0.2185444754
175 -50.77079633 0.2112422126
176 -51.51397781 0.2041754647
177 -52.25251672 0.1973415889
178 -52.98612535 0.1907368799
179 -53.71458981 0.1843567594
180 -54.43776184 0.1781959582
181 -55.15554967 0.1722486875
182 -55.86790817 0.166508798
183 -56.57482833 0.1609699244
184 -57.27632642 0.1556256154
185 -57.97243292 0.150469447
186 -58.6631814 0.1454951204
187 -59.34859766 0.140696543
188 -60.02868919 0.136067894
189 -60.70343529 0.131603674
190 -61.37277802 0.1272987389
191 -62.03661429 0.1231483197
192 -62.69478922 0.119148028
193 -63.34709103 0.1152938485
194 -63.99324778 0.1115821202
195 -64.63292585 0.1080095073
196 -65.26573047 0.1045729617
197 -65.89120828 0.1012696786
198 -66.50885177 0.09809704869
199 -67.11810566 0.09505260734
200 -67.71837482 0.09213398398
201 -68.30903362 0.08933885356
202 -68.88943632 0.08666489172
203 -69.45892817 0.08410973529
204 -70.01685679 0.08167094919
205 -70.56258351 0.07934600057
206 -71.09549426 0.0771322405
207 -71.61500977 0.07502689311
208 -72.12059466 0.07302705191
209 -72.61176534 0.07112968251
210 -73.08809655 0.06933163097
211 -73.54922632 0.06762963677
212 -73.99485956 0.06602034929
213 -74.42477005 0.06450034679
214 -74.83880112 0.06306615694
215 -75.23686504 0.06171427795
216 -75.61894119 0.06044119953
217 -75.98507338 0.05924342314
218 -76.33536623 0.05811748089
219 -76.66998098 0.05705995283
220 -76.98913086 0.05606748242
221 -77.29307599 0.05513678991
222 -77.58211827 0.05426468376
223 -77.85659611 0.05344806997
224 -78.11687922 0.0526839595
225 -78.36336354 0.05196947395
226 -78.59646641 0.05130184945
227 -78.81662199 0.05067843918
228 -79.02427693 0.05009671454
229 -79.21988645 0.04955426514
230 -79.40391076 0.04904879784
231 -79.57681175 0.04857813498
232 -79.73905018 0.04814021194
233 -79.89108306 0.04773307411
234 -80.03336148 0.04735487351
235 -80.16632869 0.047003865
236 -80.2904185 0.04667840235
237 -80.40605395 0.04637693408
238 -80.51364621 0.04609799927
239 -80.61359375 0.04584022332
240 -80.70628164 0.04560231369
241 -80.79208114 0.04538305574
242 -80.87134936 0.04518130865
243 -80.94442906 0.04499600138
244 -81.01164868 0.04482612886
245 -81.07332231 0.04467074821
246 -81.12974992 0.04452897519
247 -81.18121753 0.04439998076
248 -81.22799749 0.04428298776
249 -81.27034886 0.04417726788
250 -81.30851777 0.04408213859
251 -81.3427378 0.04399696043
252 -81.37323045 0.04392113427
253 -81.40020553 0.04385409885
254 -81.42386171 0.0437953284
255 -81.44438689 0.04374433041
256 -81.46195872 0.04370064351
257 -81.47674502 0.04366383551
258 -81.48890431 0.04363350155
259 -81.49858614 0.04360926236
260 -81.50593166 0.04359076258
261 -81.51107393 0.04357766931
262 -81.5141384 0.04356967062
263 -81.5152433 0.04356647418
264 -81.51449999 0.04356780609
265 -81.51201337 0.04357340961
266 -81.50788222 0.0435830441
267 -81.50219952 0.04359648402
268 -81.49505278 0.04361351788
269 -81.48652437 0.04363394744
270 -81.47669178 0.04365758677
271 -81.46562792 0.04368426156
272 -81.45340137 0.04371380828
273 -81.44007665 0.0437460736
274 -81.42571442 0.04378091364
275 -81.41037174 0.04381819347
276 -81.39410227 0.04385778646
277 -81.37695645 0.04389957383
278 -81.35898172 0.04394344409
279 -81.34022268 0.04398929266
280 -81.32072125 0.04403702135
281 -81.30051686 0.04408653805
282 -81.27964654 0.04413775631
283 -81.25814513 0.04419059496
284 -81.23604537 0.04424497787
285 -81.21337802 0.04430083355
286 -81.190172 0.04435809493
287 -81.16645447 0.04441669908
288 -81.14225097 0.04447658692
289 -81.1175855 0.04453770305
290 -81.09248057 0.04459999548
291 -81.06695737 0.04466341545
292 -81.04103577 0.04472791724
293 -81.01473445 0.04479345798
294 -80.98807092 0.04485999748
295 -80.96106164 0.0449274981
296 -80.93372204 0.04499592457
297 -80.90606662 0.04506524388
298 -80.87810894 0.04513542514
299 -80.84986174 0.04520643946
300 -80.82133693 0.04527825987
301 -80.79254547 0.04535086159
302 -80.76349583 0.04542422523
303 -80.73417932 0.04549836729
304 -80.70443324 0.04557362535
305 -80.67266951 0.04565331185
306 -80.62406538 0.04576841607
307 -80.42092094 0.04620861359
308 -78.78636275 0.04978275733
309 -64.02741908 0.09403162842
310 27.70357278 0.9270076234
311 38.63400111 0.9999289002
312 38.06608174 0.999937675
313 36.29438456 0.9999147194
314 33.66319563 0.9998624582
315 30.43638343 0.9997515001
316 26.91558719 0.9995259295
317 23.33899434 0.9990897154
318 19.85880851 0.9982945137
319 16.56302356 0.9969374325
320 13.50087162 0.994779498
321 10.69898782 0.9915907214
322 8.169213349 0.9872131026
323 5.911943757 0.9816164292
324 3.918066057 0.9749188736
325 2.170986831 0.9673618387
326 0.6490429842 0.9592532251
327 -0.6720258099 0.9509056959
328 -1.816955569 0.942590952
329 -2.809421485 0.9345171612
330 -3.671108144 0.9268257716
331 -4.421276706 0.9195998799
332 -5.076677901 0.912877154
333 -5.651673756 0.906662868
334 -6.158465928 0.9009409457
335 -6.607363705 0.895682421
336 -7.007052431 0.8908514879
337 -7.364841907 0.8864095976
338 -7.68688609 0.8823180952
339 -7.978372096 0.8785398224
340 -8.243679997 0.8750400142
341 -8.486516496 0.8717867323
342 -8.710026038 0.8687510019
343 -8.916882862 0.8659067682
344 -9.109367168 0.8632307482
345 -9.289428152 0.8607022276
346 -9.458736235 0.858302834
347 -9.618726422 0.8560163066
348 -9.770634385 0.8538282729
349 -9.915526562 0.8517260398
350 -10.05432535 0.8496984018
351 -10.18783024 0.8477354666
352 -10.31673559 0.8458284992
353 -10.44164567 0.8439697832
354 -10.56308733 0.8421524971
355 -10.6815208 0.840370606
356 -10.79734888 0.8386187654
357 -10.91092472 0.8368922373
358 -11.02255857 0.8351868159
359 -11.13252347 0.8334987625
360 -11.24106019 0.8318247489
361 -11.34838146 0.8301618073
362 -11.45467565 0.8285072861
363 -11.56010988 0.8268588119
364 -11.66483279 0.8252142552
365 -11.76897691 0.8235717011
366 -11.87266068 0.8219294231
367 -11.97599027 0.82028586
368 -12.07906111 0.8186395959
369 -12.1819593 0.8169893421
370 -12.28476273 0.8153339218
371 -12.38754217 0.8136722559
372 -12.49036215 0.8120033506
373 -12.59328179 0.8103262871
374 -12.69635546 0.8086402115
375 -12.79963346 0.8069443263
376 -12.90316251 0.8052378829
377 -13.00698624 0.8035201748
378 -13.11114567 0.8017905315
379 -13.21567953 0.800048313
380 -13.32062463 0.7982929051
381 -13.42601616 0.7965237149
382 -13.53188796 0.7947401667
383 -13.63827275 0.7929416986
384 -13.74520237 0.7911277593
385 -13.85270798 0.7892978047
386 -13.96082023 0.7874512954
387 -14.06956941 0.7855876943
388 -14.17898566 0.7837064638
389 -14.28909906 0.7818070639
390 -14.39993976 0.7798889499
391 -14.51153815 0.7779515708
392 -14.62392495 0.7759943666
393 -14.73713129 0.7740167675
394 -14.85118889 0.7720181912
395 -14.9661301 0.7699980417
396 -15.08198805 0.7679557072
397 -15.19879669 0.765890559
398 -15.31659097 0.763801949
399 -15.43540687 0.7616892087
400 -15.55528153 0.7595516471
401 -15.67625335 0.7573885489
402 -15.7983621 0.755199173
403 -15.921649 0.7529827504
404 -16.04615686 0.7507384825
405 -16.17193016 0.7484655389
406 -16.29901522 0.7461630557
407 -16.42746025 0.7438301331
408 -16.55731554 0.7414658333
409 -16.68863356 0.7390691781
410 -16.8214691 0.7366391468
411 -16.95587943 0.7341746735
412 -17.09192448 0.731674644
413 -17.22966693 0.7291378941
414 -17.36917246 0.7265632055
415 -17.51050991 0.7239493034
416 -17.65375144 0.7212948534
417 -17.79897281 0.7185984575
418 -17.94625351 0.715858651
419 -18.09567708 0.7130738988
420 -18.24733129 0.7102425911
421 -18.40130844 0.7073630397
422 -18.55770563 0.7044334731
423 -18.71662505 0.7014520328
424 -18.87817428 0.6984167678
425 -19.04246667 0.6953256303
426 -19.20962164 0.6921764699
427 -19.37976507 0.688967029
428 -19.55302971 0.685694937
429 -19.72955557 0.6823577046
430 -19.90949038 0.678952718
431 -20.09299003 0.6754772333
432 -20.28021906 0.6719283704
433 -20.47135119 0.6683031068
434 -20.66656981 0.6645982724
435 -20.86606854 0.660810543
436 -21.07005182 0.6569364352
437 -21.27873546 0.6529723011
438 -21.49234727 0.6489143239
439 -21.71112764 0.6447585135
440 -21.93533017 0.6405007037
441 -22.16522226 0.6361365499
442 -22.40108572 0.631661529
443 -22.64321733 0.6270709399
444 -22.89192939 0.6223599073
445 -23.14755016 0.6175233869
446 -23.41042434 0.6125561746
447 -23.68091333 0.6074529186
448 -23.95939544 0.6022081362
449 -24.24626596 0.5968162349
450 -24.541937 0.5912715397
451 -24.84683714 0.5855683264
452 -25.16141079 0.5797008627
453 -25.48611725 0.5736634565
454 -25.82142936 0.5674505142
455 -26.16783178 0.561056608
456 -26.52581876 0.5544765543
457 -26.8958913 0.5477055025
458 -27.27855376 0.5407390362
459 -27.67430983 0.5335732849
460 -28.08365767 0.5262050472
461 -28.50708446 0.518631925
462 -28.94505999 0.5108524654
463 -29.39802967 0.5028663097
464 -29.86640665 0.4946743468
465 -30.35056342 0.4862788652
466 -30.85082271 0.4776837015
467 -31.36744814 0.4688943772
468 -31.90063458 0.4599182203
469 -32.45049867 0.4507644627
470 -33.01706962 0.4414443072
471 -33.60028083 0.4319709576
472 -34.19996256 0.4223596055
473 -34.81583606 0.412627368
474 -35.44750959 0.4027931739
475 -36.09447656 0.3928775955
476 -36.75611625 0.3829026285
477 -37.431697 0.3728914231
478 -38.12038236 0.3628679726
479 -38.82123979 0.3528567683
480 -39.53325196 0.3428824333
