0 -79.71967459 0.0481912089
1 -79.86910481 0.04779066645
2 -80.00909053 0.04741816599
3 -80.14005452 0.04707204176
4 -80.26241053 0.04675072145
5 -80.37656203 0.04645272227
6 -80.48290127 0.04617664695
7 -80.58180851 0.04592117971
8 -80.67365146 0.04568508231
9 -80.7587848 0.04546719006
10 -80.83754995 0.04526640804
11 -80.91027488 0.04508170734
12 -80.9772741 0.04491212145
13 -81.03884869 0.04475674274
14 -81.09528641 0.04461471917
15 -81.14686195 0.04448525104
16 -81.19383716 0.04436758793
17 -81.23646135 0.04426102578
18 -81.27497163 0.04416490416
19 -81.30959331 0.04407860357
20 -81.34054024 0.04400154302
21 -81.36801528 0.04393317762
22 -81.39221067 0.04387299637
23 -81.4133085 0.0438205201
24 -81.43148107 0.0437752995
25 -81.44689118 0.04373691354
26 -81.45969119 0.0437049706
27 -81.47001098 0.04367913171
28 -81.47784698 0.04365933303
29 -81.48206356 0.04364779241
30 -81.4714359 0.04366702002
31 -81.34436688 0.04392196508
32 -80.19029899 0.04630954307
33 -69.91744883 0.07299873563
34 10.46601761 0.7439124856
35 38.33910085 0.9998752564
36 38.13191935 0.9999382961
37 36.37667404 0.999916078
38 33.64332404 0.9998623706
39 30.20366916 0.9997419166
40 26.39607884 0.9994820694
41 22.50377962 0.9989492326
42 18.71412807 0.9979258392
43 15.13760685 0.9961050934
44 11.83610868 0.9931257914
45 8.841742633 0.9886573812
46 6.166157076 0.9825112014
47 3.805079637 0.974721734
48 1.741753868 0.9655494966
49 -0.04927333944 0.9554062652
50 -1.598171365 0.9447482688
51 -2.936341863 0.9339872487
52 -4.093906248 0.9234427123
53 -5.098232971 0.9133318741
54 -5.973303461 0.9037822368
55 -6.739636105 0.8948527396
56 -7.414523215 0.8865548422
57 -8.012408823 0.8788698145
58 -8.545302866 0.8717614548
59 -9.023176198 0.865184787
60 -9.454311662 0.8590916777
61 -9.845603789 0.853434268
62 -10.2028086 0.8481669389
63 -10.53074888 0.8432473252
64 -10.83348145 0.8386367378
65 -11.11443301 0.8343002299
66 -11.3765102 0.8302064599
67 -11.62218895 0.8263274475
68 -11.85358706 0.8226382813
69 -12.07252335 0.8191168151
70 -12.28056604 0.8157433707
71 -12.4790725 0.8125004598
72 -12.6692219 0.8093725297
73 -12.85204237 0.8063457337
74 -13.02843348 0.8034077265
75 -13.19918499 0.800547483
76 -13.36499264 0.7977551388
77 -13.52647134 0.7950218497
78 -13.68416638 0.7923396683
79 -13.83856288 0.7897014361
80 -13.9900939 0.7871006886
81 -14.13914728 0.7845315724
82 -14.28607157 0.7819887717
83 -14.43118111 0.7794674446
84 -14.57476041 0.7769631664
85 -14.71706793 0.7744718797
86 -14.8583394 0.7719898506
87 -14.99879066 0.7695136295
88 -15.1386202 0.7670400168
89 -15.27801136 0.7645660322
90 -15.41713425 0.7620888868
91 -15.5561475 0.7596059593
92 -15.69519973 0.7571147736
93 -15.83443094 0.7546129793
94 -15.97397371 0.7520983336
95 -16.11395428 0.7495686854
96 -16.25449353 0.7470219604
97 -16.39570785 0.7444561478
98 -16.53770999 0.7418692879
99 -16.68060976 0.7392594606
100 -16.82451472 0.7366247748
101 -16.96953081 0.733963359
102 -17.11576297 0.7312733513
103 -17.26331566 0.7285528908
104 -17.41229339 0.7258001098
105 -17.56280125 0.7230131251
106 -17.71494539 0.7201900304
107 -17.86883346 0.7173288891
108 -18.0245751 0.7144277268
109 -18.1822824 0.711484524
110 -18.34207034 0.708497209
111 -18.50405724 0.7054636509
112 -18.66836521 0.7023816526
113 -18.83512066 0.6992489432
114 -19.00445469 0.6960631716
115 -19.17650364 0.6928218988
116 -19.35140957 0.6895225908
117 -19.52932076 0.6861626111
118 -19.71039221 0.6827392134
119 -19.89478627 0.6792495341
120 -20.08267313 0.6756905843
121 -20.27423145 0.6720592431
122 -20.46964894 0.6683522487
123 -20.66912305 0.6645661921
124 -20.87286158 0.6606975087
125 -21.08108339 0.6567424715
126 -21.2940191 0.6526971839
127 -21.51191178 0.6485575738
128 -21.73501774 0.6443193868
129 -21.96360725 0.6399781822
130 -22.19796528 0.6355293282
131 -22.43839228 0.6309679998
132 -22.68520486 0.6262891778
133 -22.93873655 0.6214876501
134 -23.19933843 0.6165580154
135 -23.46737968 0.6114946907
136 -23.74324815 0.6062919214
137 -24.02735067 0.6009437974
138 -24.32011331 0.5954442734
139 -24.62198134 0.5897871961
140 -24.93341908 0.583966338
141 -25.25490927 0.5779754406
142 -25.58695224 0.5718082654
143 -25.93006457 0.5654586574
144 -26.28477717 0.5589206184
145 -26.65163295 0.5521883946
146 -27.03118364 0.545256577
147 -27.42398592 0.5381202159
148 -27.83059677 0.5307749511
149 -28.25156778 0.5232171551
150 -28.68743863 0.515444091
151 -29.13872947 0.5074540813
152 -29.60593237 0.4992466867
153 -30.08950178 0.4908228895
154 -30.58984417 0.4821852783
155 -31.10730693 0.4733382254
156 -31.64216686 0.4642880524
157 -32.19461845 0.4550431724
158 -32.76476241 0.445614202
159 -33.35259486 0.4360140326
160 -33.95799755 0.4262578515
161 -34.58072985 0.4163631061
162 -35.22042281 0.406349405
163 -35.87657578 0.3962383517
164 -36.54855609 0.3860533115
165 -37.23560197 0.3758191151
166 -37.93682884 0.3655617065
167 -38.65123904 0.3553077453
168 -39.37773467 0.3450841778
169 -40.11513329 0.3349177935
170 -40.86218595 0.3248347836
171 -41.61759681 0.3148603192
172 -42.38004378 0.3050181649
173 -43.14819938 0.2953303416
174 -43.920751 0.2858168494
175 -44.69642008 0.2764954567
176 -45.47397937 0.2673815592
177 -46.25226812 0.2584881083
178 -47.03020449 0.2498256045
179 -47.80679539 0.2414021504
180 -48.58114336 0.2332235542
181 -49.35245064 0.225293475
182 -50.12002067 0.2176135996
183 -50.88325703 0.2101838418
184 -51.64166023 0.2030025558
185 -52.39482253 0.1960667536
186 -53.14242109 0.1893723233
187 -53.88420981 0.1829142392
188 -54.62001006 0.1766867616
189 -55.34970049 0.1706836231
190 -56.07320637 0.1648981979
191 -56.79048845 0.1593236536
192 -57.50153175 0.153953085
193 -58.20633432 0.1487796285
194 -58.90489632 0.1437965592
195 -59.59720953 0.1389973683
196 -60.28324748 0.1343758245
197 -60.96295653 0.1299260177
198 -61.63624795 0.1256423877
199 -62.30299122 0.121519738
200 -62.96300886 0.1175532364
201 -63.61607274 0.1137384041
202 -64.2619021 0.1100710942
203 -64.9001634 0.1065474618
204 -65.53047183 0.103163928
205 -66.15239466 0.09991713873
206 -66.76545619 0.09680392122
207 -67.36914414 0.09382123961
208 -67.96291737 0.09096615168
209 -68.54621454 0.08823576831
210 -69.11846352 0.08562721684
211 -69.67909115 0.08313760966
212 -70.22753313 0.08076401853
213 -70.76324357 0.07850345522
214 -71.28570417 0.07635285841
215 -71.79443247 0.07430908673
216 -72.28898925 0.07236891746
217 -72.76898478 0.07052905024
218 -73.23408379 0.06878611505
219 -73.68400923 0.06713668363
220 -74.11854475 0.06557728336
221 -74.53753592 0.06410441302
222 -74.94089031 0.06271455933
223 -75.32857653 0.06140421389
224 -75.70062235 0.06016988976
225 -76.05711196 0.05900813722
226 -76.39818269 0.05791555847
227 -76.7240211 0.05688882088
228 -77.03485881 0.05592466864
229 -77.33096801 0.05501993281
230 -77.61265685 0.05417153972
231 -77.88026479 0.05337651762
232 -78.13415809 0.05263200194
233 -78.37472526 0.05193523895
234 -78.60237291 0.05128358817
235 -78.81752163 0.0506745236
236 -79.0206023 0.05010563386
237 -79.21205257 0.04957462146
238 -79.39231376 0.04907930126
239 -79.56182793 0.04861759833
240 -79.72103541 0.04818754525
241 -79.8703725 0.04778727902
242 -80.01026952 0.04741503758
243 -80.14114916 0.04706915615
244 -80.26342502 0.0467480634
245 -80.37750044 0.04645027745
246 -80.48376754 0.04617440192
247 -80.58260643 0.04591912186
248 -80.67438466 0.04568319981
249 -80.75945678 0.04546547182
250 -80.83816405 0.04526484368
251 -80.9108343 0.04508028713
252 -80.97778188 0.04491083628
253 -81.03930773 0.0447555841
254 -81.09569947 0.04461367908
255 -81.14723165 0.04448432205
256 -81.19416599 0.04436676305
257 -81.23675166 0.0442602985
258 -81.27522566 0.04416426838
259 -81.30981316 0.04407805359
260 -81.34072792 0.04400107351
261 -81.36817267 0.04393278358
262 -81.39233956 0.04387267316
263 -81.41341055 0.04382026336
264 -81.43155787 0.04377510515
265 -81.44694422 0.04373677779
266 -81.45972188 0.04370488988
267 -81.47002064 0.04367910271
268 -81.47783683 0.04365935267
269 -81.48203457 0.04364785818
270 -81.47138733 0.04366713298
271 -81.34428186 0.04392215942
272 -80.19000833 0.04631018747
273 -69.91537249 0.07300527209
274 10.47821446 0.7440361014
275 38.33930139 0.999875305
276 38.13187269 0.9999382957
277 36.37658525 0.9999160766
278 33.64323401 0.9998623683
279 30.20361842 0.9997419139
280 26.39609796 0.9994820703
281 22.50388384 0.9989492502
282 18.71431985 0.9979259052
283 15.13788035 0.9961052695
284 11.83645338 0.9931261763
285 8.84214591 0.9886581051
286 6.166606144 0.9825124051
287 3.805562968 0.9747235397
288 1.74226208 0.9655519853
289 -0.04874715329 0.9554094695
290 -1.597631791 0.9447521811
291 -2.935791579 0.9339918355
292 -4.093346531 0.9234479291
293 -5.097664152 0.9133376748
294 -5.972725292 0.9037885794
295 -6.739048026 0.8948595885
296 -7.413924524 0.8865621684
297 -8.011798794 0.8788775945
298 -8.544680808 0.8717696699
299 -9.022541492 0.8651934223
300 -9.453663774 0.8591007209
301 -9.844942276 0.8534437091
302 -10.20213311 0.8481767692
303 -10.53005912 0.8432575372
304 -10.83277721 0.8386473249
305 -11.11371413 0.8343111863
306 -11.37577657 0.8302177803
307 -11.62144051 0.8263391268
308 -11.85282378 0.8226503151
309 -12.07174522 0.8191291992
310 -12.27977307 0.8157561012
311 -12.4782647 0.8125135334
312 -12.66839931 0.8093859431
313 -12.85120503 0.806359484
314 -13.02758142 0.8034218112
315 -13.19831825 0.8005619
316 -13.36411124 0.7977698863
317 -13.5255753 0.7950369261
318 -13.68325571 0.7923550726
319 -13.83763759 0.7897171675
320 -13.98915396 0.7871167467
321 -14.13819266 0.7845479572
322 -14.28510224 0.7820054836
323 -14.430197 0.7794844844
324 -14.57376145 0.7769805352
325 -14.71605401 0.7744895792
326 -14.85731041 0.7720078827
327 -14.99774645 0.7695319967
328 -15.13756063 0.767058722
329 -15.27693624 0.7645850785
330 -15.41604338 0.762108278
331 -15.55504065 0.7596256997
332 -15.69407665 0.7571348678
333 -15.83329136 0.7546334325
334 -15.97281733 0.7521191513
335 -16.11278076 0.7495898738
336 -16.25330252 0.7470435262
337 -16.39449897 0.7444780982
338 -16.53648283 0.7418916306
339 -16.67936386 0.7392822039
340 -16.82324961 0.7366479278
341 -16.96824598 0.7339869311
342 -17.11445786 0.7312973527
343 -17.26198969 0.7285773325
344 -17.41094594 0.7258250033
345 -17.56143166 0.7230384826
346 -17.71355295 0.720215865
347 -17.86741741 0.7173552148
348 -18.02313465 0.7144545582
349 -18.18081671 0.7115118766
350 -18.34057849 0.7085250994
351 -18.50253828 0.7054920965
352 -18.66681814 0.7024106717
353 -18.83354438 0.6992785555
354 -19.00284807 0.6960933977
355 -19.17486547 0.6928527605
356 -19.34973856 0.689554111
357 -19.52761554 0.6861948141
358 -19.70865136 0.6827721249
359 -19.89300824 0.679283181
360 -20.0808563 0.6757249952
