0 -75.27000548 0.0616048329
1 -75.65579551 0.0603215426
2 -76.02544293 0.05911451942
3 -76.37904304 0.05798025902
4 -76.71674999 0.05691530214
5 -77.03877201 0.0559162508
6 -77.34536626 0.0549797824
7 -77.63683355 0.05410266168
8 -77.91351295 0.05328175065
9 -78.17577642 0.05251401646
10 -78.4240236 0.05179653739
11 -78.65867675 0.05112650714
12 -78.88017606 0.05050123755
13 -79.08897516 0.04991815998
14 -79.28553702 0.04937482548
15 -79.47033019 0.04886890391
16 -79.64382545 0.04839818228
17 -79.80649275 0.04796056233
18 -79.95879856 0.04755405754
19 -80.10120356 0.04717678973
20 -80.23416062 0.04682698528
21 -80.35811312 0.04650297116
22 -80.47349355 0.04620317075
23 -80.58072235 0.04592609958
24 -80.68020702 0.04567036101
25 -80.7723414 0.04543464199
26 -80.85750517 0.04521770879
27 -80.93606353 0.04501840282
28 -81.00836698 0.04483563662
29 -81.0747513 0.04466838991
30 -81.13553754 0.04451570577
31 -81.19103222 0.04437668702
32 -81.24152754 0.04425049273
33 -81.28730164 0.04413633485
34 -81.32861897 0.04403347506
35 -81.36573067 0.04394122175
36 -81.39887498 0.04385892716
37 -81.42827768 0.04378598462
38 -81.45415258 0.04372182607
39 -81.47670196 0.04366591958
40 -81.49611703 0.0436177671
41 -81.51257845 0.0435769024
42 -81.52625648 0.0435428895
43 -81.53730926 0.04351532533
44 -81.54586313 0.04349387818
45 -81.55183306 0.04347864681
46 -81.55331088 0.04347338863
47 -81.53213258 0.04351445463
48 -81.32472218 0.04393159304
49 -79.4683432 0.04782892465
50 -63.05587429 0.09714038423
51 29.22811216 0.9444482085
52 38.58123027 0.9999318363
53 37.84926112 0.999935291
54 35.86522803 0.9999080032
55 32.95164158 0.9998438749
56 29.40268552 0.9997011607
57 25.55364215 0.9993960738
58 21.66791683 0.9987781964
59 17.91416166 0.9976094106
60 14.39043846 0.9955654368
61 11.15113562 0.9922817446
62 8.223443824 0.9874481702
63 5.61525714 0.9809194477
64 3.319256288 0.9727825132
65 1.316389321 0.963340269
66 -0.4202317066 0.9530246428
67 -1.921384409 0.9422896531
68 -3.218428734 0.9315303445
69 -4.341024666 0.9210441984
70 -5.315865507 0.911027487
71 -6.166191786 0.9015908671
72 -6.911804832 0.8927811421
73 -7.569349034 0.8846017597
74 -8.152706417 0.8770291351
75 -8.67341147 0.8700244346
76 -9.141038893 0.8635415222
77 -9.563544329 0.8575320277
78 -9.947553285 0.8519484029
79 -10.29860096 0.8467456377
80 -10.62132881 0.841882117
81 -10.9196446 0.8373199457
82 -11.19685217 0.8330249578
83 -11.4557567 0.828966547
84 -11.69875009 0.8251174069
85 -11.92788036 0.8214532326
86 -12.14490829 0.8179524164
87 -12.35135364 0.8145957541
88 -12.54853318 0.811366172
89 -12.73759203 0.8082484795
90 -12.9195295 0.8052291451
91 -13.0952207 0.8022960993
92 -13.26543453 0.7994385587
93 -13.43084875 0.7966468718
94 -13.59206275 0.7939123826
95 -13.74960827 0.7912273113
96 -13.90395865 0.7885846486
97 -14.05553655 0.7859780637
98 -14.2047207 0.7834018227
99 -14.35185164 0.7808507168
100 -14.49723668 0.7783199993
101 -14.64115412 0.7758053303
102 -14.78385707 0.773302727
103 -14.92557655 0.7708085209
104 -15.06652439 0.7683193192
105 -15.20689564 0.7658319709
106 -15.34687073 0.7633435364
107 -15.48661738 0.760851261
108 -15.62629223 0.7583525505
109 -15.76604238 0.7558449502
110 -15.90600664 0.7533261249
111 -16.04631675 0.7507938422
112 -16.18709844 0.7482459562
113 -16.32847234 0.7456803937
114 -16.47055488 0.7430951403
115 -16.61345906 0.7404882293
116 -16.75729517 0.7378577298
117 -16.90217148 0.7352017368
118 -17.0481948 0.7325183613
119 -17.19547114 0.7298057216
120 -17.34410617 0.727061934
121 -17.49420581 0.7242851055
122 -17.64587667 0.721473325
123 -17.79922659 0.7186246565
124 -17.95436503 0.7157371314
125 -18.1114036 0.712808741
126 -18.27045645 0.7098374301
127 -18.43164076 0.7068210894
128 -18.59507716 0.7037575489
129 -18.76089022 0.7006445707
130 -18.92920885 0.6974798426
131 -19.10016681 0.6942609705
132 -19.27390315 0.6909854722
133 -19.45056272 0.6876507698
134 -19.63029668 0.6842541831
135 -19.81326296 0.6807929225
136 -19.99962683 0.677264082
137 -20.18956146 0.6736646323
138 -20.38324841 0.6699914138
139 -20.5808783 0.66624113
140 -20.78265133 0.6624103408
141 -20.98877792 0.6584954566
142 -21.19947934 0.6544927322
143 -21.41498833 0.6503982613
144 -21.63554971 0.6462079727
145 -21.86142109 0.6419176258
146 -22.09287344 0.6375228086
147 -22.33019171 0.6330189363
148 -22.57367547 0.6284012523
149 -22.82363943 0.6236648305
150 -23.08041395 0.6188045809
151 -23.34434547 0.6138152576
152 -23.61579686 0.6086914709
153 -23.89514762 0.6034277034
154 -24.18279395 0.5980183304
155 -24.47914868 0.5924576467
156 -24.78464084 0.5867398996
157 -25.09971517 0.5808593284
158 -25.4248311 0.5748102131
159 -25.76046152 0.5685869308
160 -26.10709105 0.5621840231
161 -26.46521381 0.5555962725
162 -26.83533073 0.5488187913
163 -27.21794616 0.5418471207
164 -27.61356386 0.5346773421
165 -28.02268228 0.5273061993
166 -28.44578908 0.5197312307
167 -28.88335489 0.5119509112
168 -29.33582631 0.5039648001
169 -29.80361817 0.4957736929
170 -30.28710515 0.487379774
171 -30.7866128 0.4787867638
172 -31.3024082 0.4700000567
173 -31.8346904 0.4610268423
174 -32.383581 0.4518762039
175 -32.94911493 0.4425591877
176 -33.53123213 0.4330888338
177 -34.12977012 0.4234801663
178 -34.74445817 0.4137501334
179 -35.37491318 0.4039174969
180 -36.02063779 0.3940026678
181 -36.68102089 0.3840274898
182 -37.35534077 0.3740149734
183 -38.04277105 0.3639889883
184 -38.74238921 0.3539739214
185 -39.45318779 0.3439943124
186 -40.17408781 0.3340744793
187 -40.90395406 0.3242381475
188 -41.64161179 0.3145080951
189 -42.38586433 0.3049058281
190 -43.13551086 0.2954512945
191 -43.88936393 0.2861626479
192 -44.6462661 0.2770560647
193 -45.40510522 0.2681456183
194 -46.16482793 0.2594432108
195 -46.92445116 0.2509585597
196 -47.68307129 0.2426992342
197 -48.43987099 0.2346707364
198 -49.19412365 0.2268766185
199 -49.94519554 0.2193186304
200 -50.6925457 0.2119968879
201 -51.43572387 0.2049100554
202 -52.17436659 0.198055537
203 -52.90819163 0.1914296682
204 -53.63699108 0.1850279054
205 -54.36062322 0.1788450082
206 -55.07900339 0.1728752117
207 -55.79209407 0.167112386
208 -56.49989434 0.1615501825
209 -57.20242894 0.1561821646
210 -57.89973705 0.1510019227
211 -58.59186099 0.1460031735
212 -59.27883518 0.1411798428
213 -59.96067531 0.136526132
214 -60.63736822 0.1320365692
215 -61.30886258 0.1277060448
216 -61.97506059 0.1235298311
217 -62.63581109 0.1195035891
218 -63.2909042 0.1156233611
219 -63.94006769 0.1118855517
220 -64.58296529 0.108286898
221 -65.21919705 0.1048244311
222 -65.84830173 0.1014954312
223 -66.46976125 0.09829737735
224 -67.08300703 0.09522789534
225 -67.68742807 0.09228470531
226 -68.28238046 0.08946557116
227 -68.867198 0.08676825393
228 -69.44120362 0.08419047056
229 -70.00372113 0.08172985933
230 -70.55408693 0.0793839527
231 -71.09166136 0.07715015805
232 -71.61583925 0.07502574618
233 -72.12605952 0.07300784727
234 -72.62181342 0.07109345356
235 -73.10265145 0.0692794279
236 -73.56818867 0.06756251715
237 -74.01810855 0.0659393693
238 -74.45216524 0.06440655317
239 -74.87018439 0.06296057984
240 -75.27206267 0.06159792461
241 -75.65776608 0.06031504898
242 -76.02732724 0.05910842169
243 -76.38084183 0.05797453856
244 -76.71846428 0.05690994058
245 -77.04040312 0.05591123012
246 -77.34691575 0.05497508498
247 -77.63830322 0.05409827041
248 -77.91490478 0.05327764896
249 -78.17709255 0.05251018834
250 -78.42526631 0.05179296744
251 -78.65984843 0.0511231806
252 -78.88127918 0.0504981403
253 -79.09001223 0.04991527856
254 -79.2865106 0.04937214705
255 -79.47124286 0.0488664163
256 -79.64467978 0.04839587395
257 -79.80729129 0.04795842233
258 -79.95954383 0.04755207554
259 -80.10189804 0.04717495597
260 -80.23480674 0.04682529056
261 -80.35871324 0.04650140683
262 -80.47404997 0.04620172866
263 -80.58123731 0.04592477206
264 -80.68068266 0.04566914087
265 -80.7727798 0.04543352248
266 -80.85790832 0.04521668357
267 -80.93643334 0.04501746595
268 -81.00870527 0.04483478254
269 -81.07505982 0.0446676134
270 -81.13581795 0.04451500194
271 -81.19128612 0.04437605131
272 -81.24175643 0.04424992086
273 -81.28750695 0.04413582282
274 -81.32880205 0.04403301913
275 -81.36589282 0.04394081842
276 -81.3990174 0.04385857315
277 -81.42840154 0.04378567688
278 -81.45425896 0.04372156172
279 -81.47679188 0.04366569596
280 -81.49619146 0.04361758171
281 -81.51263831 0.0435767529
282 -81.52630263 0.0435427737
283 -81.5373425 0.04351524118
284 -81.54588422 0.0434938238
285 -81.55184267 0.04347862051
286 -81.55330915 0.04347338979
287 -81.53211539 0.04351449126
288 -81.32464629 0.04393175271
289 -79.46780909 0.04783009728
290 -63.05129586 0.09715841004
291 29.23228485 0.9444984268
292 38.5812876 0.9999318469
293 37.84912798 0.9999352895
294 35.86500475 0.9999079995
295 32.95136581 0.999843867
296 29.40240181 0.9997011449
297 25.55338665 0.9993960451
298 21.66771092 0.9987781497
299 17.91401453 0.9976093453
300 14.39035144 0.9955653642
301 11.15110559 0.9922816953
302 8.223465224 0.9874481975
303 5.615323331 0.9809196216
304 3.319360479 0.9727829079
305 1.31652523 0.9633409481
306 -0.4200694648 0.9530256504
307 -1.921200184 0.9422910119
308 -3.218225882 0.9315320599
309 -4.34080569 0.921046264
310 -5.315632232 0.9110298898
311 -6.165945526 0.9015935914
312 -6.91154653 0.8927841719
313 -7.569079369 0.88460508
314 -8.152425885 0.8770327323
315 -8.673120445 0.8700282967
316 -9.140737663 0.8635456384
317 -9.563233127 0.8575363888
318 -9.947232305 0.8519530007
319 -10.29827037 0.8467504651
320 -10.62098877 0.8418871675
321 -10.91929525 0.8373252136
322 -11.19649364 0.833030438
323 -11.45538911 0.8289722348
324 -11.69837355 0.8251232981
325 -11.927495 0.8214593234
326 -12.14451421 0.8179587034
327 -12.35095094 0.8146022341
328 -12.54812197 0.8113728424
329 -12.73717237 0.8082553376
330 -12.91910148 0.8052361888
331 -13.0947844 0.8023033266
332 -13.26499 0.799445968
333 -13.43039604 0.7966544616
334 -13.5916019 0.7939201518
335 -13.74913932 0.7912352589
336 -13.90348161 0.788592774
337 -14.05505144 0.7859863665
338 -14.20422752 0.7834103027
339 -14.35135039 0.7808593741
340 -14.49672731 0.7783288343
341 -14.64063662 0.7758143434
342 -14.78333138 0.7733119191
343 -14.92504261 0.770817893
344 -15.06598214 0.7683288727
345 -15.20634499 0.7658417072
346 -15.34631159 0.7633534574
347 -15.48604963 0.7608613687
348 -15.62571575 0.7583628474
349 -15.76545703 0.7558554387
350 -15.90541227 0.7533368079
351 -16.0457132 0.7508047229
352 -16.18648552 0.7482570381
353 -16.32784985 0.7456916804
354 -16.46992261 0.7431066359
355 -16.61281678 0.7404999382
356 -16.75664263 0.7378696566
357 -16.90150841 0.7352138866
358 -17.04752092 0.7325307395
359 -17.19478613 0.7298183338
360 -17.3434097 0.7270747865
