0 -81.41003985 0.0438190114
1 -77.8314202 0.05216996885
2 -73.15502866 0.0667621409
3 -66.6528356 0.09240443965
4 -42.82127773 0.2227982394
5 39.78221441 0.9985324723
6 38.72213256 0.9999447014
7 37.14370485 0.9999270473
8 34.54475599 0.9998835098
9 31.06053006 0.9997801943
10 27.07748651 0.9995445272
11 22.97671966 0.999038906
12 19.00974414 0.9980376542
13 15.30800128 0.9962258946
14 11.92997035 0.9932408955
15 8.89649658 0.9887622771
16 6.208280869 0.9826238159
17 3.852837516 0.9748897997
18 1.807750572 0.9658494006
19 0.04361805066 0.9559335671
20 -1.472646807 0.9456037959
21 -2.774693812 0.9352639178
22 -3.894379747 0.9252166155
23 -4.860372981 0.9156584847
24 -5.697583568 0.906696684
25 -6.427155177 0.898372474
26 -7.066770353 0.890683245
27 -7.631090148 0.8835998137
28 -8.132219623 0.8770786784
29 -8.580142725 0.8710700933
30 -8.983102773 0.8655230753
31 -9.347922998 0.8603883138
32 -9.680270601 0.8556197193
33 -9.984871425 0.8511751246
34 -10.26568327 0.8470164768
35 -10.52603536 0.84310974
36 -10.76874059 0.8394246441
37 -10.99618595 0.8359343627
38 -11.21040559 0.8326151683
39 -11.41314007 0.8294460937
40 -11.60588466 0.8264086123
41 -11.78992876 0.8234863468
42 -11.96638838 0.8206648059
43 -12.13623284 0.8179311512
44 -12.30030704 0.8152739907
45 -12.45934989 0.8126831977
46 -12.61400976 0.810149752
47 -12.76485748 0.8076656015
48 -12.91239727 0.8052235411
49 -13.05707601 0.8028171071
50 -13.19929107 0.8004404844
51 -13.33939704 0.7980884268
52 -13.47771146 0.7957561855
53 -13.61451974 0.7934394481
54 -13.75007937 0.7911342838
55 -13.88462362 0.7888370965
56 -14.01836468 0.7865445821
57 -14.15149643 0.7842536923
58 -14.28419681 0.7819616012
59 -14.41662998 0.7796656768
60 -14.54894814 0.7773634551
61 -14.68129311 0.7750526171
62 -14.81379787 0.7727309681
63 -14.94658774 0.7703964195
64 -15.07978159 0.7680469718
65 -15.2134928 0.7656806996
66 -15.34783025 0.7632957382
67 -15.48289909 0.7608902704
68 -15.61880156 0.7584625154
69 -15.75563764 0.7560107178
70 -15.89350569 0.7535331376
71 -16.03250311 0.7510280409
72 -16.17272682 0.7484936908
73 -16.31427386 0.745928339
74 -16.45724187 0.7433302177
75 -16.60172955 0.7406975316
76 -16.7478372 0.7380284499
77 -16.8956671 0.7353210992
78 -17.04532405 0.7325735555
79 -17.19691577 0.7297838371
80 -17.35055339 0.7269498964
81 -17.50635188 0.724069613
82 -17.66443057 0.7211407853
83 -17.82491357 0.7181611233
84 -17.98793034 0.7151282397
85 -18.15361615 0.7120396425
86 -18.32211261 0.7088927256
87 -18.49356827 0.705684761
88 -18.66813918 0.7024128889
89 -18.84598947 0.6990741091
90 -19.02729201 0.6956652711
91 -19.2122291 0.6921830645
92 -19.40099311 0.6886240092
93 -19.59378725 0.6849844449
94 -19.79082634 0.6812605211
95 -19.99233759 0.6774481867
96 -20.19856141 0.67354318
97 -20.40975234 0.6695410188
98 -20.62617987 0.6654369903
99 -20.84812938 0.6612261426
100 -21.07590309 0.6569032767
101 -21.30982099 0.6524629389
102 -21.55022176 0.6478994163
103 -21.79746372 0.6432067325
104 -22.05192575 0.638378648
105 -22.31400808 0.6334086613
106 -22.58413309 0.6282900166
107 -22.86274596 0.623015714
108 -23.15031515 0.617578527
109 -23.44733278 0.6119710263
110 -23.75431461 0.6061856116
111 -24.07179987 0.6002145535
112 -24.4003506 0.5940500453
113 -24.74055063 0.5876842684
114 -25.09300391 0.5811094706
115 -25.45833229 0.574318061
116 -25.83717256 0.5673027207
117 -26.23017257 0.560056533
118 -26.63798648 0.5525731311
119 -27.06126895 0.5448468665
120 -27.50066813 0.5368729958
121 -27.95681755 0.5286478847
122 -28.4303267 0.5201692286
123 -28.92177038 0.5114362832
124 -29.43167687 0.5024501027
125 -29.9605151 0.4932137762
126 -30.50868088 0.4837326561
127 -31.07648264 0.474014566
128 -31.66412695 0.4640699781
129 -32.27170436 0.4539121478
130 -32.89917604 0.4435571921
131 -33.54636196 0.4330241006
132 -34.21293115 0.4223346689
133 -34.89839477 0.4115133471
134 -35.60210254 0.4005869985
135 -36.32324316 0.3895845709
136 -37.0608489 0.3785366853
137 -37.81380476 0.3674751543
138 -38.58086199 0.3564324449
139 -39.36065569 0.3454411082
140 -40.15172605 0.334533197
141 -40.95254247 0.3237396976
142 -41.76152948 0.3130899982
143 -42.5770938 0.302611416
144 -43.39765104 0.2923288
145 -44.22165146 0.2822642228
146 -45.04760357 0.2724367671
147 -45.874095 0.2628624088
148 -46.69980991 0.2535539933
149 -47.52354282 0.2445212954
150 -48.3442084 0.2357711522
151 -49.16084748 0.2273076559
152 -49.97262941 0.2191323911
153 -50.77885087 0.2112447037
154 -51.57893186 0.2036419868
155 -52.37240887 0.196319974
156 -53.15892602 0.189273028
157 -53.93822436 0.1824944195
158 -54.7101298 0.1759765876
159 -55.47454006 0.1697113801
160 -56.23141096 0.1636902698
161 -56.98074228 0.1579045449
162 -57.72256361 0.152345475
163 -58.45692026 0.1470044506
164 -59.18385969 0.1418730983
165 -59.90341849 0.1369433721
166 -60.61561033 0.1322076225
167 -61.32041501 0.1276586441
168 -62.01776886 0.123289704
169 -62.70755686 0.1190945523
170 -63.38960644 0.1150674163
171 -64.06368341 0.1112029808
172 -64.72948997 0.1074963563
173 -65.38666499 0.1039430378
174 -66.0347865 0.1005388552
175 -66.67337641 0.0972799202
176 -67.30190717 0.09416256991
177 -67.91981033 0.09118331065
178 -68.52648651 0.08833876411
179 -69.12131658 0.08562561755
180 -69.70367352 0.08304057986
181 -70.27293456 0.08058034459
182 -70.82849333 0.07824156064
183 -71.36977133 0.07602081111
184 -71.89622868 0.0739146001
185 -72.40737358 0.07191934694
186 -72.90277045 0.0700313873
187 -73.38204649 0.06824698008
188 -73.84489655 0.06656231906
189 -74.29108644 0.06497354814
190 -74.72045453 0.06347677911
191 -75.13291192 0.06206811092
192 -75.52844116 0.06074364944
193 -75.90709384 0.05949952704
194 -76.26898714 0.05833192122
195 -76.61429956 0.05723707195
196 -76.94326596 0.05621129724
197 -77.25617231 0.05525100677
198 -77.55334999 0.05435271355
199 -77.83517007 0.05351304339
200 -78.1020376 0.05272874249
201 -78.35438595 0.05199668299
202 -78.59267148 0.05131386691
203 -78.81736835 0.05067742835
204 -79.02896381 0.05008463435
205 -79.22795377 0.0495328845
206 -79.41483878 0.04901970955
207 -79.59012045 0.04854276899
208 -79.75429824 0.0480998481
209 -79.90786668 0.04768885428
210 -80.0513129 0.04730781297
211 -80.18511463 0.04695486327
212 -80.30973839 0.04662825332
213 -80.42563817 0.04632633544
214 -80.53325422 0.04604756138
215 -80.63301219 0.04579047734
216 -80.72532252 0.04555371921
217 -80.81057993 0.04533600779
218 -80.88916322 0.04513614411
219 -80.96143509 0.04495300497
220 -81.02774223 0.04478553852
221 -81.08841538 0.04463276012
222 -81.14376964 0.04449374829
223 -81.19410472 0.04436764087
224 -81.23970533 0.04425363139
225 -81.28084161 0.04415096559
226 -81.31776958 0.04405893814
227 -81.35073166 0.04397688951
228 -81.37995714 0.0439042031
229 -81.40566276 0.0438403024
230 -81.4280532 0.04378464848
231 -81.44732165 0.04373673746
232 -81.46365031 0.04369609829
233 -81.47721094 0.04366229056
234 -81.48816538 0.04363490249
235 -81.49666603 0.04361354908
236 -81.50285636 0.04359787029
237 -81.50687138 0.04358752943
238 -81.50883807 0.04358221161
239 -81.50887588 0.04358162229
240 -81.5070971 0.04358548595
241 -81.50360727 0.0435935448
242 -81.49850559 0.04360555767
243 -81.49188524 0.04362129883
244 -81.48383379 0.04364055706
245 -81.47443347 0.04366313462
246 -81.46376154 0.04368884642
247 -81.45189054 0.04371751915
248 -81.43888858 0.04374899054
249 -81.42481964 0.04378310862
250 -81.40974376 0.04381973106
251 -77.83109792 0.05217087922
252 -73.15464963 0.06676346199
253 -66.65229607 0.09240685319
254 -42.81858661 0.2228170681
255 39.78223995 0.9985329591
256 38.72214761 0.9999447016
257 37.1437541 0.9999270479
258 34.54488672 0.9998835124
259 31.06079515 0.9997802044
260 27.07792167 0.9995445618
261 22.97733509 0.9990390089
262 19.01052951 0.9980379194
263 15.30893368 0.9962264892
264 11.9310205 0.9932420662
265 8.897633212 0.9887643224
266 6.209474203 0.982627025
267 3.854061988 0.9748943837
268 1.808986562 0.9658554513
269 0.04485234661 0.9559410594
270 -1.471421646 0.9456126233
271 -2.773480707 0.9352739358
272 -3.893178483 0.9252276767
273 -4.859181422 0.9156704589
274 -5.696398563 0.9067094656
275 -6.425973187 0.8983859825
276 -7.065587834 0.8906974212
277 -7.629903775 0.8836146155
278 -8.131026397 0.877094076
279 -8.57894001 0.8710860662
280 -8.9818883 0.8655396091
281 -9.34669484 0.8604053983
282 -9.67902714 0.8556373473
283 -9.983611316 0.8511932906
284 -10.2644054 0.8470351764
285 -10.52473883 0.8431289697
286 -10.76742467 0.8394444007
287 -10.99485004 0.8359546435
288 -11.2090492 0.8326359707
289 -11.41176284 0.8294674152
290 -11.60448628 0.8264304508
291 -11.78850899 0.8235087002
292 -11.96494701 0.8206876725
293 -12.13476973 0.8179545294
294 -12.29882205 0.8152978794
295 -12.4578429 0.8127075959
296 -12.61248066 0.8101746592
297 -12.76330616 0.8076910177
298 -12.91082363 0.8052494668
299 -13.05547992 0.8028435429
300 -13.19767241 0.8004674319
301 -13.33775565 0.7981158877
302 -13.47604719 0.7957841623
303 -13.61283239 0.7934679438
304 -13.74836874 0.7911633021
305 -13.88288947 0.7888666415
306 -14.01660674 0.7865746588
307 -14.14971439 0.7842843061
308 -14.28239036 0.7819927585
309 -14.41479875 0.7796973845
310 -14.54709171 0.7773957209
311 -14.67941107 0.7750854494
312 -14.81188972 0.7727643762
313 -14.94465297 0.7704304133
314 -15.07781963 0.7680815622
315 -15.21150305 0.7657158985
316 -15.34581204 0.7633315581
317 -15.48085174 0.760926725
318 -15.6167243 0.7584996193
319 -15.75352966 0.7560484865
320 -15.89136612 0.7535715878
321 -16.03033103 0.7510671904
322 -16.17052124 0.7485335586
323 -16.31203373 0.7459689453
324 -16.45496605 0.7433715841
325 -16.59941686 0.7407396808
326 -16.74548635 0.7380714063
327 -16.89327675 0.7353648885
328 -17.04289275 0.7326182052
329 -17.19444199 0.7298293761
330 -17.3480355 0.7269963556
331 -17.50378815 0.7241170251
332 -17.66181915 0.721189185
333 -17.82225251 0.7182105472
334 -17.98521756 0.7151787269
335 -18.15084942 0.7120912341
336 -18.3192896 0.7089454654
337 -18.49068649 0.7057386952
338 -18.66519596 0.7024680667
339 -18.84298198 0.6991305824
340 -19.02421727 0.695723095
341 -19.2090839 0.6922422972
342 -19.39777407 0.6886847123
343 -19.59049076 0.6850466837
344 -19.78744856 0.6813243645
345 -19.98887444 0.6775137076
346 -20.19500856 0.6736104555
347 -20.40610517 0.6696101302
348 -20.62243348 0.6655080233
349 -20.84427857 0.6612991877
350 -21.07194233 0.656978429
351 -21.3057444 0.6525402985
352 -21.54602311 0.6479790881
353 -21.79313643 0.6432888267
354 -22.0474628 0.6384632794
355 -22.30940208 0.6334959501
356 -22.57937622 0.6283800876
357 -22.85782996 0.6231086965
358 -23.14523134 0.6176745546
359 -23.44207201 0.6120702364
360 -23.74886731 0.6062881448
361 -24.06615602 0.6003205524
362 -24.39449976 0.5941596541
363 -24.73448195 0.587797631
364 -25.08670617 0.5812267295
365 -25.45179397 0.5744393552
366 -25.83038185 0.5674281839
367 -26.22311748 0.5601862905
368 -26.63065493 0.5527072975
369 -27.05364888 0.5449855424
370 -27.49274764 0.5370162638
371 -27.94858505 0.5287958062
372 -28.42177109 0.5203218391
373 -28.91288127 0.5115935884
374 -29.42244478 0.5026120736
375 -29.95093173 0.4933803456
376 -30.49873935 0.4839037137
377 -31.06617775 0.4741899551
378 -31.65345546 0.4642494927
379 -32.26066522 0.4540955304
380 -32.88777067 0.4437441324
381 -33.53459442 0.4332142362
382 -34.2008083 0.4225275871
383 -34.88592639 0.4117085879
384 -35.58930137 0.4007840599
385 -36.31012484 0.3897829154
386 -37.04743188 0.378735748
387 -37.8001101 0.367674352
388 -38.56691306 0.3566311862
389 -39.34647784 0.3456388041
390 -40.13734623 0.3347292713
391 -40.9379887 0.3239335971
392 -41.74683046 0.313281202
393 -42.56227832 0.3027994434
394 -43.3827476 0.2925132175
395 -44.20668773 0.2824446486
396 -45.03260605 0.2726128744
397 -45.8590886 0.2630339274
398 -46.68481772 0.2537207093
399 -47.50858584 0.2446830493
400 -48.32930541 0.2359278366
401 -49.14601497 0.2274592112
402 -49.95788153 0.2192788014
403 -50.76419952 0.2113859912
404 -51.56438674 0.2037782071
405 -52.35797765 0.1964512105
406 -53.1446145 0.189399387
407 -53.92403668 0.1826160252
408 -54.69606866 0.1760935774
409 -55.46060698 0.1698239007
410 -56.21760652 0.163798473
411 -56.9670664 0.1580085849
412 -57.70901578 0.1524455052
413 -58.44349981 0.1471006214
414 -59.17056605 0.1419655552
415 -59.89025139 0.1370322542
416 -60.60257005 0.1322930613
417 -61.30750252 0.127740763
418 -62.00498606 0.1233686176
419 -62.69490663 0.1191703667
420 -63.37709281 0.115140229
421 -64.05131155 0.1112728815
422 -64.71726627 0.1075634275
423 -65.374597 0.1040073552
424 -66.02288287 0.1006004892
425 -66.66164679 0.09733893666
426 -67.29036206 0.09421903119
427 -67.90846091 0.0912372767
428 -68.51534447 0.08839029337
429 -69.11039386 0.08567476787
430 -69.6929821 0.08308740925
431 -70.26248626 0.08062491179
432 -70.81829955 0.07828392564
433 -71.35984286 0.07606103545
434 -71.8865755 0.07395274702
435 -72.39800471 0.07195548145
436 -72.89369379 0.07006557611
437 -73.37326871 0.06827929138
438 -73.83642304 0.0665928223
439 -74.28292123 0.06500231367
440 -74.7126003 0.06350387789
441 -75.12536997 0.06209361408
442 -75.52121149 0.06076762797
443 -75.90017517 0.05952205137
444 -76.26237699 0.0583530609
445 -76.60799433 0.05725689534
446 -76.93726106 0.05622987121
447 -77.2504622 0.05526839648
448 -77.54792834 0.05436898223
449 -77.83002985 0.05352825217
450 -78.09717117 0.05274295028
451 -78.34978519 0.05200994639
452 -78.58832785 0.05132624013
453 -78.81327305 0.05068896319
454 -79.02510779 0.05009538018
455 -79.22432786 0.04954288829
456 -79.41143373 0.04902901586
457 -79.58692702 0.04855142008
458 -79.75130726 0.04810788392
459 -79.90506906 0.04769631258
460 -80.04869971 0.04731472937
461 -80.18267711 0.04696127135
462 -80.30746802 0.04663418466
463 -80.42352665 0.04633181977
464 -80.53129351 0.04605262661
465 -80.63119453 0.04579514971
466 -80.72364042 0.04555802332
467 -80.80902621 0.04533996672
468 -80.88773096 0.04513977949
469 -80.96011771 0.04495633707
470 -81.0265334 0.04478858634
471 -81.08730911 0.04463554143
472 -81.14276019 0.04449627972
473 -81.19318664 0.04436993801
474 -81.23887344 0.0442557088
475 -81.28009101 0.0441528369
476 -81.31709562 0.04406061609
477 -81.35012992 0.04397838604
478 -81.37942347 0.04390552934
479 -81.40519322 0.04384146881
480 -81.42764407 0.04378566479
481 -81.44696942 0.04373761279
482 -81.46335168 0.04369684118
483 -81.47696279 0.04366290897
484 -81.48796476 0.0436354039
485 -81.49651017 0.04361394045
486 -81.50274266 0.04359815816
487 -81.50679738 0.0435877199
488 -81.50880147 0.04358231039
489 -81.50887451 0.04358163474
490 -81.50712891 0.04358541705
491 -81.50367034 0.04359339925
492 -81.49859811 0.04360533983
493 -81.49200553 0.04362101282
494 -81.48398025 0.04364020671
495 -81.47460461 0.04366272353
496 -81.46395595 0.04368837795
497 -81.45210689 0.04371699646
498 -81.43912564 0.04374841658
499 -81.42507624 0.04378248616
500 -81.41001881 0.04381906268
501 -77.83139795 0.05217003191
502 -73.1550033 0.06676222962
503 -66.65280064 0.09240459663
504 -42.82110968 0.2227994201
505 39.78221564 0.9985325022
506 38.7221326 0.9999447014
507 37.143706 0.9999270473
508 34.5447607 0.9998835099
509 31.06054131 0.9997801947
510 27.07750646 0.9995445287
511 22.97674907 0.9990389109
512 19.00978263 0.9980376672
513 15.30804771 0.9962259242
514 11.93002322 0.9932409544
515 8.896554264 0.9887623808
516 6.208341785 0.9826239796
517 3.852900298 0.9748900346
518 1.807814157 0.9658497117
519 0.04368170977 0.9559339534
520 -1.472583499 0.945604252
521 -2.77463104 0.9352644361
522 -3.894317525 0.9252171884
523 -4.860311219 0.9156591054
524 -5.697522118 0.9066973468
525 -6.427093866 0.8983731748
526 -7.066709003 0.8906839805
527 -7.631028592 0.8836005818
528 -8.132157708 0.8770794774
529 -8.580080315 0.8710709222
530 -8.98303975 0.8655239334
531 -9.347859262 0.8603892005
532 -9.680206066 0.8556206343
533 -9.98480602 0.8511760676
534 -10.26561693 0.8470174476
535 -10.52596804 0.8431107384
536 -10.76867226 0.83942567
537 -10.99611657 0.835935416
538 -11.21033513 0.832616249
539 -11.41306851 0.8294472016
540 -11.60581198 0.8264097473
541 -11.78985495 0.8234875088
542 -11.96631342 0.820665995
543 -12.13615674 0.8179323673
544 -12.30022978 0.8152752337
545 -12.45927146 0.8126844675
546 -12.61393015 0.8101510487
547 -12.76477669 0.8076669252
548 -12.91231529 0.8052248918
549 -13.05699283 0.8028184848
550 -13.19920668 0.8004418893
551 -13.33931144 0.7980898589
552 -13.47762464 0.795757645
553 -13.61443168 0.7934409352
554 -13.74999006 0.7911357988
555 -13.88453306 0.7888386395
556 -14.01827284 0.7865461535
557 -14.15140329 0.7842552922
558 -14.28410236 0.7819632301
559 -14.41653421 0.7796673351
560 -14.54885101 0.7773651433
561 -14.68119461 0.7750543356
562 -14.81369796 0.7727327174
563 -14.9464864 0.7703982001
564 -15.07967878 0.7680487843
565 -15.21338849 0.7656825448
566 -15.34772441 0.7632976166
567 -15.48279168 0.7608921829
568 -15.61869254 0.7584644628
569 -15.75552696 0.7560127008
570 -15.89339331 0.7535351572
571 -16.03238897 0.7510300981
572 -16.17261087 0.7484957866
573 -16.31415605 0.7459304745
574 -16.45712213 0.7433323941
575 -16.60160782 0.7406997501
576 -16.7477134 0.7380307119
577 -16.89554117 0.7353234061
578 -17.0451959 0.7325759088
579 -17.19678533 0.7297862383
580 -17.35042056 0.7269523473
581 -17.50621657 0.7240721153
582 -17.66429267 0.721143341
583 -17.82477299 0.7181637342
584 -17.98778696 0.7151309082
585 -18.15346984 0.7120423706
586 -18.32196325 0.7088955159
587 -18.49341572 0.7056876159
588 -18.6679833 0.7024158111
589 -18.8458301 0.6990771014
590 -19.02712899 0.6956683366
591 -19.21206225 0.6921862065
592 -19.40082225 0.6886272309
593 -19.59361219 0.6849877499
594 -19.79064686 0.6812639131
595 -19.99215347 0.6774516698
596 -20.19837242 0.6735467585
597 -20.40955822 0.669544697
598 -20.62598035 0.665440773
599 -20.84792417 0.6612300348
600 -21.0756919 0.6569072835
601 -21.30960349 0.6524670659
602 -21.54999761 0.6479036692
603 -21.79723257 0.6432111174
604 -22.0516872 0.6383831711
605 -22.31376173 0.6334133294
606 -22.58387851 0.6282948365
607 -22.8624827 0.6230206928
608 -23.15004274 0.617583672
609 -23.44705071 0.6119763451
610 -23.75402235 0.6061911121
611 -24.07149687 0.6002202434
612 -24.4000363 0.5940559327
613 -24.74022442 0.5876903611
614 -25.09266518 0.5811157767
615 -25.45798041 0.574324588
616 -25.83680687 0.5673094762
617 -26.22979241 0.5600635239
618 -26.63759119 0.5525803638
619 -27.06085785 0.5448543468
620 -27.50024058 0.5368807282
621 -27.95637291 0.5286558729
622 -28.42986435 0.5201774746
623 -28.92128973 0.5114447875
624 -29.43117741 0.5024588639
625 -29.95999636 0.4932227908
626 -30.50814248 0.4837419183
627 -31.07592429 0.4740240674
628 -31.66354846 0.4640797077
629 -32.27110565 0.4539220917
630 -32.89855719 0.4435673334
631 -33.54572318 0.4330344197
632 -34.21227281 0.4223451434
633 -34.89771739 0.411523952
634 -35.60140681 0.4005977064
635 -36.32252992 0.3895953524
636 -37.06011916 0.3785475098
637 -37.81305966 0.3674859897
638 -38.58010281 0.3564432591
639 -39.3598838 0.3454518688
640 -40.15094293 0.3345438725
641 -40.95174964 0.3237502577
642 -41.76072853 0.3131004144
643 -42.57628628 0.3026216618
644 -43.39683852 0.2923388516
645 -44.22083546 0.2822740592
646 -45.04678554 0.2724463702
647 -45.8732763 0.2628717638
648 -46.69899181 0.2535630883
649 -47.52272648 0.2445301214
650 -48.34339484 0.2357797033
651 -49.16003762 0.2273159286
652 -49.97182402 0.2191403845
653 -50.77805062 0.2112524187
654 -51.57813727 0.2036494264
655 -52.37162038 0.1963271425
656 -53.15814395 0.1892799312
657 -53.93744894 0.182501064
658 -54.70936118 0.1759829808
659 -55.47377834 0.16971753
660 -56.23065617 0.1636961844
661 -56.97999442 0.1579102327
662 -57.72182266 0.1523509443
663 -58.45618619 0.1470097095
664 -59.18313247 0.1418781547
665 -59.90269811 0.1369482335
666 -60.61489682 0.1322122961
667 -61.31970842 0.1276631366
668 -62.0170693 0.1232940216
669 -62.70686449 0.1190987007
670 -63.38892148 0.1150714008
671 -64.06300615 0.1112068062
672 -64.72882077 0.1075000273
673 -65.38600426 0.1039465583
674 -66.03413473 0.100542229
675 -66.67273411 0.09728315102
676 -67.30127494 0.09416566106
677 -67.91918877 0.0911862654
678 -68.52587627 0.08834158562
679 -69.12071832 0.08562830896
680 -69.70308789 0.08304314434
681 -70.27236222 0.08058278533
682 -70.8279349 0.0782438809
683 -71.36922741 0.07602301426
684 -71.89569982 0.07391668957
685 -72.40686027 0.07192132628
686 -72.90227313 0.07003326015
687 -73.38156552 0.06824875018
688 -73.84443223 0.06656399018
689 -74.290639 0.06497512413
690 -74.72002412 0.06347826385
691 -75.13249861 0.06206950829
692 -75.52804494 0.06074496333
693 -75.90671466 0.05950076129
694 -76.26862486 0.05833307964
695 -76.61395397 0.05723815828
696 -76.94293683 0.05621231513
697 -77.25585933 0.0552519598
698 -77.55305282 0.05435360516
699 -77.83488832 0.05351387694
700 -78.10177085 0.05272952119
701 -78.35413376 0.05199740995
702 -78.59243338 0.05131454509
703 -78.81714386 0.05067806058
704 -79.02875244 0.05008522334
705 -79.22775501 0.04953343282
706 -79.41465213 0.04902021964
707 -79.5899454 0.04854324316
708 -79.75413429 0.04810028855
709 -79.90771334 0.04768926306
710 -80.05116967 0.04730819204
711 -80.18498103 0.04695521447
712 -80.30961396 0.04662857837
713 -80.42552246 0.04632663599
714 -80.53314677 0.04604783894
715 -80.6329126 0.04579073335
716 -80.72523036 0.04555395502
717 -80.81049482 0.04533622466
718 -80.88908477 0.04513634324
719 -80.96136294 0.04495318745
720 -81.02767603 0.04478570541
721 -81.08835482 0.04463291238
722 -81.1437144 0.04449388684
723 -81.19405449 0.04436776656
724 -81.23965983 0.04425374502
725 -81.28080057 0.04415106791
726 -81.31773275 0.04405902984
727 -81.35069879 0.04397697125
728 -81.37992801 0.04390427549
729 -81.40563715 0.04384036602
730 -81.42803091 0.04378470386
731 -81.44730248 0.0437367851
732 -81.46363409 0.04369613865
733 -81.4771975 0.04366232408
734 -81.48815455 0.04363492959
735 -81.49665766 0.04361357013
736 -81.5028503 0.04359788565
737 -81.5068675 0.04358753944
738 -81.50883625 0.04358221658
739 -81.508876 0.04358162251
740 -81.50709904 0.0435854817
741 -81.50361093 0.04359353634
742 -81.49851086 0.04360554523
743 -81.49189204 0.04362128265
744 -81.48384203 0.04364053734
745 -81.47444307 0.04366311156
746 -81.46377242 0.0436888202
747 -81.45190263 0.04371748995
748 -81.43890181 0.04374895852
749 -81.42483394 0.04378307393
750 -81.40975907 0.04381969384
