0 -73.94415602 0.0662019787
1 -74.37648512 0.06466974096
2 -74.79290545 0.06322395473
3 -75.19332301 0.06186109946
4 -75.57771133 0.06057764494
5 -75.94610882 0.05937007161
6 -76.29861525 0.05823488975
7 -76.6353876 0.05716865691
8 -76.95663538 0.05616799362
9 -77.26261563 0.05522959699
10 -77.55362772 0.05435025226
11 -77.83000811 0.05352684238
12 -78.09212509 0.05275635557
13 -78.34037371 0.05203589106
14 -78.57517086 0.05136266321
15 -78.79695069 0.05073400408
16 -79.00616023 0.05014736461
17 -79.20325544 0.04960031476
18 -79.38869754 0.04909054255
19 -79.56294973 0.04861585234
20 -79.72647427 0.04817416233
21 -79.87972986 0.04776350164
22 -80.02316946 0.04738200683
23 -80.15723828 0.04702791816
24 -80.28237219 0.04669957562
25 -80.39899635 0.04639541474
26 -80.50752412 0.04611396237
27 -80.60835614 0.04585383242
28 -80.70187969 0.04561372156
29 -80.7884682 0.04539240504
30 -80.86848095 0.04518873256
31 -80.94226282 0.04500162422
32 -81.01014432 0.04483006666
33 -81.07244158 0.04467310923
34 -81.12945651 0.04452986046
35 -81.18147705 0.04439948451
36 -81.22877739 0.04428119794
37 -81.27161835 0.04417426651
38 -81.31024776 0.04407800222
39 -81.34490081 0.04399176043
40 -81.37580056 0.04391493726
41 -81.40315832 0.04384696698
42 -81.42717415 0.04378731964
43 -81.44803729 0.04373549885
44 -81.46592667 0.04369103962
45 -81.48101134 0.04365350639
46 -81.49345092 0.04362249115
47 -81.5033961 0.04359761168
48 -81.510989 0.04357850992
49 -81.51636366 0.04356485043
50 -81.51964625 0.04355631928
51 -81.52095415 0.04355262536
52 -81.52038418 0.04355352351
53 -81.51790375 0.04355903244
54 -81.51236893 0.04357140522
55 -81.49269069 0.04361287326
56 -81.35840865 0.04388594795
57 -80.20637432 0.0462707297
58 -69.98204953 0.07278560086
59 10.32055511 0.7419844276
60 38.35674268 0.9998750091
61 38.16004388 0.9999386029
62 36.42925294 0.9999168558
63 33.73036503 0.9998644896
64 30.33046762 0.9997476957
65 26.56341663 0.9994972607
66 22.70917316 0.9989865825
67 18.95300773 0.9980100969
68 15.40414053 0.9962777759
69 12.12383216 0.9934461801
70 9.144165213 0.9891962148
71 6.477364917 0.9833371858
72 4.120234865 0.9758864292
73 2.057368862 0.9670780692
74 0.2646731389 0.9572976391
75 -1.286858893 0.9469823747
76 -2.627760602 0.93653441
77 -3.787582864 0.9262713668
78 -4.793370729 0.9164132711
79 -5.668962304 0.9070924626
80 -6.43485115 0.8983730131
81 -7.108375502 0.8902709371
82 -7.704062718 0.8827711776
83 -8.234021828 0.8758403219
84 -8.708325445 0.8694354269
85 -9.135353434 0.8635097972
86 -9.522088867 0.8580165686
87 -9.874366298 0.852910797
88 -10.19707678 0.8481505704
89 -10.49433563 0.8436975018
90 -10.76961903 0.8395168476
91 -11.02587508 0.8355774065
92 -11.26561409 0.8318513008
93 -11.49098202 0.8283137017
94 -11.70382054 0.8249425363
95 -11.9057161 0.8217181982
96 -12.09804032 0.8186232741
97 -12.28198326 0.8156422917
98 -12.45858103 0.8127614924
99 -12.62873866 0.8099686264
100 -12.79324931 0.8072527724
101 -12.95281023 0.8046041777
102 -13.10803634 0.8020141165
103 -13.25947156 0.7994747672
104 -13.40759853 0.796979103
105 -13.5528468 0.7945207973
106 -13.69559985 0.7920941394
107 -13.83620113 0.7896939616
108 -13.97495922 0.7873155743
109 -14.11215228 0.7849547096
110 -14.24803189 0.7826074711
111 -14.38282644 0.7802702899
112 -14.51674399 0.7779398854
113 -14.64997487 0.7756132309
114 -14.78269383 0.7732875231
115 -14.91506206 0.7709601546
116 -15.04722887 0.7686286897
117 -15.17933322 0.766290843
118 -15.31150508 0.7639444595
119 -15.44386662 0.7615874971
120 -15.57653325 0.7592180116
121 -15.70961466 0.7568341413
122 -15.84321559 0.7544340951
123 -15.97743668 0.7520161399
124 -16.11237513 0.7495785903
125 -16.2481254 0.7471197981
126 -16.38477975 0.7446381438
127 -16.52242884 0.7421320272
128 -16.6611622 0.7395998601
129 -16.80106874 0.737040058
130 -16.94223717 0.7344510337
131 -17.08475648 0.7318311896
132 -17.22871629 0.729178912
133 -17.37420728 0.7264925639
134 -17.52132158 0.7237704795
135 -17.67015313 0.7210109577
136 -17.82079806 0.7182122563
137 -17.97335505 0.715372586
138 -18.12792573 0.7124901046
139 -18.28461503 0.7095629109
140 -18.44353155 0.7065890392
141 -18.60478798 0.7035664527
142 -18.76850145 0.7004930379
143 -18.93479398 0.6973665983
144 -19.10379286 0.6941848484
145 -19.27563111 0.690945407
146 -19.45044792 0.6876457911
147 -19.62838911 0.6842834094
148 -19.8096076 0.6808555557
149 -19.99426393 0.6773594022
150 -20.1825268 0.673791993
151 -20.37457354 0.6701502375
152 -20.57059075 0.666430904
153 -20.77077481 0.6626306132
154 -20.97533254 0.6587458321
155 -21.18448174 0.6547728686
156 -21.39845186 0.6507078658
157 -21.61748462 0.6465467977
158 -21.84183465 0.6422854657
159 -22.07177008 0.6379194954
160 -22.30757324 0.6334443357
161 -22.54954118 0.6288552595
162 -22.79798625 0.6241473653
163 -23.05323667 0.6193155828
164 -23.31563691 0.6143546807
165 -23.58554806 0.6092592775
166 -23.8633481 0.6040238575
167 -24.14943198 0.5986427908
168 -24.44421152 0.5931103587
169 -24.74811515 0.5874207863
170 -25.06158731 0.5815682811
171 -25.3850876 0.5755470806
172 -25.71908956 0.5693515078
173 -26.06407896 0.5629760375
174 -26.42055173 0.5564153723
175 -26.78901124 0.5496645297
176 -27.16996501 0.5427189412
177 -27.5639208 0.5355745628
178 -27.97138193 0.5282279966
179 -28.39284184 0.5206766234
180 -28.82877796 0.512918745
181 -29.27964468 0.5049537324
182 -29.74586568 0.4967821803
183 -30.2278255 0.488406061
184 -30.72586056 0.4798288749
185 -31.24024975 0.4710557925
186 -31.77120475 0.4620937796
187 -32.31886041 0.4529517016
188 -32.88326546 0.4436403982
189 -33.46437379 0.4341727214
190 -34.06203686 0.4245635316
191 -34.67599747 0.4148296451
192 -35.30588535 0.4049897291
193 -35.95121485 0.3950641438
194 -36.6113851 0.3850747296
195 -37.28568285 0.3750445456
196 -37.97328797 0.3649975623
197 -38.67328185 0.3549583204
198 -39.38465825 0.3449515638
199 -40.10633665 0.3350018614
200 -40.83717748 0.3251332303
201 -41.57599885 0.3153687745
202 -42.32159424 0.3057303512
203 -43.07275049 0.2962382775
204 -43.82826555 0.2869110836
205 -44.58696545 0.2777653222
206 -45.34771988 0.2688154347
207 -46.10945607 0.2600736755
208 -46.87117062 0.2515500927
209 -47.63193898 0.24325256
210 -48.39092265 0.2351868542
211 -49.14737383 0.227356771
212 -49.90063783 0.2197642708
213 -50.65015319 0.2124096474
214 -51.3954497 0.2052917119
215 -52.13614467 0.1984079848
216 -52.87193744 0.1917548898
217 -53.60260252 0.1853279459
218 -54.32798153 0.1791219512
219 -55.0479741 0.1731311581
220 -55.76252802 0.1673494349
221 -56.47162874 0.1617704138
222 -57.17528846 0.1563876232
223 -57.87353505 0.151194605
224 -58.56640082 0.1461850144
225 -59.25391154 0.141352704
226 -59.93607582 0.1366917919
227 -60.61287507 0.132196713
228 -61.28425431 0.1278622556
229 -61.95011407 0.1236835825
230 -62.61030358 0.1196562381
231 -63.26461548 0.1157761425
232 -63.91278232 0.1120395736
233 -64.55447492 0.1084431387
234 -65.18930267 0.1049837375
235 -65.8168159 0.1016585185
236 -66.43651022 0.09846483094
237 -67.04783272 0.09540017377
238 -67.65018981 0.09246214501
239 -68.24295652 0.08964839264
240 -68.82548684 0.08695656919
241 -69.39712482 0.08438429163
242 -69.95721598 0.08192910756
243 -70.50511871 0.07958846869
244 -71.04021529 0.07735971187
245 -71.56192213 0.07524004766
246 -72.06969903 0.07322655609
247 -72.5630572 0.07131618903
248 -73.04156591 0.06950577817
249 -73.50485763 0.06779204778
250 -73.95263167 0.06617163104
251 -74.38465637 0.06464108901
252 -74.8007698 0.06319693115
253 -75.20087926 0.06183563653
254 -75.58495958 0.06055367492
255 -75.95305038 0.05934752715
256 -76.30525259 0.05821370421
257 -76.64172423 0.05714876474
258 -76.96267577 0.05614933059
259 -77.26836514 0.05521210045
260 -77.55909246 0.05433386136
261 -77.83519485 0.0535114982
262 -78.09704118 0.05274200126
263 -78.34502695 0.05202247197
264 -78.57956945 0.05135012693
265 -78.8011031 0.05072230044
266 -79.01007515 0.05013644576
267 -79.2069417 0.04959013511
268 -79.39216402 0.04908105878
269 -79.56620534 0.04860702331
270 -79.72952787 0.0481659491
271 -79.88259022 0.04775586734
272 -80.02584522 0.04737491663
273 -80.15973791 0.04702133919
274 -80.28470398 0.04669347688
275 -80.40116837 0.04638976703
276 -80.50954419 0.0461087382
277 -80.61023184 0.04584900592
278 -80.70361835 0.04560926843
279 -80.79007686 0.04538830245
280 -80.86996638 0.04518495907
281 -80.94363152 0.0449981597
282 -81.01140251 0.04482689222
283 -81.0735952 0.04467020716
284 -81.13051125 0.04452721415
285 -81.1824383 0.04439707839
286 -81.2296503 0.04427901742
287 -81.27240782 0.0441722979
288 -81.31095843 0.0440762327
289 -81.34553709 0.04399017801
290 -81.37636663 0.04391353068
291 -81.40365814 0.0438457257
292 -81.42761145 0.04378623379
293 -81.44841562 0.04373455918
294 -81.46624939 0.04369023747
295 -81.48128159 0.04365283365
296 -81.49367171 0.04362194021
297 -81.50357022 0.04359717542
298 -81.51111913 0.04357818167
299 -81.51645229 0.04356462393
300 -81.51969575 0.04355618868
301 -81.52096675 0.04355258517
302 -81.52036195 0.0435535686
303 -81.5178486 0.04355915816
304 -81.51228196 0.04357160857
305 -81.49256662 0.04361316422
306 -81.35818426 0.04388645509
307 -80.205453 0.04627274442
308 -69.97501733 0.07280765668
309 10.36179118 0.7424035491
310 38.35735601 0.9998751729
311 38.15980382 0.9999386005
312 36.42879534 0.999916849
313 33.72979034 0.9998644752
314 30.32989032 0.9997476685
315 26.56293405 0.9994972148
316 22.70884389 0.9989865184
317 18.95285591 0.9980100349
318 15.4041675 0.9962777772
319 12.12402601 0.9934463667
320 9.144507034 0.9891967753
321 6.477832889 0.9833383545
322 4.120807206 0.9758884431
323 2.05802588 0.9670811227
324 0.2653984052 0.9573018566
325 -1.286078189 0.9469878076
326 -2.626933892 0.9365410524
327 -3.786716766 0.9262791762
328 -4.792469696 0.9164221871
329 -5.668029222 0.9071024202
330 -6.433887822 0.8983839498
331 -7.10738302 0.8902827968
332 -7.703041723 0.8827839111
333 -8.232972693 0.875853887
334 -8.707248394 0.8694497877
335 -9.134248618 0.8635249227
336 -9.520956414 0.858032432
337 -9.873206338 0.852927375
338 -10.19588946 0.8481678424
339 -10.49312112 0.8437154494
340 -10.76837753 0.8395354543
341 -11.02460681 0.8355966572
342 -11.26431928 0.8318711819
343 -11.48966093 0.8283342008
344 -11.70247343 0.8249636419
345 -11.90434323 0.8217398997
346 -12.09664195 0.818645562
347 -12.28055965 0.8156651572
348 -12.45713242 0.8127849275
349 -12.62726529 0.8099926239
350 -12.79175139 0.807277326
351 -12.95128797 0.8046292815
352 -13.1064899 0.8020397656
353 -13.25790111 0.7995009574
354 -13.40600418 0.7970058308
355 -13.55122865 0.7945480598
356 -13.69395798 0.7921219345
357 -13.83453559 0.7897222878
358 -13.97327001 0.7873444309
359 -14.11043937 0.7849840967
360 -14.24629524 0.7826373893
361 -14.38106596 0.7803007405
362 -14.51495957 0.7779708705
363 -14.64816635 0.7756447534
364 -14.78086102 0.7733195863
365 -14.91320474 0.7709927627
366 -15.04534677 0.7686618478
367 -15.17742604 0.7663245566
368 -15.30957249 0.7639787349
369 -15.44190823 0.7616223416
370 -15.57454866 0.759253433
371 -15.7076034 0.7568701483
372 -15.84117716 0.7544706972
373 -15.97537053 0.7520533473
374 -16.11028068 0.7496164142
375 -16.24600201 0.7471582505
376 -16.38262674 0.7446772376
377 -16.52024547 0.7421717762
378 -16.65894768 0.739640279
379 -16.79882223 0.7370811627
380 -16.93995779 0.7344928408
381 -17.08244326 0.7318737171
382 -17.22636821 0.7292221787
383 -17.37182326 0.72653659
384 -17.51890048 0.7238152863
385 -17.66769372 0.7210565678
386 -17.81829905 0.7182586935
387 -17.97081507 0.7154198757
388 -18.12534333 0.7125382734
389 -18.28198867 0.7096119872
390 -18.44085959 0.7066390526
391 -18.60206869 0.7036174348
392 -18.76573301 0.7005450218
393 -18.93197445 0.6974196191
394 -19.10092019 0.694238943
395 -19.27270313 0.6910006143
396 -19.44746233 0.6877021523
397 -19.62534347 0.6843409676
398 -19.80649934 0.6809143564
399 -19.99109034 0.6774194934
400 -20.17928498 0.673853425
401 -20.37126045 0.6702130635
402 -20.56720316 0.6664951796
403 -20.76730931 0.662696397
404 -20.97178551 0.6588131856
405 -21.18084937 0.6548418561
406 -21.39473012 0.6507785549
407 -21.61366924 0.646619259
408 -21.83792112 0.642359773
409 -22.06775367 0.6379957258
410 -22.30344892 0.6335225696
411 -22.54530366 0.6289355802
412 -22.79362998 0.6242298595
413 -23.0487558 0.6194003402
414 -23.31102528 0.6144417937
415 -23.58079922 0.6093488412
416 -23.85845531 0.6041159694
417 -24.14438818 0.5987375501
418 -24.43900935 0.5932078663
419 -24.74274696 0.5875211436
420 -25.05604518 0.5816715896
421 -25.37936333 0.5756534409
422 -25.71317471 0.5694610187
423 -26.05796491 0.5630887945
424 -26.41422967 0.5565314662
425 -26.78247226 0.549784045
426 -27.16320016 0.5428419546
427 -27.55692115 0.5357011405
428 -27.96413866 0.5283581925
429 -28.38534637 0.5208104767
430 -28.82102202 0.5130562772
431 -29.27162048 0.5050949452
432 -29.73756603 0.4969270525
433 -30.21924397 0.4885545458
434 -30.71699165 0.4799808976
435 -31.23108903 0.4712112475
436 -31.76174907 0.4622525289
437 -32.30910805 0.453113573
438 -32.87321628 0.4438051842
439 -33.4540294 0.434340179
440 -34.05140073 0.4247333825
441 -34.66507503 0.4150015772
442 -35.29468404 0.4051633989
443 -35.93974414 0.3952391794
444 -36.59965651 0.3852507351
445 -37.27370981 0.3752211059
446 -37.96108576 0.3651742489
447 -38.66086738 0.3551346977
448 -39.37204989 0.3451271957
449 -40.09355396 0.3351763179
450 -40.82424092 0.3253060943
451 -41.56292948 0.3155396476
452 -42.30841341 0.3058988597
453 -43.05947951 0.2964040767
454 -43.81492541 0.2870738622
455 -44.5735765 0.277924805
456 -45.33430159 0.2689713843
457 -46.09602679 0.2602258935
458 -46.85774738 0.2516984192
459 -47.61853738 0.2433968731
460 -48.37755671 0.235327068
461 -49.13405595 0.2274928333
462 -49.88737878 0.2198961604
463 -50.63696208 0.2125373709
464 -51.38233408 0.2054153007
465 -52.12311057 0.1985274911
466 -52.85898952 0.1918703838
467 -53.58974418 0.185439512
468 -54.31521505 0.1792296852
469 -55.03530083 0.1732351639
470 -55.74994854 0.1674498219
471 -56.45914307 0.1618672944
472 -57.16289626 0.1564811109
473 -57.86123577 0.1512848118
474 -58.55419394 0.1462720497
475 -59.24179676 0.1414366733
476 -59.92405323 0.1367727952
477 -60.60094534 0.1322748447
478 -61.27241884 0.1279376034
479 -61.93837509 0.1237562275
480 -62.59866428 0.1197262547
481 -63.25308012 0.1158435987
482 -63.90135624 0.1121045312
483 -64.54316456 0.1085056539
484 -65.17811555 0.1050438619
485 -65.80576056 0.1017162997
486 -66.42559612 0.09852031337
487 -67.03707013 0.09545339977
488 -67.63958965 0.09251315562
489 -68.23253018 0.08969722846
490 -68.81524599 0.08700327116
491 -69.38708122 0.08442890166
492 -69.94738125 0.08197166911
493 -70.49550416 0.07962902715
494 -71.03083171 0.07739831485
495 -71.55277962 0.07527674509
496 -72.06080686 0.07326140029
497 -72.55442364 0.07134923456
498 -73.03319817 0.0695370817
499 -73.49676176 0.06782166777
500 -73.94481249 0.06619962748
501 -74.37711747 0.06466752302
502 -74.79351354 0.06322186463
503 -75.19390678 0.06185913176
504 -75.57827082 0.06057579421
505 -75.94664417 0.05936833248
506 -76.29912668 0.05823325689
507 -76.63587542 0.05716712513
508 -76.95709997 0.05616655783
509 -77.26305742 0.05522825222
510 -77.55404722 0.05434899371
511 -77.83040587 0.0535256654
512 -78.09250169 0.05275525568
513 -78.34072978 0.05203486396
514 -78.57550706 0.0513617048
515 -78.79726768 0.0507331104
516 -79.00645872 0.05014653192
517 -79.20353611 0.0495995395
518 -79.3889611 0.04908982132
519 -79.56319688 0.04861518192
520 -79.7267057 0.04817353969
521 -79.87994627 0.04776292389
522 -80.02337152 0.04738147126
523 -80.15742665 0.04702742221
524 -80.28254753 0.04669911687
525 -80.39915929 0.04639499092
526 -80.50767527 0.04611357134
527 -80.60849609 0.04585347217
528 -80.70200901 0.04561339019
529 -80.78858745 0.04539210079
530 -80.86859064 0.04518845376
531 -80.94236347 0.04500136931
532 -81.01023641 0.04482983417
533 -81.07252557 0.04467289779
534 -81.12953285 0.04452966877
535 -81.18154616 0.04439931138
536 -81.22883966 0.04428104224
537 -81.27167417 0.04417412717
538 -81.31029749 0.04407787824
539 -81.34494479 0.0439916509
540 -81.37583911 0.0439148413
541 -81.40319175 0.04384688377
542 -81.42720275 0.04378724843
543 -81.44806134 0.04373543891
544 -81.46594642 0.04369099029
545 -81.48102704 0.04365346704
546 -81.49346281 0.0436224612
547 -81.50340438 0.04359759057
548 -81.51099389 0.04357849713
549 -81.51636535 0.04356484549
550 -81.51964492 0.04355632173
551 -81.52094998 0.04355263478
552 -81.52037732 0.04355353951
553 -81.51789436 0.04355905465
554 -81.51235709 0.0435714334
555 -81.49267604 0.04361290812
556 -81.35838667 0.04388599871
557 -80.20630213 0.04627088977
558 -69.98153613 0.07278721428
559 10.32354776 0.7420148558
560 38.35678752 0.999875021
561 38.16002728 0.9999386027
562 36.42922148 0.9999168554
563 33.73032646 0.9998644886
564 30.33043058 0.9997476939
565 26.56338833 0.999497258
566 22.7091578 0.9989865793
567 18.95300689 0.9980100959
568 15.40415407 0.9962777834
569 12.12385894 0.9934462075
570 9.144203553 0.989196279
571 6.477412959 0.9833373071
572 4.120290795 0.9758866274
573 2.057431075 0.9670783597
574 0.2647403288 0.9572980313
575 -1.286787717 0.9469828714
576 -2.627686144 0.9365350095
577 -3.787505595 0.9262720648
578 -4.793290946 0.9164140616
579 -5.668880182 0.90709334
580 -6.434766782 0.8983739718
581 -7.10828893 0.8902719725
582 -7.703973954 0.8827722854
583 -8.233930869 0.8758414986
584 -8.70823228 0.8694366697
585 -9.135258051 0.8635111036
586 -9.521991257 0.8580179364
587 -9.874266454 0.8529122244
588 -10.1969747 0.8481520557
589 -10.49423131 0.8436990437
590 -10.76951248 0.8395184447
591 -11.02576632 0.8355790576
592 -11.26550312 0.8318530048
593 -11.49086887 0.8283154577
594 -11.70370521 0.8249443434
595 -11.90559862 0.8217200556
596 -12.0979207 0.8186251809
597 -12.28186152 0.8156442474
598 -12.45845718 0.8127634961
599 -12.62861273 0.8099706777
600 -12.7931213 0.8072548708
601 -12.95268017 0.8046063227
602 -13.10790424 0.8020163077
603 -13.25933743 0.7994770043
604 -13.40746237 0.7969813858
605 -13.55270862 0.7945231254
606 -13.69545966 0.7920965127
607 -13.83605894 0.78969638
608 -13.97481502 0.7873180378
609 -14.11200606 0.7849572182
610 -14.24788366 0.7826100249
611 -14.38267618 0.7802728889
612 -14.51659171 0.7779425298
613 -14.64982053 0.7756159211
614 -14.78253743 0.7732902592
615 -14.91490358 0.7709629371
616 -15.04706828 0.7686315191
617 -15.1791705 0.7662937196
618 -15.3113402 0.7639473839
619 -15.44369953 0.76159047
620 -15.57636394 0.7592210336
621 -15.70944308 0.7568372132
622 -15.8430417 0.7544372176
623 -15.97726043 0.752019314
624 -16.11219647 0.7495818168
625 -16.24794428 0.7471230782
626 -16.38459611 0.7446414784
627 -16.52224261 0.7421354177
628 -16.66097332 0.7396033076
629 -16.80087713 0.7370435639
630 -16.94204277 0.7344545993
631 -17.0845592 0.7318348166
632 -17.22851604 0.7291826019
633 -17.37400398 0.7264963184
634 -17.52111512 0.7237743005
635 -17.66994341 0.7210148471
636 -17.82058497 0.718216216
637 -17.97313847 0.7153766183
638 -18.12770555 0.7124942117
639 -18.28439111 0.7095670953
640 -18.44330375 0.7065933033
641 -18.60455615 0.7035707992
642 -18.76826544 0.7004974696
643 -18.93455362 0.6973711182
644 -19.10354798 0.6941894596
645 -19.27538154 0.6909501128
646 -19.45019345 0.6876505951
647 -19.62812953 0.6842883152
648 -19.8093427 0.6808605671
649 -19.99399348 0.6773645232
650 -20.18225055 0.673797228
651 -20.37429123 0.6701555909
652 -20.57030211 0.6664363806
653 -20.77047956 0.6626362179
654 -20.97503036 0.6587515702
655 -21.18417231 0.6547787454
656 -21.39813484 0.6507138871
657 -21.61715966 0.6465529695
658 -21.84150135 0.6422917941
659 -22.07142806 0.637925987
660 -22.30722206 0.6334509974
661 -22.54918039 0.6288620982
662 -22.79761539 0.6241543883
663 -23.05285524 0.6193227978
664 -23.31524439 0.6143620954
665 -23.58514391 0.6092668999
666 -23.86293175 0.6040316959
667 -24.14900282 0.5986508535
668 -24.44376895 0.5931186542
669 -24.74765851 0.5874293231
670 -25.06111594 0.5815770678
671 -25.38460081 0.5755561256
672 -25.71858663 0.5693608194
673 -26.06355916 0.5629856237
674 -26.42001433 0.5564252407
675 -26.78845548 0.5496746873
676 -27.16939014 0.5427293945
677 -27.56332608 0.5355853172
678 -27.9707666 0.5282390566
679 -28.3922052 0.5206879923
680 -28.8281193 0.5129304243
681 -29.27896335 0.5049657223
682 -29.74516108 0.4967944787
683 -30.22709709 0.4884186639
684 -30.72510789 0.4798417759
685 -31.23947244 0.4710689825
686 -31.77040254 0.4621072468
687 -32.31803317 0.4529654314
688 -32.88241318 0.4436543728
689 -33.4634966 0.4341869203
690 -34.06113507 0.4245779312
691 -34.67507155 0.4148442188
692 -35.30493592 0.405004448
693 -35.95024271 0.3950789763
694 -36.61039124 0.3850896423
695 -37.28466839 0.3750595034
696 -37.97225421 0.3650125291
697 -38.67223021 0.3549732593
698 -39.38359028 0.3449664381
699 -40.10525401 0.3350166348
700 -40.83608189 0.3251478677
701 -41.57489208 0.3153832423
702 -42.32047809 0.305744618
703 -43.07162675 0.2962523142
704 -43.82713599 0.2869248641
705 -44.58583178 0.2777788233
706 -45.34658374 0.2688286365
707 -46.108319 0.2600865613
708 -46.87003405 0.2515626491
709 -47.63080422 0.2432647768
710 -48.38979088 0.2351987243
711 -49.1462461 0.22736829
712 -49.89951504 0.2197754369
713 -50.64903609 0.2124204612
714 -51.39433894 0.2053021762
715 -52.13504075 0.198418104
716 -52.87084074 0.1917646699
717 -53.60151334 0.185337394
718 -54.32690005 0.1791310754
719 -55.04690044 0.1731399673
720 -55.76146222 0.1673579382
721 -56.4705708 0.1617786207
722 -57.17423836 0.1563955434
723 -57.87249274 0.1512022479
724 -58.56536624 0.1461923892
725 -59.25288468 0.1413598196
726 -59.93505668 0.1366986568
727 -60.61186371 0.1322033351
728 -61.28325085 0.1278686424
729 -61.9491187 0.1236897407
730 -62.60931657 0.1196621741
731 -63.26363718 0.115781862
732 -63.9118132 0.1120450818
733 -64.55351552 0.1084484403
734 -65.18835362 0.1049888369
735 -65.81587792 0.1016634197
736 -66.43558411 0.09846953773
737 -67.04691935 0.0954046897
738 -67.64929011 0.09246647356
739 -68.24207145 0.08965253723
740 -68.82461739 0.08696053328
741 -69.39627198 0.08438807875
742 -69.95638073 0.08193272138
743 -70.50430202 0.07959191305
744 -71.03941808 0.07736299078
745 -71.56114525 0.07524316533
746 -72.06894326 0.07322951694
747 -72.56232325 0.07131899766
748 -73.0408544 0.06950843936
749 -73.50416907 0.06779456646
750 -73.95196648 0.06617401227
