0 -44.51701466 0.2785972653
1 -45.27658808 0.2696409606
2 -46.03724382 0.2608910972
3 -46.79797337 0.2523579183
4 -47.55784597 0.244049496
5 -48.31601598 0.235971804
6 -49.07172777 0.2281288288
7 -49.82431839 0.2205227123
8 -50.57321789 0.2131539178
9 -51.31794761 0.2060214108
10 -52.05811665 0.1991228503
11 -52.79341658 0.1924547814
12 -53.52361476 0.1860128267
13 -54.24854646 0.1797918706
14 -54.96810594 0.1737862342
15 -55.68223668 0.1679898382
16 -56.39092103 0.1623963514
17 -57.09416942 0.1569993248
18 -57.79200929 0.1517923095
19 -58.48447396 0.1467689583
20 -59.17159166 0.1419231117
21 -59.85337488 0.1372488672
22 -60.5298103 0.1327406327
23 -61.20084951 0.1283931647
24 -61.86640076 0.1242015915
25 -62.52632202 0.120161422
26 -63.18041547 0.1162685415
27 -63.82842376 0.1125191951
28 -64.47002804 0.1089099617
29 -65.10484806 0.1054377173
30 -65.7324442 0.1020995931
31 -66.35232146 0.09889292767
32 -66.96393542 0.09581521656
33 -67.56669982 0.09286406179
34 -68.15999558 0.09003712241
35 -68.74318099 0.08733206862
36 -69.31560267 0.08474654088
37 -69.87660694 0.0822781152
38 -70.42555116 0.07992427554
39 -70.96181481 0.07768239365
40 -71.48480984 0.07554971648
41 -71.99399003 0.0735233609
42 -72.48885925 0.07160031495
43 -72.96897826 0.06977744498
44 -73.43397007 0.06805150763
45 -73.88352386 0.06641916555
46 -74.31739731 0.06487700596
47 -74.73541763 0.06342156084
48 -75.13748116 0.06204932804
49 -75.52355189 0.06075679234
50 -75.89365892 0.05954044587
51 -76.24789304 0.05839680742
52 -76.58640271 0.05732244011
53 -76.90938944 0.05631396726
54 -77.21710287 0.05536808631
55 -77.50983561 0.05448158066
56 -77.78791799 0.05365132948
57 -78.05171282 0.05287431557
58 -78.30161036 0.05214763138
59 -78.53802333 0.05146848336
60 -78.76138231 0.05083419473
61 -78.97213138 0.05024220692
62 -79.17072405 0.04969007985
63 -79.35761964 0.04917549114
64 -79.5332799 0.04869623455
65 -79.69816606 0.04825021759
66 -79.85273619 0.0478354587
67 -79.99744293 0.04745008385
68 -80.13273151 0.04709232289
69 -80.25903805 0.0467605056
70 -80.37678823 0.04645305761
71 -80.48639606 0.04616849615
72 -80.58826306 0.04590542584
73 -80.6827775 0.04566253442
74 -80.77031391 0.04543858858
75 -80.85123276 0.04523242982
76 -80.9258802 0.0450429704
77 -80.99458803 0.0448691895
78 -81.05767375 0.04471012938
79 -81.11544064 0.04456489183
80 -81.16817799 0.04443263461
81 -81.21616139 0.04431256823
82 -81.25965302 0.04420395272
83 -81.29890205 0.04410609465
84 -81.33414501 0.04401834429
85 -81.36560624 0.04394009291
86 -81.39349833 0.04387077022
87 -81.41802256 0.04380984198
88 -81.43936938 0.04375680776
89 -81.45771885 0.04371119875
90 -81.47324114 0.04367257579
91 -81.48609695 0.04364052749
92 -81.49643798 0.04361466845
93 -81.50440736 0.0435946376
94 -81.51014008 0.04358009665
95 -81.51376341 0.04357072862
96 -81.5153973 0.04356623649
97 -81.51515476 0.04356634191
98 -81.51314225 0.04357078402
99 -81.50946 0.04357931828
100 -81.50420239 0.04359171549
101 -81.49745827 0.04360776077
102 -81.48931125 0.04362725266
103 -81.47983999 0.04365000223
104 -81.46911854 0.04367583233
105 -81.45721652 0.04370457681
106 -81.44419944 0.04373607983
107 -81.4301289 0.04377019521
108 -81.41506277 0.04380678601
109 -81.39905469 0.04384572527
110 -81.38214816 0.04388690783
111 -81.3643211 0.04393036243
112 -81.34497942 0.04397727566
113 -81.31835101 0.04403931974
114 -81.23160852 0.04422373685
115 -80.60442363 0.04552313017
116 -75.09078058 0.05836486277
117 -27.43567321 0.3357573686
118 37.60854722 0.9991890382
119 38.48187229 0.9999415404
120 37.10399857 0.9999262691
121 34.72568335 0.9998868432
122 31.58084781 0.9997990609
123 27.98663274 0.9996117174
124 24.23589976 0.9992298655
125 20.53241839 0.9984957255
126 16.99886087 0.9971781056
127 13.70476951 0.9949860998
128 10.68809312 0.9916200348
129 7.966636462 0.9868540627
130 5.543222638 0.9806177741
131 3.408553742 0.9730335429
132 1.543971138 0.964388753
133 -0.07537197278 0.9550606801
134 -1.477324106 0.9454330869
135 -2.690076648 0.9358356852
136 -3.740316556 0.926516195
137 -4.652179651 0.9176385316
138 -5.446827329 0.909295464
139 -6.142432555 0.9015260868
140 -6.754394961 0.8943324742
141 -7.295659216 0.8876931812
142 -7.777059637 0.8815731909
143 -8.207649329 0.8759307696
144 -8.594994641 0.8707219412
145 -8.945428773 0.8659032554
146 -9.264265203 0.8614333915
147 -9.555974822 0.857273997
148 -9.824331721 0.853390041
149 -10.07253268 0.84974987
150 -10.30329489 0.8463250904
151 -10.51893599 0.8430903573
152 -10.72143955 0.8400231196
153 -10.91250891 0.8371033521
154 -11.09361151 0.8343132917
155 -11.26601551 0.8316371889
156 -11.43082019 0.8290610783
157 -11.58898116 0.8265725712
158 -11.74133155 0.8241606687
159 -11.88859961 0.8218155964
160 -12.03142369 0.8195286577
161 -12.17036474 0.8172921039
162 -12.30591699 0.8150990208
163 -12.43851698 0.8129432283
164 -12.56855128 0.8108191923
165 -12.69636308 0.8087219479
166 -12.82225788 0.8066470314
167 -12.94650831 0.8045904205
168 -13.06935835 0.8025484821
169 -13.19102696 0.8005179263
170 -13.31171121 0.7984957656
171 -13.43158905 0.7964792791
172 -13.55082166 0.794465981
173 -13.66955552 0.7924535925
174 -13.78792427 0.7904400169
175 -13.90605029 0.7884233181
176 -14.02404606 0.7864017004
177 -14.14201548 0.7843734914
178 -14.26005491 0.7823371268
179 -14.37825415 0.7802911359
180 -14.49669729 0.7782341295
181 -14.61546351 0.7761647886
182 -14.73462774 0.7740818546
183 -14.85426129 0.7719841194
184 -14.97443237 0.769870418
185 -15.09520666 0.7677396204
186 -15.21664769 0.7655906248
187 -15.33881731 0.7634223511
188 -15.46177601 0.7612337354
189 -15.58558336 0.7590237241
190 -15.71029825 0.756791269
191 -15.83597922 0.7545353225
192 -15.96268478 0.7522548328
193 -16.09047361 0.74994874
194 -16.2194049 0.7476159715
195 -16.34953854 0.7452554382
196 -16.48093534 0.7428660306
197 -16.61365736 0.7404466148
198 -16.74776802 0.7379960287
199 -16.88333241 0.7355130785
200 -17.02041751 0.7329965347
201 -17.15909236 0.7304451284
202 -17.29942836 0.7278575475
203 -17.44149947 0.7252324327
204 -17.58538246 0.7225683736
205 -17.73115715 0.7198639049
206 -17.87890668 0.7171175018
207 -18.02871776 0.7143275762
208 -18.18068096 0.7114924719
209 -18.33489097 0.7086104603
210 -18.49144696 0.7056797357
211 -18.65045281 0.7026984101
212 -18.81201752 0.6996645089
213 -18.97625552 0.6965759648
214 -19.14328703 0.6934306131
215 -19.31323845 0.6902261859
216 -19.48624279 0.6869603064
217 -19.66244004 0.6836304833
218 -19.84197767 0.6802341044
219 -20.02501105 0.6767684311
220 -20.21170398 0.6732305917
221 -20.40222917 0.6696175758
222 -20.59676878 0.665926228
223 -20.79551498 0.6621532419
224 -20.99867051 0.6582951545
225 -21.20644928 0.6543483405
226 -21.41907696 0.6503090078
227 -21.6367916 0.646173193
228 -21.85984424 0.6419367577
229 -22.08849955 0.6375953864
230 -22.32303637 0.6331445851
231 -22.5637484 0.6285796819
232 -22.81094465 0.6238958297
233 -23.06494999 0.6190880108
234 -23.32610561 0.614151045
235 -23.59476931 0.6090796007
236 -23.8713158 0.6038682102
237 -24.15613676 0.5985112897
238 -24.44964077 0.5930031648
239 -24.75225301 0.5873381021
240 -25.06441474 0.5815103477
241 -25.3865824 0.5755141741
242 -25.71922641 0.5693439355
243 -26.06282955 0.5629941324
244 -26.41788486 0.5564594877
245 -26.78489298 0.5497350323
246 -27.16435893 0.5428162031
247 -27.55678819 0.5356989525
248 -27.96268213 0.5283798689
249 -28.38253265 0.5208563078
250 -28.81681607 0.5131265328
251 -29.26598622 0.5051898634
252 -29.73046682 0.4970468275
253 -30.21064317 0.4886993154
254 -30.70685319 0.4801507295
255 -31.21937811 0.471406126
256 -31.74843285 0.4624723414
257 -32.29415644 0.4533580971
258 -32.85660268 0.4440740759
259 -33.43573154 0.434632963
260 -34.03140137 0.4250494443
261 -34.64336273 0.415340158
262 -35.27125376 0.4055235939
263 -35.91459778 0.3956199398
264 -36.57280328 0.385650874
265 -37.24516647 0.375639308
266 -37.93087666 0.3656090843
267 -38.62902431 0.3555846391
268 -39.33861175 0.3455906384
269 -40.0585662 0.3356516026
270 -40.78775484 0.3257915309
271 -41.52500138 0.3160335401
272 -42.26910357 0.3063995304
273 -43.01885112 0.2969098892
274 -43.77304346 0.2875832429
275 -44.53050661 0.2784362615
276 -45.2901089 0.269483521
277 -46.05077494 0.2607374234
278 -46.81149753 0.252208173
279 -47.57134738 0.2439038039
280 -48.32948038 0.2358302531
281 -49.08514256 0.2279914731
282 -49.83767261 0.2203895745
283 -50.58650224 0.2130249922
284 -51.33115438 0.2058966669
285 -52.07123965 0.1990022361
286 -52.80645101 0.1923382267
287 -53.53655713 0.1859002467
288 -54.2613944 0.1796831688
289 -54.98085803 0.1736813058
290 -55.6948923 0.1678885724
291 -56.40348015 0.1622986345
292 -57.10663241 0.1569050419
293 -57.80437671 0.1517013466
294 -58.49674639 0.1466812042
295 -59.18376948 0.1418384591
296 -59.8654581 0.1371672139
297 -60.54179839 0.1326618825
298 -61.21274123 0.1283172279
299 -61.87819404 0.1241283849
300 -62.53801382 0.1200908693
301 -63.19200173 0.1162005729
302 -63.83989933 0.1124537473
303 -64.48138668 0.1088469766
304 -65.11608245 0.105377142
305 -65.74354598 0.1020413787
306 -66.36328133 0.0988370285
307 -66.97474328 0.09576158934
308 -67.57734489 0.09281266464
309 -68.17046659 0.08998791403
310 -68.75346636 0.08728500753
311 -69.32569072 0.08470158471
312 -69.88648609 0.08223522017
313 -70.43521011 0.079883396
314 -70.97124277 0.07764348181
315 -71.49399667 0.07551272227
316 -72.00292644 0.0734882319
317 -72.49753688 0.07156699649
318 -72.97738983 0.06974588033
319 -73.44210944 0.06802163821
320 -73.8913861 0.06639093127
321 -74.32497873 0.06485034555
322 -74.74271577 0.06339641225
323 -75.14449478 0.06202562879
324 -75.53028094 0.06073447989
325 -75.90010447 0.059519458
326 -76.25405724 0.05837708253
327 -76.5922887 0.05730391754
328 -76.91500124 0.05629658755
329 -77.22244534 0.05535179144
330 -77.51491429 0.05446631422
331 -77.79273907 0.05363703685
332 -78.05628303 0.05286094401
333 -78.30593685 0.05213513018
334 -78.54211362 0.05145680383
335 -78.76524421 0.05082329029
336 -78.97577288 0.05023203311
337 -79.17415329 0.04968059429
338 -79.36084483 0.04916665356
339 -79.53630926 0.0486880067
340 -79.70100777 0.04824256325
341 -79.85539837 0.04782834356
342 -79.99993357 0.0474434755
343 -80.13505846 0.04708619075
344 -80.26120899 0.04675482081
345 -80.37881062 0.04644779298
346 -80.48827717 0.04616362608
347 -80.59000992 0.04590092626
348 -80.6843969 0.0456583827
349 -80.77181239 0.04543476344
350 -80.85261661 0.04522891129
351 -80.92715544 0.04503973974
352 -80.99576046 0.04486622911
353 -81.05874888 0.04470742276
354 -81.11642374 0.0445624235
355 -81.16907409 0.04443039007
356 -81.21697527 0.04431053388
357 -81.26038923 0.04420211581
358 -81.29956491 0.04410444324
359 -81.33473862 0.0440168672
360 -81.36613449 0.04393877964
361 -81.3939649 0.04386961096
362 -81.41843093 0.04380882754
363 -81.43972285 0.04375592951
364 -81.45802053 0.04371044862
365 -81.47349398 0.04367194622
366 -81.48630372 0.04364001139
367 -81.4966013 0.04361425919
368 -81.50452971 0.04359432896
369 -81.51022378 0.04357988281
370 -81.51381067 0.04357060411
371 -81.51541019 0.04356619621
372 -81.51513524 0.04356638106
373 -81.51309214 0.04357089809
374 -81.50938105 0.04357950308
375 -81.50409622 0.04359196706
376 -81.49732641 0.04360807542
377 -81.48915514 0.0436276269
378 -81.479661 0.04365043282
379 -81.46891794 0.04367631621
380 -81.45699551 0.04370511112
381 -81.44395915 0.04373666189
382 -81.4298704 0.0437708225
383 -81.41478706 0.04380745616
384 -81.39876269 0.04384643607
385 -81.38184077 0.04388765722
386 -81.36399905 0.04393114863
387 -81.34464268 0.0439780985
388 -81.31799285 0.04404019283
389 -81.23116092 0.04422480032
390 -80.60325548 0.04552572643
391 -75.08313826 0.05838481104
392 -27.37723225 0.336334579
393 37.6109642 0.999192638
394 38.48149407 0.999941538
395 37.1030594 0.9999262568
396 34.7243425 0.9998868155
397 31.57928667 0.9997990031
398 27.98504072 0.9996116033
399 24.23441359 0.9992296551
400 20.53111513 0.9984953684
401 16.99777501 0.9971775549
402 13.70390995 0.9949853376
403 10.68745405 0.9916191033
404 7.966203421 0.986853085
405 5.542976143 0.9806169477
406 3.408471975 0.9730331061
407 1.544032096 0.9643889384
408 -0.07518887718 0.9550616769
409 -1.477037081 0.9454350228
410 -2.68970114 0.9358386273
411 -3.739865294 0.9265201617
412 -4.651662932 0.9176435076
413 -5.446253398 0.9093014133
414 -6.141807996 0.9015329629
415 -6.753725044 0.8943402268
416 -7.294948189 0.8877017602
417 -7.776310959 0.8815825487
418 -8.206865853 0.8759408618
419 -8.594178754 0.8707327274
420 -8.944582495 0.8659146988
421 -9.263390274 0.8614454587
422 -9.555072756 0.857286658
423 -9.823403853 0.8534032686
424 -10.0715802 0.8497636396
425 -10.30231887 0.8463393795
426 -10.51793739 0.8431051456
427 -10.72041925 0.8400383887
428 -10.91146771 0.837119085
429 -11.09255015 0.8343294731
430 -11.26493468 0.8316538048
431 -11.42972049 0.829078116
432 -11.58786317 0.8265900189
433 -11.74019577 0.824178516
434 -11.88744654 0.8218338337
435 -12.03025375 0.8195472763
436 -12.16917832 0.8173110961
437 -12.30471445 0.8151183796
438 -12.43729864 0.8129629474
439 -12.56731742 0.8108392664
440 -12.69511395 0.8087423722
441 -12.8209937 0.8066678018
442 -12.94522926 0.8046115335
443 -13.06806458 0.8025699349
444 -13.18971859 0.8005397166
445 -13.31038835 0.7985178917
446 -13.43025176 0.7965017399
447 -13.54946997 0.7944887759
448 -13.66818946 0.7924767213
449 -13.78654382 0.7904634801
450 -13.9046554 0.7884471165
451 -14.02263668 0.7864258354
452 -14.14059151 0.7843979649
453 -14.25861624 0.782361941
454 -14.37680063 0.7803162936
455 -14.49522877 0.778259634
456 -14.61397979 0.7761906436
457 -14.73312861 0.7741080642
458 -14.8527465 0.7720106883
459 -14.97290168 0.7698973513
460 -15.09365976 0.7677669236
461 -15.21508427 0.7656183039
462 -15.33723702 0.7634504127
463 -15.4601785 0.7612621866
464 -15.58396823 0.7590525723
465 -15.70866506 0.7568205224
466 -15.83432754 0.7545649895
467 -15.96101411 0.7522849227
468 -16.08878345 0.7499792624
469 -16.21769469 0.7476469368
470 -16.3478077 0.7452868572
471 -16.47918328 0.7428979149
472 -16.61188341 0.7404789765
473 -16.7459715 0.7380288807
474 -16.8815126 0.7355464345
475 -17.01857363 0.7330304089
476 -17.1572236 0.730479536
477 -17.29753388 0.7278925044
478 -17.43957835 0.7252679557
479 -17.58343376 0.7226044803
480 -17.72917986 0.719900614
481 -17.87689973 0.7171548329
482 -18.02668003 0.7143655498
483 -18.17861127 0.7115311098
484 -18.33278808 0.7086497854
485 -18.48930954 0.705719772
486 -18.64827947 0.7027391831
487 -18.8098068 0.699706045
488 -18.97400586 0.6966182922
489 -19.14099679 0.6934737612
490 -19.31090591 0.6902701857
491 -19.48386612 0.6870051907
492 -19.6600173 0.6836762862
493 -19.83950682 0.6802808622
494 -20.02248994 0.6768161815
495 -20.20913033 0.6732793747
496 -20.39960057 0.6696674333
497 -20.59408269 0.6659772039
498 -20.79276871 0.6622053823
499 -20.99586121 0.6583485076
500 -21.20357396 0.6544029571
501 -21.41613244 0.650364941
502 -21.63377453 0.6462304983
503 -21.8567511 0.6419954929
504 -22.0853266 0.637655612
505 -22.31977969 0.633206364
506 -22.56040385 0.6286430796
507 -22.80750787 0.6239609139
508 -23.0614164 0.6191548518
509 -23.3224704 0.6142197151
510 -23.59102744 0.6091501742
511 -23.86746199 0.6039407634
512 -24.15216549 0.5985859003
513 -24.4455463 0.5930799115
514 -24.74802937 0.5874170642
515 -25.06005573 0.5815916047
516 -25.38208161 0.5755978046
517 -25.71457726 0.5694300166
518 -26.05802531 0.5630827389
519 -26.41291865 0.5565506907
520 -26.77975785 0.5498288979
521 -27.15904788 0.5429127913
522 -27.55129425 0.5357983154
523 -27.95699842 0.5284820488
524 -28.37665245 0.5209613357
525 -28.81073292 0.5132344262
526 -29.25969403 0.505300624
527 -29.72395997 0.4971604394
528 -30.20391661 0.4888157428
529 -30.69990259 0.4802699149
530 -31.2122 0.471527988
531 -31.74102474 0.4625967732
532 -32.28651694 0.4534849653
533 -32.84873166 0.4442032198
534 -33.42763018 0.4347641938
535 -34.02307235 0.425182546
536 -34.63481022 0.4154748879
537 -35.26248351 0.4056596849
538 -35.90561714 0.3957571023
539 -36.56362118 0.3857887995
540 -37.23579336 0.3757776728
541 -37.92132442 0.3657475542
542 -38.61930613 0.3557228738
543 -39.32874194 0.3457282971
544 -40.04856002 0.3357883489
545 -40.77762828 0.3259270381
546 -41.5147709 0.316167496
547 -42.25878588 0.3065316415
548 -43.00846293 0.297039885
549 -43.76260121 0.2877108785
550 -44.52002627 0.27856132
551 -45.27960578 0.2696058151
552 -46.04026346 0.2608567962
553 -46.80099111 0.252324498
554 -47.5608583 0.2440169838
555 -48.31901972 0.2359402194
556 -49.07472012 0.2280981836
557 -49.82729691 0.2204930113
558 -50.57618051 0.2131251594
559 -51.32089262 0.2059935882
560 -52.06104267 0.1990959516
561 -52.79632254 0.1924287908
562 -53.52649989 0.185987725
563 -54.25141024 0.1797676362
564 -54.97094806 0.1737628435
565 -55.68505699 0.1679672663
566 -56.39371955 0.1623745728
567 -57.09694622 0.1569783138
568 -57.79476451 0.1517720405
569 -58.48720773 0.1467494063
570 -59.17430407 0.1419042528
571 -59.85606594 0.1372306783
572 -60.5324799 0.1327230923
573 -61.20349739 0.1283762526
574 -61.86902647 0.1241852891
575 -62.52892489 0.1201457121
576 -63.18299462 0.1162534083
577 -63.83097804 0.1125046245
578 -64.47255608 0.1088959405
579 -65.10734826 0.1054242336
580 -65.7349147 0.1020866359
581 -66.35476021 0.09888048667
582 -66.9663402 0.09580328198
583 -67.56906824 0.09285262419
584 -68.16232515 0.09002617248
585 -68.74546916 0.08732159701
586 -69.31784686 0.08473653807
587 -69.87880458 0.08226857136
588 -70.42769975 0.07991518042
589 -70.96391197 0.07767373654
590 -71.48685333 0.07554148619
591 -71.99597779 0.0735155457
592 -72.49078944 0.07159290263
593 -72.97084926 0.06977042287
594 -73.43578054 0.06804486267
595 -73.88527269 0.06641288434
596 -74.3190837 0.06487107484
597 -74.73704103 0.063415966
598 -75.1390413 0.06204405557
599 -75.52504877 0.06075182831
600 -75.89509276 0.05953577644
601 -76.24926433 0.05839241888
602 -76.58771215 0.05731831897
603 -76.91063793 0.05631010029
604 -77.21829148 0.05536446061
605 -77.51096557 0.05447818369
606 -77.78899067 0.05364814909
607 -78.05272973 0.05287134004
608 -78.30257307 0.05214484943
609 -78.53893352 0.05146588418
610 -78.76224171 0.05083176795
611 -78.97294176 0.05023994266
612 -79.17148723 0.04968796869
613 -79.35833744 0.04917352414
614 -79.53395414 0.0486944032
615 -79.69879855 0.04824851384
616 -79.85332874 0.04783387492
617 -79.99799732 0.04744861284
618 -80.13324947 0.04709095785
619 -80.2595213 0.04675924012
620 -80.37723841 0.04645188564
621 -80.4868148 0.04616741201
622 -80.58865192 0.04590442417
623 -80.68313798 0.04566161019
624 -80.77064748 0.04543773706
625 -80.8515408 0.04523164657
626 -80.92616406 0.04504225126
627 -80.994849 0.04486853054
628 -81.05791304 0.04470952695
629 -81.11565943 0.04456434247
630 -81.1683774 0.04443213511
631 -81.21634248 0.04431211556
632 -81.25981681 0.04420354404
633 -81.29904949 0.0441057273
634 -81.33427702 0.04401801579
635 -81.36572368 0.04393980092
636 -81.39360202 0.04387051256
637 -81.41811328 0.04380961662
638 -81.43944785 0.04375661276
639 -81.45778578 0.04371103232
640 -81.47329717 0.04367243624
641 -81.48614271 0.04364041326
642 -81.49647404 0.04361457805
643 -81.50443428 0.04359456965
644 -81.51015838 0.04358004985
645 -81.51377357 0.04357070176
646 -81.51539979 0.04356622843
647 -81.51515002 0.04356635158
648 -81.51313068 0.04357081041
649 -81.50944199 0.04357936047
650 -81.50417831 0.04359177259
651 -81.49742845 0.04360783196
652 -81.48927601 0.04362733716
653 -81.47979964 0.04365009932
654 -81.46907335 0.04367594133
655 -81.45716677 0.04370469708
656 -81.44414538 0.04373621077
657 -81.43007078 0.04377033627
658 -81.4150008 0.04380693665
659 -81.39898907 0.04384588499
660 -81.38207911 0.04388707619
661 -81.36424877 0.04393053902
662 -81.34490382 0.04397746039
663 -81.31827086 0.04403951522
664 -81.23151058 0.04422397045
665 -80.60418453 0.04552366478
666 -75.08927373 0.05836880083
667 -27.42420335 0.335870615
668 37.60902276 0.9991897463
669 38.48179939 0.9999415399
670 37.10381711 0.9999262668
671 34.72542556 0.9998868379
672 31.58055003 0.9997990499
673 27.98633254 0.9996116959
674 24.23562399 0.9992298264
675 20.53218192 0.9984956605
676 16.99867003 0.9971780083
677 13.70462552 0.994985971
678 10.68799425 0.9916198884
679 7.966579311 0.986853929
680 5.543202883 0.9806176971
681 3.408566699 0.973033573
682 1.544012202 0.9643889372
683 -0.07530701823 0.9550610548
684 -1.477238917 0.9454336752
685 -2.689974272 0.9358364977
686 -3.740199461 0.9265172326
687 -4.652049803 0.9176397889
688 -5.446686278 0.9092969319
689 -6.142281522 0.9015277545
690 -6.754234914 0.8943343305
691 -7.295490926 0.8876952153
692 -7.776883729 0.8815753926
693 -8.207466316 0.8759331297
694 -8.594804953 0.8707244512
695 -8.945232773 0.8659059077
696 -9.264063208 0.8614361792
697 -9.555767108 0.8572769139
698 -9.824118535 0.8533930815
699 -10.07231424 0.8497530291
700 -10.30307141 0.8463283634
701 -10.51870764 0.8430937399
702 -10.7212065 0.8400266081
703 -10.91227132 0.8371069429
704 -11.09336952 0.8343169817
705 -11.26576926 0.8316409751
706 -11.4305698 0.8290649581
707 -11.58872675 0.8265765421
708 -11.74107321 0.8241647286
709 -11.88833745 0.8218197432
710 -12.03115779 0.8195328896
711 -12.17009519 0.8172964193
712 -12.30564385 0.8151034182
713 -12.43824032 0.8129477063
714 -12.56827116 0.8108237499
715 -12.69607956 0.8087265841
716 -12.82197099 0.8066517452
717 -12.94621809 0.8045952113
718 -13.06906483 0.8025533493
719 -13.19073017 0.8005228694
720 -13.31141117 0.7985007843
721 -13.43128577 0.7964843732
722 -13.55051514 0.7944711504
723 -13.66924577 0.7924588371
724 -13.78761128 0.790445337
725 -13.90573404 0.7884287138
726 -14.02372655 0.786407172
727 -14.14169268 0.7843790395
728 -14.2597288 0.7823427518
729 -14.37792468 0.7802968385
730 -14.49636444 0.7782399104
731 -14.61512723 0.7761706488
732 -14.73428798 0.7740877949
733 -14.85391799 0.7719901409
734 -14.97408548 0.7698765219
735 -15.0948561 0.767745808
736 -15.2162934 0.7655968974
737 -15.3384592 0.7634287102
738 -15.46141401 0.7612401827
739 -15.58521738 0.7590302612
740 -15.70992818 0.7567978978
741 -15.83560497 0.7545420448
742 -15.96230623 0.7522616509
743 -16.09009065 0.7499556559
744 -16.21901741 0.7476229877
745 -16.34914637 0.7452625571
746 -16.48053838 0.7428732548
747 -16.61325544 0.740453947
748 -16.74736099 0.7380034719
749 -16.88292012 0.7355206357
750 -17.01999976 0.7330042093
751 -17.15866898 0.7304529237
752 -17.29899916 0.7278654671
753 -17.44106424 0.7252404804
754 -17.58494099 0.7225765535
755 -17.73070921 0.7198722211
756 -17.87845203 0.7171259588
757 -18.02825614 0.7143361787
758 -18.18021211 0.7115012247
759 -18.33441461 0.7086193687
760 -18.49096278 0.705688805
761 -18.6499605 0.7027076462
762 -18.81151675 0.6996739177
763 -18.97574594 0.6965855527
764 -19.14276827 0.6934403867
765 -19.31271012 0.6902361522
766 -19.48570447 0.6869704729
767 -19.6618913 0.6836408577
768 -19.84141804 0.6802446949
769 -20.02444005 0.6767792461
770 -20.21112109 0.6732416404
771 -20.40163385 0.6696288676
772 -20.59616045 0.6659377729
773 -20.79489303 0.6621650502
774 -20.99803431 0.6583072371
775 -21.20579814 0.6543607089
776 -21.41841017 0.6503216741
777 -21.6361084 0.6461861696
778 -21.85914383 0.6419500577
779 -22.08778109 0.6376090235
780 -22.32229898 0.6331585734
781 -22.56299114 0.6285940363
782 -22.81016653 0.6239105655
783 -23.06414998 0.6191031438
784 -23.32528262 0.6141665915
785 -23.59392221 0.6090955775
786 -23.87044339 0.6038846345
787 -24.1552378 0.598528179
788 -24.44871396 0.5930205369
789 -24.75129701 0.5873559748
790 -25.06342814 0.5815287389
791 -25.38556376 0.5755331016
792 -25.71817424 0.5693634166
793 -26.06174234 0.5630141841
794 -26.41676105 0.5564801258
795 -26.78373101 0.5497562717
796 -27.16315722 0.5428380574
797 -27.55554517 0.5357214333
798 -27.96139624 0.5284029856
799 -28.38120239 0.5208800674
800 -28.81543997 0.5131509392
801 -29.26456292 0.5052149168
802 -29.72899505 0.4970725243
803 -30.20912179 0.4887256473
804 -30.70528123 0.4801776834
805 -31.2177548 0.4714336836
806 -31.74675762 0.4625004783
807 -32.29242898 0.4533867832
808 -32.85482298 0.4441032748
809 -33.43389985 0.434662632
810 -34.02951831 0.4250795345
811 -34.64142924 0.4153706146
812 -35.26927114 0.4055543565
813 -35.9125677 0.3956509431
814 -36.57072774 0.3856820482
815 -37.24304784 0.3756705801
816 -37.92871762 0.3656403789
817 -38.62682783 0.3556158794
818 -39.33638106 0.3456217475
819 -40.05630474 0.3356825047
820 -40.78546622 0.3258221523
821 -41.52268931 0.3160638103
822 -42.26677181 0.3064293833
823 -43.01650345 0.2969392639
824 -43.77068357 0.2876120842
825 -44.5281381 0.2784645204
