0 -81.49931105 0.0436034731
1 -81.49195243 0.04362102134
2 -81.48320364 0.04364198849
3 -81.47312733 0.04366621939
4 -81.46177592 0.0436935884
5 -81.44919071 0.04372399723
6 -81.43542608 0.0437573239
7 -81.42049567 0.04379352802
8 -81.4044162 0.04383257737
9 -81.38719566 0.04387445706
10 -81.36882642 0.0439191872
11 -81.34920193 0.04396698887
12 -81.32726733 0.04401999434
13 -81.29301867 0.04409844381
14 -81.15407918 0.04439025164
15 -80.06732499 0.04666407097
16 -70.4161878 0.07156303542
17 7.050660425 0.7084522209
18 38.34048041 0.9998616343
19 38.23720097 0.9999394088
20 36.58334707 0.9999190921
21 33.98315005 0.9998704723
22 30.69292967 0.9997635515
23 27.03512489 0.9995378375
24 23.28198196 0.9990841714
25 19.61407004 0.9982266127
26 16.13776828 0.9967164693
27 12.91287133 0.9942546689
28 9.97138798 0.9905522482
29 7.326943942 0.9854165265
30 4.979034271 0.9788250864
31 2.915719935 0.9709469971
32 1.116487555 0.9621000951
33 -0.4445281295 0.9526701146
34 -1.795453382 0.9430310786
35 -2.964212435 0.9334930025
36 -3.976894892 0.9242815729
37 -4.856887053 0.9155410691
38 -5.624571202 0.907348959
39 -6.297383604 0.8997335098
40 -6.89006456 0.8926897428
41 -7.414988273 0.8861920108
42 -7.882505793 0.8802030942
43 -8.301266087 0.8746803821
44 -8.678500069 0.8695798547
45 -9.020263575 0.8648585111
46 -9.33164102 0.8604757481
47 -9.616914019 0.8563940541
48 -9.879699986 0.8525792729
49 -10.12306567 0.8490006069
50 -10.34962002 0.8456304697
51 -10.56159024 0.8424442609
52 -10.76088409 0.8394201054
53 -10.94914111 0.8365385857
54 -11.12777486 0.8337824814
55 -11.29800784 0.831136525
56 -11.46090045 0.8285871783
57 -11.61737517 0.82612243
58 -11.76823671 0.8237316147
59 -11.91418896 0.821405252
60 -12.05584925 0.8191349048
61 -12.19376039 0.8169130536
62 -12.3284009 0.814732986
63 -12.46019369 0.8125887005
64 -12.58951345 0.8104748206
65 -12.71669304 0.808386521
66 -12.84202892 0.8063194609
67 -12.96578581 0.8042697275
68 -13.08820076 0.8022337842
69 -13.20948665 0.8002084268
70 -13.32983522 0.7981907438
71 -13.44941969 0.7961780817
72 -13.5683971 0.7941680144
73 -13.68691029 0.7921583163
74 -13.80508967 0.7901469377
75 -13.92305477 0.7881319841
76 -14.04091558 0.786111697
77 -14.15877378 0.784084437
78 -14.27672377 0.7820486685
79 -14.39485362 0.7800029466
80 -14.51324593 0.7779459048
81 -14.63197854 0.7758762441
82 -14.7511252 0.7737927231
83 -14.87075622 0.7716941492
84 -14.99093892 0.7695793704
85 -15.11173822 0.7674472681
86 -15.23321698 0.7652967503
87 -15.3554365 0.7631267449
88 -15.47845683 0.7609361948
89 -15.60233713 0.7587240517
90 -15.72713599 0.7564892715
91 -15.85291175 0.7542308096
92 -15.97972271 0.751947616
93 -16.10762751 0.7496386316
94 -16.23668527 0.7473027835
95 -16.3669559 0.7449389813
96 -16.49850032 0.7425461133
97 -16.63138071 0.7401230424
98 -16.76566071 0.7376686025
99 -16.90140565 0.7351815944
100 -17.03868282 0.7326607826
101 -17.17756163 0.7301048909
102 -17.31811392 0.7275125992
103 -17.46041414 0.7248825388
104 -17.60453961 0.722213289
105 -17.75057078 0.7195033727
106 -17.8985915 0.7167512525
107 -18.04868923 0.713955326
108 -18.20095541 0.7111139213
109 -18.35548567 0.7082252929
110 -18.51238021 0.7052876161
111 -18.67174407 0.7022989828
112 -18.83368746 0.6992573956
113 -18.9983262 0.6961607632
114 -19.16578198 0.6930068942
115 -19.33618284 0.6897934919
116 -19.50966356 0.6865181481
117 -19.68636608 0.6831783373
118 -19.86643998 0.6797714104
119 -20.05004295 0.6762945882
120 -20.2373413 0.6727449558
121 -20.4285105 0.6691194551
122 -20.62373571 0.6654148795
123 -20.82321236 0.6616278669
124 -21.02714677 0.6577548943
125 -21.23575671 0.6537922713
126 -21.44927209 0.6497361358
127 -21.66793555 0.6455824485
128 -21.89200312 0.6413269899
129 -22.1217449 0.6369653568
130 -22.35744564 0.6324929616
131 -22.59940538 0.6279050324
132 -22.84794004 0.6231966152
133 -23.10338194 0.6183625792
134 -23.36608029 0.6133976243
135 -23.63640151 0.6082962929
136 -23.91472953 0.6030529855
137 -24.20146589 0.5976619816
138 -24.49702963 0.5921174656
139 -24.80185703 0.5864135604
140 -25.11640097 0.5805443673
141 -25.44113008 0.574504015
142 -25.77652743 0.5682867178
143 -26.12308879 0.5618868434
144 -26.4813204 0.5552989929
145 -26.85173615 0.5485180912
146 -27.23485415 0.5415394905
147 -27.63119257 0.5343590853
148 -28.04126472 0.5269734399
149 -28.46557336 0.5193799268
150 -28.90460419 0.5115768753
151 -29.35881851 0.5035637266
152 -29.82864511 0.4953411948
153 -30.31447141 0.4869114266
154 -30.81663406 0.4782781583
155 -31.3354091 0.4694468612
156 -31.87100185 0.4604248707
157 -32.42353697 0.4512214904
158 -32.99304883 0.4418480656
159 -33.57947267 0.4323180167
160 -34.18263693 0.4226468273
161 -34.80225711 0.4128519807
162 -35.43793164 0.4029528411
163 -36.08914003 0.392970479
164 -36.75524361 0.3829274395
165 -37.43548916 0.372847461
166 -38.12901532 0.3627551475
167 -38.83486197 0.3526756083
168 -39.55198217 0.3426340736
169 -40.2792565 0.332655502
170 -41.01550931 0.322764193
171 -41.75952637 0.3129834197
172 -42.51007322 0.3033350937
173 -43.26591381 0.2938394739
174 -44.02582853 0.2845149285
175 -44.78863137 0.2753777537
176 -45.5531854 0.2664420541
177 -46.31841646 0.2577196823
178 -47.08332446 0.249220236
179 -47.84699247 0.2409511064
180 -48.60859307 0.2329175714
181 -49.36739243 0.2251229258
182 -50.12275188 0.2175686403
183 -50.87412725 0.210254541
184 -51.62106616 0.2031790022
185 -52.36320355 0.1963391447
186 -53.10025549 0.1897310351
187 -53.83201175 0.18334988
188 -54.55832712 0.1771902116
189 -55.2791119 0.1712460623
190 -55.99432161 0.1655111248
191 -56.7039462 0.1599788978
192 -57.40799896 0.154642815
193 -58.10650526 0.1494963575
194 -58.79949137 0.1445331497
195 -59.48697359 0.1397470385
196 -60.16894782 0.1351321549
197 -60.8453799 0.1306829612
198 -61.51619687 0.1263942809
199 -62.18127939 0.1222613152
200 -62.84045571 0.1182796448
201 -63.49349703 0.1144452193
202 -64.14011489 0.1107543355
203 -64.77996026 0.1072036055
204 -65.41262477 0.1037899181
205 -66.0376438 0.100510393
206 -66.65450156 0.09736233266
207 -67.26263785 0.09434317194
208 -67.86145638 0.09145042879
209 -68.45033436 0.08868165732
210 -69.02863297 0.08603440522
211 -69.59570837 0.08350617686
212 -70.15092296 0.08109440294
213 -70.69365637 0.07879641745
214 -71.22331598 0.076609442
215 -71.73934661 0.07453057743
216 -72.24123905 0.07255680221
217 -72.72853743 0.07068497694
218 -73.20084512 0.06891185389
219 -73.65782919 0.0672340909
220 -74.09922341 0.0656482682
221 -74.52482978 0.06415090753
222 -74.93451881 0.0627384923
223 -75.3282285 0.0614074882
224 -75.7059623 0.06015436343
225 -76.06778613 0.05897560794
226 -76.41382469 0.05786775137
227 -76.74425712 0.05682737929
228 -77.05931236 0.05585114751
229 -77.35926409 0.05493579452
230 -77.64442563 0.05407815178
231 -77.91514478 0.05327515223
232 -78.17179875 0.05252383679
233 -78.41478916 0.05182135927
234 -78.64453743 0.05116498961
235 -78.86148027 0.0505521158
236 -79.06606558 0.04998024448
237 -79.25874864 0.04944700059
238 -79.43998867 0.048950126
239 -79.61024573 0.04848747745
240 -79.76997793 0.04805702388
241 -79.91963906 0.04765684321
242 -80.05967645 0.04728511884
243 -80.19052916 0.04694013575
244 -80.31262654 0.04662027649
245 -80.4263869 0.04632401699
246 -80.53221653 0.04604992239
247 -80.63050893 0.04579664269
248 -80.72164417 0.04556290865
249 -80.8059885 0.04534752756
250 -80.88389406 0.04514937921
251 -80.95569878 0.04496741195
252 -81.02172629 0.04480063885
253 -81.08228609 0.04464813404
254 -81.13767362 0.04450902915
255 -81.1881706 0.04438250997
256 -81.23404522 0.04426781322
257 -81.27555257 0.04416422345
258 -81.31293496 0.04407107019
259 -81.34642236 0.04398772513
260 -81.37623283 0.04391359958
261 -81.40257294 0.04384814194
262 -81.42563825 0.04379083544
263 -81.44561376 0.04374119591
264 -81.46267436 0.04369876973
265 -81.47698532 0.04366313192
266 -81.48870267 0.04363388429
267 -81.49797373 0.04361065375
268 -81.50493747 0.04359309072
269 -81.50972495 0.04358086759
270 -81.51245975 0.04357367737
271 -81.51325833 0.04357123234
272 -81.51223042 0.04357326281
273 -81.50947936 0.04357951599
274 -81.50510251 0.04358975488
275 -81.4991915 0.0436037573
276 -81.49180718 0.04362136869
277 -81.48303413 0.04364239554
278 -81.4729349 0.04366668289
279 -81.46156186 0.04369410531
280 -81.44895621 0.0437245647
281 -81.43517227 0.04375793928
282 -81.42022359 0.04379418881
283 -81.40412685 0.04383328124
284 -81.38688996 0.04387520184
285 -81.36850524 0.04391997088
286 -81.34886606 0.0439678096
287 -81.32691734 0.0440208508
288 -81.2926534 0.04409933852
289 -81.15368064 0.04439122476
290 -80.06670992 0.04666555173
291 -70.41358599 0.07157126211
292 7.066079031 0.7086116356
293 38.34072065 0.9998617052
294 38.23714823 0.9999394083
295 36.58325479 0.9999190907
296 33.98307345 0.9998704703
297 30.69292435 0.9997635508
298 27.03523228 0.9995378453
299 23.28222212 0.9990842083
300 19.61444527 0.9982267253
301 16.13826925 0.9967167453
302 12.91348205 0.9942552472
303 9.972089279 0.9905533142
304 7.327716113 0.985418286
305 4.979859117 0.9788277263
306 2.916582178 0.9709506507
307 1.1173755 0.9621048255
308 -0.4436226104 0.9526759206
309 -1.794535343 0.9430379136
310 -2.963284554 0.933500796
311 -3.975958173 0.9242902473
312 -4.855941419 0.9155505507
313 -5.623615952 0.9073591828
314 -6.296417723 0.899744421
315 -6.889086933 0.8927012963
316 -7.413997814 0.8862041698
317 -7.881501511 0.8802158285
318 -8.300247127 0.8746936669
319 -8.677465723 0.8695936689
320 -9.019213277 0.8648728368
321 -9.330574342 0.8604905696
322 -9.615830652 0.8564093574
323 -9.878599726 0.8525950454
324 -10.1219484 0.8490168371
325 -10.34848571 0.8456471468
326 -10.56043891 0.842461375
327 -10.75971581 0.8394376472
328 -10.94795598 0.8365565466
329 -11.12657303 0.8338008531
330 -11.29678946 0.8311553
331 -11.4596657 0.8286063495
332 -11.61612423 0.8261419908
333 -11.76696975 0.8237515589
334 -11.91290616 0.8214255741
335 -12.05455079 0.8191555997
336 -12.19244643 0.8169341166
337 -12.32707159 0.8147544131
338 -12.45884916 0.812610488
339 -12.58815383 0.8104969654
340 -12.71531843 0.8084090204
341 -12.84063941 0.8063423128
342 -12.96438146 0.80429293
343 -13.08678163 0.8022573362
344 -13.20805276 0.8002323275
345 -13.32838657 0.7982149928
346 -13.44795628 0.7962026792
347 -13.56691889 0.7941929609
348 -13.68541722 0.7921836128
349 -13.80358166 0.7901725857
350 -13.92153172 0.7881579855
351 -14.03937737 0.7861380542
352 -14.15722025 0.7841111527
353 -14.27515476 0.782075746
354 -14.39326894 0.7800303896
355 -14.51164536 0.7779737175
356 -14.63036183 0.775904431
357 -14.7494921 0.7738212892
358 -14.86910643 0.7717231
359 -14.98927214 0.769608712
360 -15.11005409 0.7674770069
361 -15.23151515 0.7653268933
362 -15.35371658 0.7631572996
363 -15.47671839 0.7609671691
364 -15.60057972 0.7587554541
365 -15.72535914 0.7565211111
366 -15.85111493 0.7542630959
367 -15.97790541 0.7519803594
368 -16.10578914 0.7496718428
369 -16.23482522 0.7473364739
370 -16.36507353 0.7449731632
371 -16.49659496 0.7425807993
372 -16.62945163 0.740158246
373 -16.76370715 0.7377043379
374 -16.89942681 0.7352178767
375 -17.03667785 0.7326976275
376 -17.17552964 0.7301423152
377 -17.31605397 0.7275506203
378 -17.45832523 0.7249211752
379 -17.60242069 0.7222525602
380 -17.74842075 0.7195432992
381 -17.89640918 0.7167918558
382 -18.04647339 0.7139966288
383 -18.19870475 0.7111559476
384 -18.35319882 0.7082680677
385 -18.51005571 0.705331166
386 -18.66938039 0.7023433355
387 -18.831283 0.6993025806
388 -18.99587923 0.6962068112
389 -19.1632907 0.6930538377
390 -19.33364536 0.6898413651
391 -19.50707785 0.6865669869
392 -19.68373002 0.6832281796
393 -19.86375132 0.6798222958
394 -20.04729931 0.6763465587
395 -20.23454017 0.6727980552
396 -20.42564922 0.6691737297
397 -20.62081147 0.6654703778
398 -20.8202222 0.6616846398
399 -21.02408753 0.6578129952
400 -21.23262509 0.6538517563
401 -21.44606456 0.6497970635
402 -21.66464842 0.6456448804
403 -21.88863248 0.64139099
404 -22.11828661 0.6370309922
405 -22.35389534 0.6325603021
406 -22.59575848 0.6279741505
407 -22.84419171 0.6232675863
408 -23.0995271 0.6184354811
409 -23.36211357 0.6134725375
410 -23.63231732 0.6083733002
411 -23.91052199 0.6031321717
412 -24.19712885 0.5977434331
413 -24.49255669 0.5922012701
414 -24.79724153 0.5864998064
415 -25.111636 0.5806331432
416 -25.43620851 0.5745954084
417 -25.77144191 0.5683808147
418 -26.11783179 0.561983727
419 -26.47588426 0.5553987423
420 -26.84611311 0.54862078
421 -27.22903641 0.5416451851
422 -27.62517237 0.5344678431
423 -28.03503439 0.5270853073
424 -28.45912544 0.5194949371
425 -28.89793153 0.5116950464
426 -29.35191439 0.5036850587
427 -29.82150332 0.4954656676
428 -30.30708646 0.4870389974
429 -30.80900128 0.4784087594
430 -31.32752478 0.469580398
431 -31.86286345 0.4605612195
432 -32.4151432 0.4513604977
433 -32.98439983 0.4419895467
434 -33.57057013 0.4324617557
435 -34.17348418 0.4227925777
436 -34.79285923 0.4129994666
437 -35.42829547 0.4031017596
438 -36.0792742 0.3931205028
439 -36.74515851 0.3830782213
440 -37.42519686 0.3729986374
441 -38.11852946 0.362906345
442 -38.82419759 0.3528264483
443 -39.54115551 0.3427841785
444 -40.26828479 0.3328045009
445 -41.00441051 0.3229117277
446 -41.74831886 0.3131291497
447 -42.49877558 0.303478701
448 -43.2545445 0.2939806675
449 -44.01440565 0.2846534469
450 -44.77717238 0.2755133675
451 -45.54170695 0.2665745674
452 -46.30693414 0.257848933
453 -47.07185272 0.2493460958
454 -47.83554442 0.2410734793
455 -48.59718046 0.2330363923
456 -49.3560256 0.2252381584
457 -50.11143973 0.2176802742
458 -50.86287727 0.2103625893
459 -51.60988451 0.2032834983
460 -52.3520951 0.1964401393
461 -53.08922396 0.1898285934
462 -53.8210598 0.1834440786
463 -54.54745652 0.1772811362
464 -55.26832365 0.1713338047
465 -55.98361611 0.1655957809
466 -56.69332343 0.1600605654
467 -57.39745861 0.1547215921
468 -58.09604693 0.1495723405
469 -58.78911473 0.1446064325
470 -59.47667855 0.1398177109
471 -60.15873467 0.1352003023
472 -60.83524945 0.1307486635
473 -61.50615055 0.1264576127
474 -62.17131943 0.1223223453
475 -62.83058512 0.1183384362
476 -63.48371974 0.1145018298
477 -64.13043572 0.1108088178
478 -64.77038495 0.1072560079
479 -65.40315994 0.103840285
480 -66.02829688 0.1005587659
481 -66.64528072 0.0974087504
482 -67.25355185 0.09438767196
483 -67.85251448 0.09149304762
484 -68.44154614 0.08872243128
485 -69.02000815 0.08607337106
486 -69.58725668 0.08354337224
487 -70.14265395 0.08112986684
488 -70.68557926 0.07883019048
489 -71.21543949 0.07664156656
490 -71.73167882 0.0745610978
491 -72.23378731 0.07258576453
492 -72.72130821 0.07071242906
493 -73.19384398 0.06893784526
494 -73.65106069 0.06725867227
495 -74.09269109 0.0656714914
496 -74.51853615 0.06417282511
497 -74.92846535 0.06275915727
498 -75.32241568 0.06142695372
499 -75.70038962 0.06017268247
500 -76.06245217 0.05899283303
501 -76.40872718 0.05788393433
502 -76.739393 0.05684257099
503 -77.05467785 0.05586539769
504 -77.35485478 0.05494915158
505 -77.64023654 0.05409066269
506 -77.91117046 0.05328686236
507 -78.16803332 0.05253478987
508 -78.41122643 0.05183159728
509 -78.64117094 0.0511745528
510 -78.85830334 0.05056104261
511 -79.06307141 0.04998857158
512 -79.25593033 0.04945476288
513 -79.43733931 0.04895735663
514 -79.60775838 0.04849420786
515 -79.76764573 0.04806328385
516 -79.91745522 0.0476626609
517 -80.05763428 0.04729052085
518 -80.18862212 0.04694514717
519 -80.31084824 0.04662492099
520 -80.42473113 0.04632831687
521 -80.53067726 0.0460538986
522 -80.62908033 0.04580031498
523 -80.72032062 0.04556629556
524 -80.80476458 0.0453506465
525 -80.88276458 0.04515224655
526 -80.95465875 0.04497004304
527 -81.02077094 0.0448030481
528 -81.08141086 0.04465033495
529 -81.13687417 0.0445110344
530 -81.18744277 0.04438433145
531 -81.23338509 0.04426946206
532 -81.27495638 0.04416571009
533 -81.31239915 0.0440724044
534 -81.34594357 0.04398891609
535 -81.37580785 0.04391465587
536 -81.40219874 0.04384907162
537 -81.42531197 0.04379164603
538 -81.44533268 0.04374189448
539 -81.46243593 0.0436993629
540 -81.47678711 0.04366362588
541 -81.4885424 0.04363428485
542 -81.49784925 0.04361096636
543 -81.50484673 0.04359332046
544 -81.50966605 0.04358101926
545 -81.51243088 0.04357375545
546 -81.51325778 0.04357124101
547 -81.51225658 0.04357320602
548 -81.50953073 0.04357939741
549 -81.50517766 0.04358957798
550 -81.4992891 0.04360352532
551 -81.49192596 0.04362108467
552 -81.48317291 0.04364206233
553 -81.47309256 0.04366630316
554 -81.46173735 0.04369368156
555 -81.44914854 0.04372409929
556 -81.43538052 0.04375743439
557 -81.42044689 0.04379364651
558 -81.40436438 0.04383270344
559 -81.38714096 0.04387459033
560 -81.368769 0.04391932732
561 -81.34914192 0.04396713551
562 -81.32720484 0.04402014727
563 -81.2929535 0.04409860345
564 -81.1540083 0.04439042481
565 -80.06721731 0.04666433077
566 -70.41574218 0.07156444599
567 7.053291296 0.708479427
568 38.34052157 0.9998616464
569 38.23719238 0.9999394087
570 36.58333219 0.9999190919
571 33.98313853 0.999870472
572 30.69293117 0.9997635515
573 27.03514654 0.9995378391
574 23.28202717 0.9990841784
575 19.61413913 0.9982266335
576 16.13785954 0.9967165197
577 12.9129819 0.9942547736
578 9.971514454 0.9905524406
579 7.327082821 0.9854168431
580 4.979182332 0.9788255604
581 2.915874479 0.9709476521
582 1.11664652 0.9621009421
583 -0.4443661712 0.9526711533
584 -1.795289311 0.9430323004
585 -2.964046712 0.9334943947
586 -3.976727682 0.9242831216
587 -4.85671833 0.9155427611
588 -5.624400833 0.9073507827
589 -6.297211398 0.8997354554
590 -6.889890312 0.8926918023
591 -7.414811784 0.8861941775
592 -7.882326882 0.8802053629
593 -8.301084597 0.8746827484
594 -8.678315871 0.8695823149
595 -9.020076565 0.864861062
596 -9.331451119 0.8604783869
597 -9.616721169 0.8563967783
598 -9.879504149 0.8525820804
599 -10.12286682 0.8490034956
600 -10.34941816 0.8456334377
601 -10.56138537 0.8424473064
602 -10.76067621 0.8394232268
603 -10.94893025 0.8365417815
604 -11.12756104 0.8337857501
605 -11.29779108 0.8311398654
606 -11.46068079 0.828590589
607 -11.61715263 0.8261259099
608 -11.76801133 0.8237351627
609 -11.91396077 0.8214088671
610 -12.05561828 0.8191385862
611 -12.19352667 0.8169168003
612 -12.32816446 0.8147367974
613 -12.45995454 0.8125925759
614 -12.58927162 0.8104787595
615 -12.71644855 0.8083905229
616 -12.84178178 0.8063235254
617 -12.96553604 0.8042738543
618 -13.08794836 0.8022379731
619 -13.20923163 0.8002126777
620 -13.32957758 0.7981950566
621 -13.44915942 0.7961824564
622 -13.5681342 0.7941724511
623 -13.68664476 0.7921628151
624 -13.80482149 0.790151499
625 -13.92278391 0.7881366082
626 -14.04064203 0.7861163844
627 -14.15849751 0.784089188
628 -14.27644475 0.7820534838
629 -14.39457182 0.7800078268
630 -14.51296131 0.7779508507
631 -14.63169105 0.7758812565
632 -14.75083481 0.7737978028
633 -14.87046286 0.7716992972
634 -14.99064255 0.7695845878
635 -15.11143876 0.7674525561
636 -15.23291438 0.76530211
637 -15.35513069 0.7631321778
638 -15.47814773 0.7609417022
639 -15.60202467 0.7587296351
640 -15.72682008 0.7564949325
641 -15.85259229 0.7542365499
642 -15.97939962 0.7519534375
643 -16.10730068 0.7496445361
644 -16.23635459 0.747308773
645 -16.36662126 0.7449450581
646 -16.49816161 0.7425522796
647 -16.63103779 0.7401293006
648 -16.76531344 0.7376749549
649 -16.9010539 0.7351880439
650 -17.03832643 0.7326673319
651 -17.17720045 0.7301115431
652 -17.31774778 0.7275193572
653 -17.46004287 0.7248894059
654 -17.60416302 0.7222202687
655 -17.75018868 0.7195104687
656 -17.89820367 0.7167584685
657 -18.04829546 0.7139626659
658 -18.20055546 0.7111213896
659 -18.35507932 0.7082328938
660 -18.51196719 0.7052953544
661 -18.6713241 0.7023068634
662 -18.83326027 0.6992654237
663 -18.99789147 0.6961689442
664 -19.1653394 0.6930152339
665 -19.33573208 0.6898019963
666 -19.50920426 0.6865268235
667 -19.68589786 0.6831871905
668 -19.86596245 0.6797804482
669 -20.04955568 0.6763038183
670 -20.23684386 0.6727543857
671 -20.42800241 0.669129093
672 -20.62321648 0.665424734
673 -20.82268147 0.661637947
674 -21.02660365 0.6577652093
675 -21.23520079 0.6538028312
676 -21.44870274 0.6497469509
677 -21.66735211 0.6455935297
678 -21.89140492 0.6413383484
679 -22.1211312 0.6369770044
680 -22.35681567 0.6325049106
681 -22.59875834 0.6279172956
682 -22.84727507 0.6232092059
683 -23.10269816 0.618375511
684 -23.36537674 0.6134109113
685 -23.63567721 0.6083099497
686 -23.91398345 0.6030670271
687 -24.20069694 0.597676423
688 -24.49623669 0.5921323223
689 -24.80103891 0.5864288479
690 -25.11555648 0.5805601011
691 -25.44025796 0.5745202104
692 -25.77562639 0.5683033898
693 -26.1221575 0.5619040066
694 -26.48035752 0.5553166611
695 -26.85074031 0.5485362773
696 -27.233824 0.541558206
697 -27.63012673 0.53437834
698 -28.04016185 0.5269932419
699 -28.46443216 0.5194002818
700 -28.90342341 0.5115977862
701 -29.35759698 0.5035851933
702 -29.82738174 0.4953632133
703 -30.31316523 0.4869339893
704 -30.81528428 0.4783012531
705 -31.33401506 0.4694704712
706 -31.86956312 0.4604489738
707 -32.42205333 0.4512460594
708 -32.99152032 0.4418730678
709 -33.57789959 0.4323434139
710 -34.18101988 0.422672576
711 -34.80059699 0.412878032
712 -35.43622966 0.4029791417
713 -36.08739772 0.3929969711
714 -36.7534628 0.382954062
715 -37.43367197 0.3728741498
716 -38.12716417 0.3627818369
717 -38.8329795 0.3527022318
718 -39.55007123 0.3426605647
719 -40.27732012 0.3326817955
720 -41.01355065 0.322790226
721 -41.75754866 0.3130091323
722 -42.50807973 0.3033604301
723 -43.26390777 0.2938643831
724 -44.02381312 0.2845393646
725 -44.78660966 0.2754016765
726 -45.55116031 0.2664654293
727 -46.31639071 0.2577424815
728 -47.0813006 0.2492424368
729 -47.84497279 0.2409726921
730 -48.60657963 0.2329385306
731 -49.36538704 0.2251432522
732 -50.1207561 0.2175883323
733 -50.87214238 0.210273601
734 -51.61909329 0.2031974361
735 -52.36124352 0.1963569615
736 -53.09830896 0.1897482464
737 -53.83007917 0.1833664993
738 -54.5564088 0.177206254
739 -55.27720801 0.1712615441
740 -55.99243222 0.1655260629
741 -56.7020713 0.1599933094
742 -57.40613849 0.1546567173
743 -58.10465914 0.1495097676
744 -58.79765955 0.1445460841
745 -59.48515606 0.139759513
746 -60.16714462 0.1351441846
747 -60.84359117 0.1306945601
748 -61.51442286 0.1264054622
749 -62.1795205 0.1222720909
750 -62.83871246 0.1182900261
751 -63.49177013 0.1144552163
752 -64.13840517 0.1107639574
753 -64.77826874 0.1072128609
754 -65.41095262 0.1037988148
755 -66.03599233 0.1005189382
756 -66.65287221 0.09737053329
757 -67.26103217 0.09435103455
758 -67.859876 0.0914579598
759 -68.44878098 0.08868886311
760 -69.0271083 0.08604129225
761 -69.59421413 0.08351275174
762 -70.14946084 0.08110067253
763 -70.692228 0.07880238889
764 -71.22192291 0.07661512274
765 -71.73799026 0.07453597525
766 -72.23992073 0.07256192522
767 -72.72725829 0.07068983356
768 -73.19960614 0.06891645282
769 -73.65663119 0.06723844106
770 -74.09806701 0.06565237871
771 -74.52371544 0.06415478763
772 -74.9334468 0.06274215132
773 -75.32719892 0.0614109355
774 -75.70497506 0.06015760833
775 -76.066841 0.05897865969
776 -76.41292126 0.05787061909
777 -76.74339488 0.05683007194
778 -77.05849063 0.05585367385
779 -77.35848211 0.05493816307
780 -77.64368253 0.05408037082
781 -77.91443961 0.05327722975
782 -78.17113047 0.0525257805
783 -78.41415669 0.05182317657
784 -78.64393964 0.05116668759
785 -78.86091598 0.05055370123
786 -79.0655336 0.04998172384
787 -79.25824775 0.04944838003
788 -79.43951766 0.04895141136
789 -79.60980338 0.04848867429
790 -79.76956303 0.04805813744
791 -79.91925041 0.04765787847
792 -80.05931287 0.04728608049
793 -80.19018952 0.04694102822
794 -80.31230969 0.04662110396
795 -80.42609175 0.04632478341
796 -80.53194202 0.04605063144
797 -80.63025403 0.04579729787
798 -80.72140788 0.04556351324
799 -80.80576988 0.04534808463
800 -80.88369219 0.04514989166
801 -80.95551277 0.04496788249
802 -81.0215553 0.04480107003
803 -81.08212931 0.04464852824
804 -81.13753029 0.04450938862
805 -81.18803998 0.04438283681
806 -81.23392662 0.0442681094
807 -81.27544533 0.04416449082
808 -81.31283844 0.04407131048
809 -81.34633598 0.04398793997
810 -81.37615601 0.04391379048
811 -81.40250514 0.04384831034
812 -81.42557897 0.04379098266
813 -81.44556252 0.04374132321
814 -81.46263071 0.04369887828
815 -81.47694881 0.04366322282
816 -81.48867292 0.04363395857
817 -81.49795035 0.04361071238
818 -81.50492009 0.04359313459
819 -81.50971325 0.04358089756
820 -81.51245339 0.04357369424
821 -81.51325702 0.04357123685
822 -81.51223386 0.04357325566
823 -81.5094873 0.04357949782
824 -81.50511469 0.04358972632
825 -81.49920768 0.04360371892
