0 -81.43689082 0.0437537565
1 -81.42215304 0.04378952636
2 -81.40645528 0.04382768742
3 -81.38984998 0.04386811605
4 -81.37238639 0.04391069635
5 -81.35411028 0.04395532066
6 -81.33505978 0.04400189786
7 -81.31522604 0.04405043296
8 -81.29419336 0.04410175666
9 -81.26785723 0.04416418733
10 -81.19851634 0.0443144069
11 -80.74248697 0.04526068455
12 -76.7778913 0.05416836588
13 -41.87622171 0.2135730644
14 36.48194897 0.9971443286
15 38.58328874 0.9999419756
16 37.39236712 0.9999299372
17 35.16396186 0.9998954806
18 32.1321204 0.9998183106
19 28.60454422 0.9996531491
20 24.88217396 0.999315015
21 21.18112257 0.9986606144
22 17.63340482 0.9974759691
23 14.31425673 0.9954847854
24 11.26512994 0.9923913278
25 8.506442826 0.9879564571
26 6.043369783 0.9820797727
27 3.868789056 0.9748460527
28 1.965881617 0.9665100098
29 0.311140055 0.957429787
30 -1.122492903 0.9479849248
31 -2.362898086 0.9385118486
32 -3.436805431 0.9292704125
33 -4.368614775 0.920437668
34 -5.179864841 0.9121179919
35 -5.88914444 0.9043595883
36 -6.512261824 0.8971711108
37 -7.06253862 0.8905355526
38 -7.551143867 0.8844206943
39 -7.987420811 0.8787864228
40 -8.379183438 0.8735895784
41 -8.732974212 0.8687870015
42 -9.054282348 0.8643373348
43 -9.34772575 0.8602019974
44 -9.617201221 0.8563456281
45 -9.866007842 0.8527362001
46 -10.09694807 0.8493449398
47 -10.31241055 0.8461461376
48 -10.514438 0.843116905
49 -10.70478306 0.8402369131
50 -10.88495417 0.8374881306
51 -11.05625365 0.8348545746
52 -11.21980911 0.8323220802
53 -11.37659973 0.8298780897
54 -11.52747809 0.8275114636
55 -11.67318854 0.8252123119
56 -11.81438261 0.8229718445
57 -11.95163203 0.8207822393
58 -12.08543976 0.8186365256
59 -12.21624934 0.8165284819
60 -12.34445288 0.8144525462
61 -12.47039786 0.8124037366
62 -12.59439301 0.8103775823
63 -12.7167133 0.8083700626
64 -12.83760427 0.8063775536
65 -12.9572858 0.8043967807
66 -13.07595531 0.8024247774
67 -13.19379061 0.8004588488
68 -13.31095232 0.7984965394
69 -13.42758604 0.7965356044
70 -13.54382416 0.7945739846
71 -13.65978755 0.7926097844
72 -13.77558697 0.7906412514
73 -13.89132432 0.7886667592
74 -14.0070938 0.7866847917
75 -14.12298284 0.7846939289
76 -14.23907304 0.7826928345
77 -14.35544087 0.7806802444
78 -14.47215843 0.7786549572
79 -14.58929403 0.7766158245
80 -14.70691276 0.7745617426
81 -14.825077 0.7724916457
82 -14.94384683 0.7704044982
83 -15.06328052 0.7682992891
84 -15.18343481 0.7661750259
85 -15.30436534 0.7640307293
86 -15.42612691 0.7618654284
87 -15.54877378 0.7596781559
88 -15.67235998 0.757467944
89 -15.79693953 0.7552338198
90 -15.9225667 0.7529748019
91 -16.04929626 0.7506898962
92 -16.17718366 0.7483780925
93 -16.30628528 0.7460383609
94 -16.43665863 0.7436696479
95 -16.56836259 0.7412708738
96 -16.70145756 0.7388409283
97 -16.8360057 0.7363786679
98 -16.97207114 0.7338829117
99 -17.10972019 0.7313524385
100 -17.24902153 0.728785983
101 -17.39004646 0.7261822321
102 -17.53286911 0.7235398214
103 -17.67756668 0.7208573311
104 -17.82421965 0.7181332825
105 -17.97291209 0.7153661334
106 -18.12373188 0.7125542742
107 -18.27677098 0.7096960238
108 -18.43212577 0.7067896243
109 -18.58989726 0.7038332372
110 -18.75019152 0.700824938
111 -18.91311993 0.6977627114
112 -19.07879955 0.6946444459
113 -19.24735352 0.6914679286
114 -19.41891143 0.6882308395
115 -19.59360972 0.684930746
116 -19.77159213 0.6815650969
117 -19.95301015 0.6781312164
118 -20.1380235 0.6746262982
119 -20.32680061 0.6710473995
120 -20.51951914 0.6673914346
121 -20.71636655 0.6636551695
122 -20.91754064 0.6598352156
123 -21.12325011 0.6559280246
124 -21.3337152 0.651929883
125 -21.54916823 0.6478369079
126 -21.76985428 0.6436450431
127 -21.99603177 0.6393500561
128 -22.22797304 0.6349475367
129 -22.46596502 0.6304328965
130 -22.7103097 0.6258013709
131 -22.96132473 0.6210480227
132 -23.21934383 0.6161677492
133 -23.48471721 0.6111552912
134 -23.75781185 0.6060052473
135 -24.03901165 0.6007120912
136 -24.32871742 0.5952701955
137 -24.62734669 0.5896738597
138 -24.93533328 0.5839173467
139 -25.25312656 0.5779949253
140 -25.58119039 0.5719009218
141 -25.92000169 0.565629781
142 -26.27004855 0.5591761368
143 -26.63182779 0.5525348934
144 -27.00584203 0.5457013183
145 -27.39259608 0.5386711465
146 -27.79259263 0.5314406955
147 -28.20632725 0.5240069927
148 -28.63428266 0.516367911
149 -29.0769221 0.5085223143
150 -29.53468212 0.5004702073
151 -30.0079645 0.4922128889
152 -30.49712762 0.4837531042
153 -31.00247732 0.4750951892
154 -31.52425739 0.4662452045
155 -32.06263996 0.4572110491
156 -32.61771613 0.4480025497
157 -33.18948693 0.4386315174
158 -33.77785525 0.4291117647
159 -34.38261893 0.4194590775
160 -35.00346541 0.4096911381
161 -35.63996839 0.399827394
162 -36.29158673 0.3898888742
163 -36.95766588 0.3798979537
164 -37.63744205 0.3698780704
165 -38.33004901 0.3598534028
166 -39.03452774 0.3498485175
167 -39.7498384 0.3398879981
168 -40.47487456 0.3299960691
169 -41.2084791 0.3201962284
170 -41.94946135 0.3105109001
171 -42.69661488 0.3009611226
172 -43.44873534 0.291566278
173 -44.20463774 0.2823438748
174 -44.96317268 0.2733093847
175 -45.72324116 0.2644761378
176 -46.48380731 0.2558552752
177 -47.24390915 0.2474557543
178 -48.00266688 0.2392844027
179 -48.75928888 0.2313460143
180 -49.51307524 0.2236434792
181 -50.26341907 0.2161779401
182 -51.00980566 0.2089489679
183 -51.75180962 0.2019547484
184 -52.48909036 0.1951922752
185 -53.22138596 0.1886575414
186 -53.94850575 0.1823457274
187 -54.67032179 0.1762513799
188 -55.38675942 0.1703685797
189 -56.09778712 0.1646910966
190 -56.80340585 0.1592125294
191 -57.50363801 0.1539264311
192 -58.19851633 0.1488264167
193 -58.88807268 0.1439062567
194 -59.57232729 0.1391599525
195 -60.25127829 0.1345817973
196 -60.92489208 0.1301664198
197 -61.59309454 0.125908814
198 -62.25576349 0.1218043538
199 -62.91272255 0.1178487933
200 -63.56373661 0.1140382559
201 -64.20850913 0.1103692105
202 -64.84668144 0.1068384396
203 -65.4778339 0.1034429983
204 -66.10148928 0.1001801682
205 -66.71711794 0.09704740784
206 -67.32414485 0.09404230087
207 -67.92195819 0.09116250591
208 -68.50991921 0.08840570858
209 -69.08737299 0.08576957813
210 -69.65365983 0.08325172991
211 -70.20812672 0.08084969468
212 -70.7501387 0.07856089546
213 -71.27908956 0.07638263193
214 -71.79441177 0.07431207244
215 -72.29558519 0.07234625289
216 -72.78214451 0.07048208191
217 -73.25368524 0.06871635127
218 -73.7098682 0.06704575058
219 -74.15042247 0.06546688509
220 -74.57514688 0.0639762957
221 -74.98391016 0.06257048006
222 -75.37664984 0.06124591403
223 -75.75337005 0.0599990726
224 -76.11413839 0.05882644998
225 -76.45908207 0.05772457806
226 -76.7883835 0.05669004322
227 -77.10227536 0.05571950109
228 -77.40103552 0.05480968937
229 -77.68498177 0.05395743843
230 -77.95446654 0.05315968
231 -78.20987167 0.05241345397
232 -78.45160346 0.05171591329
233 -78.68008785 0.05106432741
234 -78.8957659 0.0504560842
235 -79.09908966 0.04988869064
236 -79.29051827 0.04935977241
237 -79.47051456 0.04886707254
238 -79.63954186 0.04840844937
239 -79.79806127 0.0479818738
240 -79.94652923 0.04758542608
241 -80.0853954 0.04721729224
242 -80.21510091 0.04687576016
243 -80.33607682 0.04655921554
244 -80.44874291 0.04626613768
245 -80.55350668 0.0459950952
246 -80.65076256 0.04574474177
247 -80.74089135 0.04551381189
248 -80.82425981 0.04530111665
249 -80.90122042 0.04510553972
250 -80.97211122 0.04492603332
251 -81.03725587 0.04476161439
252 -81.09696369 0.04461136092
253 -81.1515299 0.04447440838
254 -81.20123581 0.04434994633
255 -81.24634917 0.04423721518
256 -81.28712453 0.04413550315
257 -81.3238036 0.04404414332
258 -81.35661568 0.04396251086
259 -81.38577813 0.04389002044
260 -81.41149679 0.04382612378
261 -81.43396644 0.04377030727
262 -81.45337131 0.04372208982
263 -81.46988549 0.04368102082
264 -81.48367343 0.04364667814
265 -81.49489038 0.04361866637
266 -81.50368282 0.04359661511
267 -81.51018895 0.04358017731
268 -81.51453902 0.04356902787
269 -81.51685584 0.04356286214
270 -81.51725511 0.04356139468
271 -81.51584579 0.04356435798
272 -81.51273052 0.04357150134
273 -81.50800591 0.04358258975
274 -81.50176293 0.04359740295
275 -81.49408717 0.04361573442
276 -81.48505918 0.04363739055
277 -81.47475473 0.04366218978
278 -81.46324513 0.04368996186
279 -81.45059742 0.04372054711
280 -81.43687468 0.04375379577
281 -81.42213621 0.04378956735
282 -81.4064378 0.04382773004
283 -81.38983189 0.04386816022
284 -81.37236771 0.043910742
285 -81.35409103 0.04395536775
286 -81.33503982 0.04400194666
287 -81.31520389 0.04405048648
288 -81.2941552 0.04410184288
289 -81.26767708 0.04416456192
290 -81.19704638 0.04431740747
291 -80.72927987 0.04528807895
292 -76.65830809 0.05445878932
293 -40.83496872 0.221041477
294 36.61817528 0.9974244857
295 38.57730031 0.9999419811
296 37.37111069 0.9999296738
297 35.13148383 0.9998948633
298 32.09162581 0.9998169587
299 28.55995477 0.9996503036
300 24.83666229 0.9993093138
301 21.13674229 0.9986498739
302 17.5913562 0.9974571194
303 14.27521836 0.9954541568
304 11.22946997 0.9923454014
305 8.474319979 0.9878929152
306 6.014777843 0.9819983801
307 3.843586401 0.9747488818
308 1.94382457 0.9664008986
309 0.2919211523 0.9573133579
310 -1.139208164 0.9478656382
311 -2.377442023 0.9383933918
312 -3.449488832 0.9291554685
313 -4.379716578 0.9203279554
314 -5.18962851 0.9120144394
315 -5.897778567 0.9042625427
316 -6.519943022 0.8970805249
317 -7.069415358 0.8904511333
318 -7.557340498 0.8843420102
319 -7.993041346 0.8787129772
320 -8.384314903 0.8735208564
321 -8.737689527 0.8687224996
322 -9.058642751 0.8642765768
323 -9.351782807 0.8601445432
324 -9.620998484 0.8562910772
325 -9.869582211 0.8526841915
326 -10.10033091 0.8492951502
327 -10.3156286 0.8460982791
328 -10.51751414 0.843070722
329 -10.70773691 0.840192179
330 -10.88780264 0.8374446446
331 -11.05901131 0.8348121593
332 -11.22248859 0.8322805785
333 -11.37921198 0.8298373624
334 -11.53003265 0.8274713873
335 -11.67569373 0.8251727772
336 -11.81684571 0.8229327543
337 -11.95405944 0.820743507
338 -12.0878371 0.8185980742
339 -12.21862157 0.8164902426
340 -12.34680438 0.8144144572
341 -12.47273254 0.8123657425
342 -12.59671434 0.8103396333
343 -12.71902436 0.8083321139
344 -12.83990784 0.8063395643
345 -12.95958437 0.8043587137
346 -13.07825114 0.8023865989
347 -13.19608575 0.800420528
348 -13.31324863 0.7984580476
349 -13.42988521 0.7964969152
350 -13.54612776 0.7945350736
351 -13.66209703 0.7925706286
352 -13.77790367 0.7906018292
353 -13.8936495 0.7886270503
354 -14.00942865 0.7866447767
355 -14.12532848 0.7846535892
356 -14.24143053 0.7826521522
357 -14.35781124 0.7806392024
358 -14.47454267 0.7786135385
359 -14.59169309 0.7765740125
360 -14.70932758 0.7745195211
361 -14.8275085 0.7724489985
362 -14.94629592 0.7703614093
363 -15.06574811 0.7682557423
364 -15.1859218 0.7661310051
365 -15.30687264 0.7639862181
366 -15.42865543 0.7618204102
367 -15.55132445 0.7596326139
368 -15.67493374 0.7574218609
369 -15.79953735 0.755187178
370 -15.92518957 0.7529275833
371 -16.05194518 0.7506420823
372 -16.17985967 0.748329664
373 -16.30898945 0.7459892978
374 -16.43939209 0.7436199299
375 -16.57112647 0.7412204795
376 -16.70425306 0.7387898357
377 -16.83883406 0.7363268538
378 -16.97493366 0.7338303523
379 -17.11261821 0.7312991089
380 -17.25195646 0.7287318572
381 -17.39301977 0.7261272829
382 -17.53588233 0.7234840204
383 -17.68062141 0.7208006488
384 -17.8273176 0.7180756877
385 -17.97605501 0.7153075937
386 -18.12692163 0.7124947556
387 -18.28000952 0.7096354906
388 -18.43541513 0.7067280392
389 -18.59323961 0.703770561
390 -18.75358912 0.7007611296
391 -18.91657516 0.6976977276
392 -19.08231493 0.6945782415
393 -19.25093169 0.691400456
394 -19.42255518 0.688162049
395 -19.597322 0.6848605851
396 -19.77537604 0.6814935107
397 -19.95686897 0.6780581471
398 -20.14196068 0.6745516853
399 -20.33081979 0.6709711793
400 -20.52362418 0.6673135406
401 -20.72056152 0.6635755317
402 -20.92182983 0.6597537607
403 -21.12763805 0.6558446758
404 -21.33820667 0.65184456
405 -21.55376829 0.6477495267
406 -21.77456825 0.6435555159
407 -22.00086527 0.6392582914
408 -22.232932 0.6348534391
409 -22.47105566 0.6303363668
410 -22.7155386 0.6257023063
411 -22.96669879 0.6209463168
412 -23.2248703 0.6160632919
413 -23.4904037 0.6110479693
414 -23.76366632 0.6058949447
415 -24.04504243 0.6005986895
416 -24.3349332 0.5951535742
417 -24.63375651 0.5895538972
418 -24.94194652 0.5837939209
419 -25.25995292 0.5778679147
420 -25.58823987 0.5717702069
