0 -21.20106606 0.6544604803
1 -21.41611243 0.6503749508
2 -21.6362414 0.6461930308
3 -21.86171045 0.6419104786
4 -22.09279069 0.6375228776
5 -22.32976736 0.6330256349
6 -22.57294056 0.628413982
7 -22.82262572 0.6236829775
8 -23.07915414 0.6188275124
9 -23.34287345 0.6138423182
10 -23.61414792 0.6087219784
11 -23.89335872 0.6034609453
12 -24.18090398 0.5980535599
13 -24.47719869 0.5924940792
14 -24.78267437 0.5867767086
15 -25.09777847 0.5808956426
16 -25.42297345 0.5748451126
17 -25.75873551 0.5686194445
18 -26.10555284 0.5622131262
19 -26.46392346 0.555620885
20 -26.83435239 0.5488377767
21 -27.21734834 0.5418592864
22 -27.61341964 0.5346814404
23 -28.02306947 0.52730093
24 -28.4467903 0.5197152458
25 -28.88505766 0.5119228203
26 -29.33832298 0.5039231791
27 -29.80700582 0.4957170941
28 -30.29148529 0.4873067386
29 -30.79209107 0.4786958373
30 -31.30909384 0.4698898056
31 -31.84269565 0.4608958738
32 -32.39302027 0.4517231872
33 -32.96010394 0.4423828762
34 -33.54388679 0.4328880893
35 -34.14420539 0.4232539823
36 -34.76078675 0.4134976583
37 -35.39324417 0.4036380558
38 -36.04107527 0.3936957817
39 -36.70366251 0.3836928917
40 -37.3802764 0.3736526207
41 -38.07008149 0.3635990698
42 -38.77214503 0.35355686
43 -39.48544836 0.3435507618
44 -40.20890047 0.3336053158
45 -40.94135353 0.3237444569
46 -41.68161989 0.3139911547
47 -42.42848978 0.3043670851
48 -43.18074941 0.2948923424
49 -43.93719866 0.2855852
50 -44.69666786 0.2764619275
51 -45.45803324 0.267536665
52 -46.22023049 0.2588213564
53 -46.98226631 0.2503257373
54 -47.74322758 0.2420573743
55 -48.50228816 0.2340217491
56 -49.25871323 0.2262223788
57 -50.01186135 0.2186609666
58 -50.76118425 0.2113375734
59 -51.50622457 0.2042508036
60 -52.24661185 0.1973979978
61 -52.98205676 0.1907754279
62 -53.71234413 0.1843784879
63 -54.43732457 0.1782018773
64 -55.15690535 0.1722397744
65 -55.8710403 0.1664859963
66 -56.57971932 0.1609341451
67 -57.28295734 0.1555777382
68 -57.98078319 0.1504103227
69 -58.67322841 0.1454255732
70 -59.36031626 0.1406173736
71 -60.04205118 0.1359798828
72 -60.71840881 0.1315075832
73 -61.38932703 0.1271953155
74 -62.05469792 0.123038297
75 -62.71436129 0.119032127
76 -63.36809959 0.1151727787
77 -64.01563473 0.111456579
78 -64.65662673 0.1078801794
79 -65.29067438 0.1044405171
80 -65.91731797 0.1011347706
81 -66.53604391 0.09796031073
82 -67.14629123 0.09491465006
83 -67.74745976 0.09199539172
84 -68.33891957 0.08920018095
85 -68.92002153 0.08652666041
86 -69.49010845 0.083972431
87 -70.04852661 0.08153501923
88 -70.59463708 0.07921185191
89 -71.12782666 0.07700023842
90 -71.64751798 0.07489736062
91 -72.15317861 0.07290026972
92 -72.64432883 0.07100588972
93 -73.12054803 0.06921102633
94 -73.58147965 0.06751238039
95 -74.02683453 0.06590656481
96 -74.45639283 0.06439012391
97 -74.87000458 0.06295955411
98 -75.26758889 0.06161132526
99 -75.64913206 0.06034190163
100 -76.01468476 0.05914776218
101 -76.36435834 0.05802541938
102 -76.69832053 0.05697143637
103 -77.01679074 0.05598244231
104 -77.32003499 0.05505514557
105 -77.60836064 0.05418634492
106 -77.88211117 0.05337293869
107 -78.14166093 0.05261193203
108 -78.38741008 0.05190044228
109 -78.61977977 0.05123570274
110 -78.83920748 0.05061506503
111 -79.04614285 0.05003599997
112 -79.24104367 0.04949609756
113 -79.42437235 0.04899306577
114 -79.59659266 0.04852472871
115 -79.75816689 0.04808902399
116 -79.90955332 0.0476839997
117 -80.05120404 0.04730781084
118 -80.18356304 0.0469587155
119 -80.3070647 0.04663507087
120 -80.4221324 0.04633532901
121 -80.52917749 0.04605803261
122 -80.62859848 0.04580181067
123 -80.72078037 0.0455653743
124 -80.80609422 0.04534751246
125 -80.88489685 0.04514708785
126 -80.95753066 0.04496303292
127 -81.02432366 0.04479434596
128 -81.08558947 0.04464008739
129 -81.14162753 0.04449937612
130 -81.1927233 0.04437138616
131 -81.23914858 0.04425534332
132 -81.28116183 0.04415052207
133 -81.31900857 0.04405624261
134 -81.35292179 0.04397186803
135 -81.38312236 0.04389680168
136 -81.40981953 0.04383048464
137 -81.43321134 0.04377239337
138 -81.45348513 0.04372203746
139 -81.47081797 0.04367895756
140 -81.48537713 0.04364272338
141 -81.49732057 0.04361293191
142 -81.50679723 0.04358920576
143 -81.51394683 0.04357119304
144 -81.51889378 0.04355857876
145 -81.52168974 0.04355119952
146 -81.5217945 0.04355008449
147 -81.51341411 0.04356681123
148 -81.44367064 0.0437076668
149 -80.83752496 0.04494414869
150 -75.45128032 0.05732646676
151 -29.20250522 0.3185941396
152 37.49594439 0.9990653209
153 38.44230622 0.9999410785
154 37.02842918 0.9999252882
155 34.5769875 0.9998838484
156 31.32974022 0.9997899425
157 27.61662557 0.9995854625
158 23.74402477 0.9991602786
159 19.92603692 0.9983284342
160 16.2920692 0.9968155531
161 12.91554922 0.9942784667
162 9.835999219 0.9903729608
163 7.0707222 0.9848584342
164 4.620248286 0.9776927
165 2.471756606 0.9690625122
166 0.6025989371 0.9593327265
167 -1.01581788 0.948947029
168 -2.414393918 0.9383314995
169 -3.623523519 0.9278336665
170 -4.671308549 0.917701283
171 -5.582673906 0.9080885019
172 -6.379124427 0.8990747007
173 -7.078886228 0.8906856447
174 -7.697239042 0.8829118733
175 -8.246915767 0.8757227199
176 -8.738499751 0.8690761571
177 -9.180786156 0.8629252993
178 -9.58109486 0.857222473
179 -9.945533644 0.8519216151
180 -10.27921573 0.8469795748
181 -10.58643778 0.8423567183
182 -10.87082471 0.8380171081
183 -11.13544732 0.8339284327
184 -11.38291771 0.8300618004
185 -11.6154669 0.8263914656
186 -11.83500806 0.8228945317
187 -12.04318817 0.8195506547
188 -12.24143046 0.8163417615
189 -12.4309693 0.8132517893
190 -12.61287907 0.8102664499
191 -12.78809815 0.8073730178
192 -12.95744885 0.8045601433
193 -13.1216542 0.8018176858
194 -13.28135193 0.7991365681
195 -13.4371064 0.7965086481
196 -13.58941858 0.793926606
197 -13.73873462 0.7913838459
198 -13.88545311 0.7888744087
199 -14.02993132 0.7863928965
200 -14.17249055 0.7839344054
201 -14.31342076 0.7814944669
202 -14.45298452 0.7790689962
203 -14.59142052 0.7766542463
204 -14.72894652 0.7742467678
205 -14.86576202 0.7718433728
206 -15.00205057 0.7694411036
207 -15.13798173 0.7670372041
208 -15.27371291 0.7646290948
209 -15.40939092 0.7622143501
210 -15.54515337 0.759790678
211 -15.68112991 0.7573559022
212 -15.81744334 0.7549079454
213 -15.95421064 0.7524448146
214 -16.0915438 0.7499645874
215 -16.22955073 0.7474653995
216 -16.36833592 0.7449454337
217 -16.50800118 0.7424029089
218 -16.64864622 0.7398360708
219 -16.79036926 0.7372431824
220 -16.9332676 0.7346225158
221 -17.07743805 0.7319723439
222 -17.22297749 0.7292909328
223 -17.3699833 0.7265765342
224 -17.51855381 0.723827379
225 -17.66878872 0.7210416695
226 -17.82078953 0.7182175733
227 -17.97465994 0.7153532168
228 -18.1305063 0.712446678
229 -18.28843796 0.709495981
230 -18.44856771 0.7064990888
231 -18.61101222 0.7034538972
232 -18.77589242 0.7003582283
233 -18.94333395 0.697209824
234 -19.11346759 0.6940063393
235 -19.28642974 0.6907453361
236 -19.46236286 0.6874242757
237 -19.64141596 0.684040513
238 -19.8237451 0.6805912891
239 -20.00951391 0.6770737246
240 -20.19889414 0.6734848129
241 -20.39206617 0.6698214134
242 -20.58921963 0.6660802447
243 -20.79055396 0.6622578786
244 -20.99627903 0.6583507333
245 -21.20661574 0.6543550682
246 -21.42179669 0.6502669782
247 -21.64206677 0.6460823894
248 -21.86768386 0.6417970555
249 -22.09891939 0.6374065549
250 -22.33605904 0.63290629
251 -22.57940329 0.6282914876
252 -22.82926799 0.6235572018
253 -23.08598488 0.6186983189
254 -23.34990203 0.6137095663
255 -23.62138417 0.6085855238
256 -23.90081291 0.6033206403
257 -24.18858684 0.5979092541
258 -24.4851214 0.5923456203
259 -24.79084855 0.5866239435
260 -25.10621614 0.5807384182
261 -25.43168704 0.5746832776
262 -25.76773778 0.568452851
263 -26.11485685 0.5620416314
264 -26.47354249 0.5554443536
265 -26.84429988 0.5486560834
266 -27.22763779 0.5416723185
267 -27.62406446 0.5344891015
268 -28.03408285 0.5271031428
269 -28.45818512 0.519511956
270 -28.89684622 0.5117140009
271 -29.35051686 0.5037088337
272 -29.81961563 0.4954972617
273 -30.30452048 0.4870814975
274 -30.80555962 0.4784653087
275 -31.32300205 0.4696541573
276 -31.85704789 0.4606553233
277 -32.40781868 0.4514780038
278 -32.97534824 0.4421333826
279 -33.55957404 0.4326346617
280 -34.16032982 0.4229970497
281 -34.77733963 0.4132377
282 -35.41021369 0.4033755979
283 -36.05844657 0.3934313917
284 -36.7214177 0.3834271724
285 -37.3983947 0.3733862019
286 -38.0885394 0.3633326
287 -38.79091662 0.3532909965
288 -39.50450559 0.3432861608
289 -40.22821359 0.3333426224
290 -40.9608915 0.3234842952
291 -41.70135084 0.3137341187
292 -42.44838151 0.3041137305
293 -43.20076985 0.2946431793
294 -43.95731632 0.2853406878
295 -44.71685228 0.2762224703
296 -45.47825536 0.2673026096
297 -46.240463 0.2585929906
298 -47.00248392 0.2501032909
299 -47.7634072 0.2418410206
300 -48.5224091 0.2338116073
301 -49.27875725 0.2260185181
302 -50.03181269 0.2184634103
303 -50.78102959 0.2111463036
304 -51.52595297 0.2040657664
305 -52.26621458 0.1972191084
306 -53.00152718 0.1906025758
307 -53.73167743 0.1842115416
308 -54.45651759 0.1780406893
309 -55.17595627 0.1720841856
310 -55.88994843 0.1663358401
311 -56.59848474 0.160789251
312 -57.30158066 0.1554379349
313 -57.99926522 0.1502754412
314 -58.6915699 0.1452954489
315 -59.37851757 0.1404918486
316 -60.06011203 0.135858807
317 -60.73632805 0.1313908158
318 -61.40710236 0.1270827253
319 -62.07232574 0.1229297631
320 -62.73183651 0.1189275385
321 -63.38541556 0.1150720342
322 -64.03278315 0.1113595865
323 -64.67359766 0.1077868546
324 -65.30745627 0.1043507829
325 -65.93389776 0.1010485555
326 -66.55240718 0.09787754787
327 -67.16242242 0.09483527539
328 -67.76334238 0.09191934293
329 -68.35453646 0.0891273962
330 -68.93535518 0.0864570772
331 -69.50514129 0.0839059852
332 -70.06324132 0.08147164432
333 -70.60901687 0.07915147839
334 -71.14185557 0.07694279348
335 -71.66118115 0.07484276793
336 -72.16646246 0.07284844948
337 -72.65722128 0.07095675879
338 -73.13303867 0.06916449856
339 -73.59355981 0.06746836703
340 -74.03849737 0.065864975
341 -74.46763337 0.06435086519
342 -74.88081971 0.06292253302
343 -75.2779773 0.06157644788
344 -75.65909421 0.06030907418
345 -76.02422278 0.05911689149
346 -76.3734759 0.05799641338
347 -76.70702278 0.05694420456
348 -77.02508412 0.05595689611
349 -77.32792711 0.05503119864
350 -77.61586015 0.05416391345
351 -77.88922761 0.05335194163
352 -78.14840459 0.05259229121
353 -78.3937919 0.05188208258
354 -78.62581115 0.05121855215
355 -78.84490023 0.0505990547
356 -79.05150904 0.05002106423
357 -79.24609554 0.04948217387
358 -79.42912222 0.04898009471
359 -79.60105285 0.04851265391
360 -79.76234965 0.04807779208
361 -79.91347076 0.04767356016
362 -80.05486808 0.04729811597
363 -80.18698538 0.04694972028
364 -80.31025674 0.04662673286
365 -80.42510524 0.04632760822
366 -80.53194192 0.04605089142
367 -80.63116492 0.0457952137
368 -80.72315889 0.04555928828
369 -80.8082945 0.04534190615
370 -80.88692819 0.04514193191
371 -80.959402 0.04495829982
372 -81.02604353 0.04479000986
373 -81.08716603 0.04463612405
374 -81.14306856 0.04449576283
375 -81.19403622 0.04436810162
376 -81.24034045 0.04425236756
377 -81.28223936 0.04414783639
378 -81.31997814 0.04405382947
379 -81.35378942 0.04396971101
380 -81.3838938 0.0438948854
381 -81.41050019 0.04382879468
382 -81.43380636 0.04377091622
383 -81.45399936 0.04372076047
384 -81.47125599 0.04367786889
385 -81.48574329 0.04364181193
386 -81.49761894 0.04361218727
387 -81.50703168 0.04358861819
388 -81.51412099 0.04357075342
389 -81.51901107 0.04355827856
390 -81.5217533 0.04355103093
391 -81.52180637 0.04355004201
392 -81.51336807 0.04356690605
393 -81.44348658 0.04370805943
394 -80.83645146 0.04494640269
395 -75.44251912 0.0573488445
396 -29.13322638 0.3192562002
397 37.49932293 0.9990704249
398 38.44189713 0.9999410763
399 37.02733817 0.9999252737
400 34.57543843 0.9998838156
401 31.32796803 0.9997898738
402 27.61486919 0.9995853277
403 23.7424529 0.999160035
404 19.9247406 0.9983280371
405 16.29108405 0.9968149833
406 12.91487745 0.9942777726
407 9.835623959 0.9903722987
408 7.070616049 0.9848580797
409 4.620378857 0.9776930118
410 2.472090637 0.9690638627
411 0.6031052836 0.9593354316
412 -1.015166425 0.9489513074
413 -2.413619904 0.9383374673
414 -3.622644931 0.927841356
415 -4.67033936 0.9177106686
416 -5.581624803 0.9080995249
417 -6.378003532 0.8990872869
418 -7.077699717 0.8906997162
419 -7.695991649 0.8829273545
420 -8.245611168 0.875739541
421 -8.737140852 0.8690942548
422 -9.179375304 0.8629446173
423 -9.579633995 0.8572429611
424 -9.944024406 0.8519432289
425 -10.27765954 0.8470022745
426 -10.58483588 0.8423804686
427 -10.86917823 0.8380418771
428 -11.13375727 0.8339541919
429 -11.38118502 0.8300885239
430 -11.61369243 0.82641913
431 -11.8331926 0.8229231158
432 -12.04133245 0.8195801395
433 -12.23953516 0.8163721295
434 -12.42903504 0.8132830249
435 -12.61090643 0.8102985389
436 -12.78608763 0.8074059477
437 -12.95540093 0.8045939029
438 -13.11956929 0.8018522651
439 -13.27923041 0.7991719586
440 -13.43494857 0.7965448425
441 -13.58722471 0.7939635982
442 -13.73650491 0.7914216309
443 -13.88318772 0.7889129829
444 -14.02763035 0.7864322573
445 -14.17015407 0.7839745513
446 -14.31104875 0.7815353975
447 -14.45057694 0.7791107124
448 -14.58897724 0.7766967499
449 -14.72646739 0.7742900617
450 -14.86324682 0.7718874611
451 -14.99949902 0.7694859915
452 -15.1353935 0.7670828979
453 -15.27108761 0.7646756018
454 -15.4067281 0.7622616788
455 -15.54245251 0.7598388381
456 -15.67839045 0.7574049045
457 -15.81466466 0.7549578019
458 -15.95139202 0.7524955385
459 -16.08868449 0.750016193
460 -16.2266499 0.7475179026
461 -16.36539267 0.7449988512
462 -16.50501453 0.7424572591
463 -16.64561512 0.7398913734
464 -16.7872926 0.7372994585
465 -16.93014416 0.7346797879
466 -17.07426655 0.7320306361
467 -17.21975656 0.7293502707
468 -17.36671146 0.7266369453
469 -17.51522951 0.7238888921
470 -17.66541028 0.7211043155
471 -17.81735519 0.718281385
472 -17.97116782 0.7154182286
473 -18.1269544 0.7125129267
474 -18.28482417 0.7095635053
475 -18.44488978 0.7065679297
476 -18.60726778 0.7035240981
477 -18.77207893 0.7004298349
478 -18.93944874 0.6972828847
479 -19.10950783 0.6940809052
480 -19.28239243 0.6908214608
481 -19.45824481 0.6875020162
482 -19.63721381 0.684119929
483 -19.81945528 0.6806724437
484 -20.00513265 0.6771566841
485 -20.19441743 0.6735696472
486 -20.38748978 0.669908196
487 -20.58453909 0.6661690529
488 -20.78576452 0.6623487936
489 -20.99137567 0.6584438403
490 -21.20159317 0.6544504566
491 -21.4166493 0.6503647416
492 -21.63678864 0.6461826259
493 -21.86226872 0.6418998675
494 -22.09336064 0.6375120492
495 -22.33034971 0.633014578
496 -22.57353604 0.6284026851
497 -22.82323508 0.6236714288
498 -23.07977819 0.6188156997
499 -23.343513 0.6138302289
500 -23.61480385 0.6087095999
501 -23.89403192 0.6034482646
502 -24.18159539 0.5980405639
503 -24.47790928 0.5924807547
504 -24.78340514 0.5867630425
505 -25.09853044 0.5808816216
506 -25.4237477 0.5748307238
507 -25.75953312 0.5686046754
508 -26.10637492 0.5621979646
509 -26.46477112 0.5556053196
510 -26.83522678 0.548821797
511 -27.2182506 0.541842883
512 -27.61435088 0.5346646053
513 -28.02403079 0.5272836571
514 -28.44778278 0.5196975307
515 -28.88608232 0.5119046611
516 -29.33938077 0.5039045765
517 -29.8080976 0.4956980518
518 -30.29261184 0.4872872637
519 -30.79325302 0.4786759404
520 -31.31029169 0.4698695013
521 -31.84392972 0.460875181
522 -32.39429072 0.451702129
523 -32.96141069 0.4423614802
524 -33.54522955 0.4328663877
525 -34.14558364 0.4232320114
526 -34.76219971 0.4134754588
527 -35.39469079 0.4036156722
528 -36.04255426 0.3936732619
529 -36.70517233 0.3836702864
530 -37.38181527 0.3736299828
531 -38.07164739 0.3635764537
532 -38.77373575 0.3535343207
533 -39.48706151 0.3435283541
534 -40.21053353 0.3335830935
535 -40.94300387 0.3237224717
536 -41.68328482 0.3139694559
537 -42.43016657 0.3043457187
538 -43.18243537 0.2948713503
539 -43.93889114 0.28556462
540 -44.69836431 0.2764417925
541 -45.45973121 0.2675170032
542 -46.2219277 0.258802191
543 -46.98396064 0.2503070864
544 -47.74491711 0.2420392516
545 -48.50397117 0.2340041635
546 -49.2603882 0.2262053351
547 -50.01352697 0.2186444659
548 -50.76283941 0.2113216132
549 -51.50786838 0.2042353784
550 -52.24824358 0.1973830997
551 -52.98367589 0.1907610469
552 -53.71395025 0.184364612
553 -54.43891744 0.1781884935
554 -55.15848482 0.1722268685
555 -55.87260635 0.1664735536
556 -56.58127195 0.1609221508
557 -57.28449663 0.1555661773
558 -57.98230922 0.1503991803
559 -58.67474126 0.1454148349
560 -59.361816 0.1406070257
561 -60.04353779 0.135969912
562 -60.71988225 0.1314979772
563 -61.39078712 0.1271860626
564 -62.05614441 0.1230293866
565 -62.7157938 0.1190235493
566 -63.36951762 0.1151645246
567 -64.01703764 0.1114486403
568 -64.65801376 0.1078725484
569 -65.29204464 0.1044331868
570 -65.91867045 0.1011277344
571 -66.53737747 0.09795356267
572 -67.14760467 0.09490818424
573 -67.7487518 0.09198920244
574 -68.34018887 0.08919426258
575 -68.92126672 0.08652100732
576 -69.49132818 0.08396703744
577 -70.04971953 0.08152987928
578 -70.59580189 0.07920695945
579 -71.12896212 0.0769955871
580 -71.64862296 0.07489294382
581 -72.15425206 0.07289608057
582 -72.64536983 0.07100192113
583 -73.1215558 0.06920727097
584 -73.58245355 0.06750883076
585 -74.02777405 0.06590321327
586 -74.45729763 0.06438696271
587 -74.87087446 0.06295657544
588 -75.26842378 0.0616085213
589 -75.64993206 0.0603392646
590 -76.01545008 0.05914528437
591 -76.36508932 0.05802309317
592 -76.69901762 0.05696925431
593 -77.01745451 0.05598039711
594 -77.32066608 0.05505323012
595 -77.60895978 0.05418455235
596 -77.88267916 0.05337126237
597 -78.14219863 0.05261036556
598 -78.3879184 0.05189897951
599 -78.62025965 0.0512343378
600 -78.8396599 0.05061379229
601 -79.0465688 0.0500348141
602 -79.24144416 0.04949499345
603 -79.42474839 0.04899203859
604 -79.59694526 0.04852377388
605 -79.75849705 0.04808813717
606 -79.90986203 0.04768317679
607 -80.05149227 0.04730704797
608 -80.18383175 0.04695800902
609 -80.30731482 0.04663441734
610 -80.42236482 0.04633472519
611 -80.52939309 0.04605747545
612 -80.62879812 0.04580129732
613 -80.72096486 0.04556490206
614 -80.80626434 0.0453470788
615 -80.88505336 0.04514669041
616 -80.95767429 0.04496266947
617 -81.02445509 0.04479401442
618 -81.08570937 0.04463978579
619 -81.14173652 0.04449910264
620 -81.19282199 0.04437113908
621 -81.23923753 0.04425512103
622 -81.28124159 0.04415032307
623 -81.31907966 0.04405606548
624 -81.35298468 0.04397171145
625 -81.38317753 0.04389666441
626 -81.40986741 0.04383036552
627 -81.43325235 0.04377229131
628 -81.45351965 0.04372195145
629 -81.47084638 0.04367888664
630 -81.48539978 0.04364266667
631 -81.49733778 0.04361288856
632 -81.50680932 0.04358917499
633 -81.51395409 0.04357117413
634 -81.51889648 0.04355857101
635 -81.52168814 0.0435512023
636 -81.52178877 0.04355009736
637 -81.51340382 0.04356683493
638 -81.44365003 0.04370771292
639 -80.8374396 0.04494433088
640 -75.45063599 0.05732811602
641 -29.19744854 0.3186424373
642 37.49619213 0.9990656946
643 38.44227756 0.9999410783
644 37.02835205 0.9999252872
645 34.57687906 0.9998838461
646 31.32961824 0.9997899378
647 27.61650779 0.9995854534
648 23.74392348 0.9991602628
649 19.92595854 0.9983284099
650 16.29201594 0.9968155217
651 12.91552078 0.9942784357
652 9.83599387 0.9903729468
653 7.070737467 0.984858463
654 4.620281399 0.9776928023
655 2.471804823 0.9690627179
656 0.6026597744 0.9593330594
657 -1.015746522 0.9489475042
658 -2.414313727 0.9383321233
659 -3.623435795 0.9278344391
660 -4.67121427 0.9177022002
661 -5.582573791 0.9080895575
662 -6.379019003 0.8990758877
663 -7.078775881 0.8906869561
664 -7.697124057 0.8829133028
665 -8.246796358 0.8757242617
666 -8.738376082 0.8690778059
667 -9.180658358 0.8629270508
668 -9.580963041 0.8572243231
669 -9.945397894 0.8519235604
670 -10.27907613 0.8469816123
671 -10.5862944 0.8423588451
672 -10.87067762 0.8380193217
673 -11.13529658 0.833930731
674 -11.38276339 0.8300641813
675 -11.61530904 0.8263939273
676 -11.83484671 0.8228970725
677 -12.04302339 0.8195532733
678 -12.2412623 0.8163444564
679 -12.4307978 0.8132545593
680 -12.61270427 0.8102692938
681 -12.78792008 0.8073759347
682 -12.95726756 0.8045631323
683 -13.1214697 0.8018207461
684 -13.28116426 0.799139699
685 -13.43691558 0.7965118491
686 -13.58922463 0.7939298766
687 -13.73853755 0.7913871857
688 -13.88525293 0.7888778175
689 -14.02972804 0.7863963741
690 -14.17228417 0.7839379517
691 -14.31321127 0.781498082
692 -14.45277193 0.7790726801
693 -14.5912048 0.7766579992
694 -14.72872766 0.77425059
695 -14.86554 0.7718472647
696 -15.00182536 0.7694450657
697 -15.1377533 0.767041237
698 -15.27348123 0.7646331991
699 -15.40915595 0.7622185266
700 -15.54491506 0.7597949275
701 -15.68088821 0.7573602257
702 -15.8171982 0.7549123441
703 -15.95396198 0.7524492896
704 -16.09129157 0.7499691399
705 -16.22929485 0.747470031
706 -16.36807631 0.7449501456
707 -16.50773775 0.7424077028
708 -16.64837888 0.7398409485
709 -16.79009792 0.7372481458
710 -16.93299214 0.7346275669
711 -17.07715836 0.7319774848
712 -17.22269345 0.7292961656
713 -17.36969478 0.7265818616
714 -17.51826068 0.7238328033
715 -17.66849082 0.7210471936
716 -17.82048671 0.7182232
717 -17.97435204 0.7153589491
718 -18.13019313 0.7124525193
719 -18.28811934 0.7095019346
720 -18.44824345 0.7065051583
721 -18.61068211 0.7034600864
722 -18.77555623 0.7003645412
723 -18.94299144 0.6972162649
724 -19.11311852 0.6940129127
725 -19.28607385 0.6907520467
726 -19.46199986 0.6874311285
727 -19.64104556 0.6840475133
728 -19.82336698 0.6805984424
729 -20.00912775 0.6770810368
730 -20.19849958 0.6734922901
731 -20.39166284 0.669829062
732 -20.58880713 0.6660880716
733 -20.79013188 0.6622658908
734 -20.99584692 0.6583589383
735 -21.20617315 0.6543634739
