0 -81.2427 0.0442248 0.852377 0.585062
1 -74.6615 0.0597683 0.844258 0.584126
2 -67.8486 0.0853123 0.814338 0.583316
3 -66.8902 0.0948264 0.768253 0.58259
4 -65.7122 0.100579 0.721686 0.581889
5 -64.307 0.10779 0.673484 0.581216
6 -62.57 0.117241 0.622159 0.580578
7 -60.3208 0.130378 0.565519 0.579987
8 -57.2116 0.15024 0.500038 0.579459
9 -52.4638 0.184415 0.419506 0.579029
10 -43.8585 0.257972 0.312611 0.578777
11 -21.7366 0.504772 0.171942 0.578977
12 30.3676 0.993475 0.0661923 0.580878
13 35.2735 0.99989 0.0245696 0.584137
14 33.5585 0.999862 0.00925242 0.587398
15 30.6266 0.999767 0.00364497 0.590526
16 27.1576 0.999563 0.00162447 0.593487
17 23.4959 0.99915 0.000936851 0.596267
18 19.8577 0.99836 0.00075205 0.598866
19 16.3719 0.99695 0.000763669 0.601289
20 13.1135 0.994613 0.000857592 0.603548
21 10.1254 0.991035 0.000989929 0.605655
22 7.4308 0.98599 0.00114208 0.607625
23 5.03705 0.97943 0.00130435 0.609473
24 2.93833 0.971524 0.00147022 0.611213
25 1.11771 0.962621 0.00163457 0.612858
26 -0.449642 0.953155 0.0017934 0.614421
27 -1.79278 0.943547 0.00194375 0.615914
28 -2.94173 0.934138 0.00208375 0.617345
29 -3.92515 0.925169 0.00221249 0.618723
30 -4.76896 0.916778 0.00232979 0.620056
31 -5.49578 0.909031 0.00243603 0.621348
32 -6.12487 0.901937 0.0025319 0.622606
33 -6.67241 0.895471 0.00261828 0.623832
34 -7.15186 0.88959 0.00269614 0.625031
35 -7.57434 0.884242 0.0027664 0.626206
36 -7.94905 0.87937 0.00282998 0.627358
37 -8.28362 0.874921 0.0028877 0.628489
38 -8.58432 0.870845 0.00294031 0.629603
39 -8.85638 0.867095 0.00298846 0.630699
40 -9.10415 0.86363 0.00303276 0.631778
41 -9.33127 0.860414 0.0030737 0.632843
42 -9.54077 0.857414 0.00311173 0.633895
43 -9.73522 0.854601 0.00314725 0.634932
44 -9.91678 0.851951 0.0031806 0.635958
45 -10.0873 0.849442 0.00321206 0.636971
46 -10.2483 0.847055 0.00324191 0.637973
47 -10.4011 0.844773 0.00327035 0.638963
48 -10.5468 0.842583 0.00329758 0.639943
49 -10.6865 0.840471 0.00332378 0.640913
50 -10.8209 0.838427 0.00334909 0.641872
51 -10.9509 0.83644 0.00337364 0.642822
52 -11.0769 0.834504 0.00339754 0.643763
53 -11.1995 0.832609 0.0034209 0.644694
54 -11.3193 0.83075 0.0034438 0.645615
55 -11.4366 0.828921 0.00346632 0.646528
56 -11.5518 0.827117 0.00348852 0.647432
57 -11.6651 0.825333 0.00351047 0.648328
58 -11.7769 0.823566 0.00353222 0.649215
59 -11.8874 0.821812 0.00355381 0.650093
60 -11.9968 0.820068 0.0035753 0.650963
61 -12.1053 0.818331 0.00359671 0.651825
62 -12.213 0.816599 0.00361809 0.652679
63 -12.3202 0.814869 0.00363947 0.653524
64 -12.4269 0.81314 0.00366086 0.654362
65 -12.5333 0.81141 0.0036823 0.655192
66 -12.6394 0.809677 0.00370382 0.656013
67 -12.7453 0.80794 0.00372542 0.656827
68 -12.8513 0.806197 0.00374714 0.657634
69 -12.9572 0.804447 0.00376899 0.658432
70 -13.0632 0.80269 0.00379099 0.659223
71 -13.1694 0.800923 0.00381316 0.660006
72 -13.2757 0.799146 0.0038355 0.660782
73 -13.3824 0.797359 0.00385804 0.66155
74 -13.4893 0.79556 0.00388079 0.662311
75 -13.5967 0.793748 0.00390376 0.663064
76 -13.7044 0.791923 0.00392697 0.66381
77 -13.8126 0.790084 0.00395043 0.664548
78 -13.9213 0.78823 0.00397415 0.66528
79 -14.0305 0.786361 0.00399815 0.666003
80 -14.1403 0.784476 0.00402244 0.66672
81 -14.2508 0.782574 0.00404702 0.667429
82 -14.3618 0.780655 0.00407192 0.668131
83 -14.4736 0.778718 0.00409715 0.668825
84 -14.5861 0.776762 0.00412272 0.669513
85 -14.6993 0.774787 0.00414864 0.670193
86 -14.8133 0.772792 0.00417492 0.670866
87 -14.9282 0.770776 0.00420159 0.671532
88 -15.0439 0.768739 0.00422865 0.672191
89 -15.1605 0.766681 0.00425613 0.672842
90 -15.278 0.7646 0.00428403 0.673487
91 -15.3965 0.762495 0.00431237 0.674124
92 -15.5161 0.760367 0.00434117 0.674755
93 -15.6366 0.758214 0.00437044 0.675378
94 -15.7583 0.756036 0.00440021 0.675994
95 -15.8811 0.753832 0.00443049 0.676603
96 -16.005 0.751601 0.00446131 0.677205
97 -16.1302 0.749342 0.00449267 0.6778
98 -16.2567 0.747055 0.00452461 0.678387
99 -16.3844 0.744738 0.00455715 0.678968
100 -16.5135 0.742391 0.0045903 0.679542
101 -16.644 0.740012 0.00462411 0.680108
102 -16.776 0.737601 0.00465858 0.680667
103 -16.9095 0.735157 0.00469375 0.68122
104 -17.0446 0.732679 0.00472965 0.681765
105 -17.1813 0.730165 0.00476631 0.682303
106 -17.3197 0.727614 0.00480376 0.682834
107 -17.4599 0.725026 0.00484204 0.683357
108 -17.6019 0.722398 0.00488117 0.683874
109 -17.7458 0.71973 0.00492121 0.684383
110 -17.8916 0.71702 0.00496219 0.684885
111 -18.0396 0.714267 0.00500416 0.68538
112 -18.1897 0.711469 0.00504715 0.685867
113 -18.342 0.708625 0.00509123 0.686347
114 -18.4966 0.705733 0.00513644 0.68682
115 -18.6536 0.702791 0.00518283 0.687286
116 -18.8132 0.699798 0.00523047 0.687744
117 -18.9754 0.696751 0.00527943 0.688194
118 -19.1403 0.693649 0.00532976 0.688637
119 -19.308 0.690489 0.00538154 0.689072
120 -19.4788 0.687269 0.00543484 0.6895
121 -19.6526 0.683988 0.00548976 0.68992
122 -19.8296 0.680642 0.00554637 0.690332
123 -20.0101 0.677229 0.00560478 0.690737
124 -20.1941 0.673746 0.00566508 0.691133
125 -20.3817 0.670192 0.00572739 0.691522
126 -20.5733 0.666561 0.00579182 0.691902
127 -20.7688 0.662853 0.00585851 0.692275
128 -20.9686 0.659063 0.00592758 0.692639
129 -21.1728 0.655189 0.00599919 0.692995
130 -21.3817 0.651226 0.0060735 0.693342
131 -21.5953 0.647171 0.00615068 0.693681
132 -21.8141 0.643021 0.00623091 0.694011
133 -22.0382 0.638771 0.00631441 0.694332
134 -22.2678 0.634417 0.0064014 0.694644
135 -22.5033 0.629956 0.00649211 0.694948
136 -22.7449 0.625382 0.00658681 0.695242
137 -22.993 0.620692 0.00668578 0.695526
138 -23.2477 0.61588 0.00678934 0.695801
139 -23.5096 0.610942 0.00689781 0.696067
140 -23.7788 0.605872 0.00701158 0.696322
141 -24.0557 0.600666 0.00713105 0.696568
142 -24.3408 0.595318 0.00725666 0.696803
143 -24.6344 0.589824 0.0073889 0.697028
144 -24.9369 0.584177 0.0075283 0.697241
145 -25.2488 0.578374 0.00767545 0.697444
146 -25.5704 0.572407 0.00783099 0.697636
147 -25.9021 0.566274 0.00799565 0.697816
148 -26.2446 0.559967 0.00817018 0.697984
149 -26.5981 0.553483 0.00835547 0.69814
150 -26.9633 0.546818 0.00855246 0.698284
151 -27.3404 0.539966 0.0087622 0.698416
152 -27.7301 0.532926 0.00898586 0.698534
153 -28.1329 0.525692 0.00922471 0.698639
154 -28.549 0.518264 0.0094802 0.69873
155 -28.9791 0.510639 0.00975388 0.698807
156 -29.4235 0.502818 0.0100475 0.69887
157 -29.8827 0.4948 0.010363 0.698919
158 -30.357 0.486587 0.0107026 0.698952
159 -30.8467 0.478183 0.0110685 0.698969
160 -31.3521 0.469592 0.0114635 0.698971
161 -31.8736 0.46082 0.0118904 0.698956
162 -32.4111 0.451875 0.0123524 0.698924
163 -32.9648 0.442766 0.0128533 0.698876
164 -33.5347 0.433506 0.0133968 0.69881
165 -34.1207 0.424106 0.0139873 0.698726
166 -34.7226 0.414582 0.0146298 0.698624
167 -35.3401 0.40495 0.0153293 0.698504
168 -35.9729 0.39523 0.0160919 0.698365
169 -36.6204 0.385441 0.0169237 0.698206
170 -37.2821 0.375604 0.0178318 0.698028
171 -37.9571 0.36574 0.0188237 0.697831
172 -38.6448 0.355874 0.0199078 0.697614
173 -39.3442 0.346027 0.0210929 0.697376
174 -40.0543 0.336223 0.0223886 0.697119
175 -40.774 0.326486 0.0238054 0.696841
176 -41.5024 0.316837 0.0253542 0.696543
177 -42.2382 0.307299 0.0270469 0.696224
178 -42.9803 0.29789 0.0288961 0.695885
179 -43.7275 0.288631 0.0309149 0.695526
180 -44.4787 0.279538 0.0331173 0.695147
181 -45.2328 0.270627 0.0355178 0.694748
182 -45.9886 0.26191 0.0381315 0.694329
183 -46.7452 0.253398 0.0409742 0.69389
184 -47.5016 0.245102 0.0440619 0.693432
185 -48.257 0.237028 0.0474112 0.692954
186 -49.0104 0.229181 0.0510392 0.692458
187 -49.7612 0.221564 0.0549628 0.691943
188 -50.5088 0.214179 0.0591996 0.69141
189 -51.2527 0.207026 0.0637671 0.690859
190 -51.9924 0.200104 0.0686826 0.69029
191 -52.7275 0.193409 0.0739636 0.689704
192 -53.4577 0.186939 0.0796274 0.6891
193 -54.1829 0.180689 0.085691 0.68848
194 -54.9029 0.174653 0.092171 0.687844
195 -55.6175 0.168827 0.0990834 0.687192
196 -56.3268 0.163203 0.106444 0.686524
197 -57.0307 0.157777 0.114266 0.68584
198 -57.7293 0.152541 0.122565 0.685142
199 -58.4225 0.14749 0.131353 0.684428
200 -59.1104 0.142617 0.14064 0.683701
201 -59.793 0.137916 0.150437 0.682959
202 -60.4703 0.133382 0.160751 0.682203
203 -61.1423 0.129008 0.171588 0.681434
204 -61.8089 0.124792 0.182952 0.680651
205 -62.47 0.120726 0.194841 0.679855
206 -63.1255 0.116808 0.207255 0.679047
207 -63.7751 0.113032 0.220188 0.678226
208 -64.4186 0.109397 0.23363 0.677393
209 -65.0557 0.105897 0.247569 0.676547
210 -65.6858 0.102531 0.261987 0.67569
211 -66.3087 0.0992959 0.276862 0.674822
212 -66.9237 0.0961884 0.29217 0.673942
213 -67.5303 0.0932065 0.307881 0.673052
214 -68.128 0.0903479 0.32396 0.672151
215 -68.716 0.0876103 0.340368 0.67124
216 -69.2937 0.0849917 0.357064 0.670318
217 -69.8604 0.0824897 0.374001 0.669387
218 -70.4155 0.080102 0.391131 0.668447
219 -70.9582 0.0778261 0.408401 0.667497
220 -71.4881 0.0756597 0.425759 0.666539
221 -72.0043 0.0736 0.443149 0.665572
222 -72.5065 0.0716442 0.460516 0.664597
223 -72.994 0.0697894 0.477804 0.663614
224 -73.4665 0.0680327 0.494958 0.662624
225 -73.9236 0.0663708 0.511926 0.661627
226 -74.3649 0.0648004 0.528655 0.660624
227 -74.7902 0.0633183 0.545098 0.659613
228 -75.1994 0.0619211 0.561211 0.658597
229 -75.5924 0.0606052 0.576951 0.657575
230 -75.969 0.0593673 0.592281 0.656548
231 -76.3295 0.058204 0.60717 0.655516
232 -76.6738 0.0571116 0.621588 0.654479
233 -77.0022 0.056087 0.635513 0.653438
234 -77.3149 0.0551268 0.648926 0.652393
235 -77.6121 0.0542276 0.661812 0.651344
236 -77.8943 0.0533863 0.674161 0.650292
237 -78.1617 0.0525998 0.685968 0.649237
238 -78.4147 0.0518652 0.69723 0.648179
239 -78.6538 0.0511796 0.707949 0.647118
240 -78.8793 0.0505401 0.71813 0.646055
241 -79.0919 0.0499441 0.727781 0.64499
242 -79.2918 0.0493892 0.736912 0.643923
243 -79.4797 0.0488729 0.745534 0.642855
244 -79.656 0.0483928 0.753662 0.641786
245 -79.8211 0.0479469 0.761312 0.640715
246 -79.9756 0.0475331 0.768501 0.639644
247 -80.1199 0.0471494 0.775246 0.638572
248 -80.2545 0.046794 0.781565 0.637499
249 -80.3799 0.0464651 0.787477 0.636426
250 -80.4965 0.0461611 0.793001 0.635354
251 -80.6048 0.0458804 0.798155 0.634281
252 -80.7051 0.0456216 0.802959 0.633208
253 -80.7979 0.0453833 0.807432 0.632135
254 -80.8836 0.0451642 0.811589 0.631064
255 -80.9625 0.0449632 0.815451 0.629992
256 -81.0351 0.044779 0.819033 0.628922
257 -81.1016 0.0446107 0.822352 0.627852
258 -81.1625 0.0444573 0.825423 0.626783
259 -81.2179 0.0443178 0.828262 0.625715
260 -81.2683 0.0441912 0.830882 0.624648
261 -81.3139 0.044077 0.833299 0.623582
262 -81.355 0.0439742 0.835524 0.622518
263 -81.3918 0.0438821 0.837569 0.621455
264 -81.4247 0.0438001 0.839447 0.620393
265 -81.4537 0.0437276 0.841168 0.619333
266 -81.4792 0.043664 0.842742 0.618275
267 -81.5014 0.0436086 0.844179 0.617218
268 -81.5203 0.0435611 0.845488 0.616163
269 -81.5364 0.043521 0.846677 0.615109
270 -81.5496 0.0434877 0.847754 0.614058
271 -81.5602 0.0434609 0.848728 0.613008
272 -81.5684 0.0434401 0.849603 0.61196
273 -81.5742 0.0434251 0.850388 0.610914
274 -81.5778 0.0434154 0.851087 0.60987
275 -81.5794 0.0434108 0.851707 0.608828
276 -81.579 0.043411 0.852253 0.607787
277 -81.5768 0.0434156 0.852729 0.606749
278 -81.5729 0.0434245 0.853141 0.605713
279 -81.5673 0.0434373 0.853491 0.604679
280 -81.5602 0.0434539 0.853785 0.603647
281 -81.5517 0.043474 0.854026 0.602618
282 -81.5419 0.0434974 0.854217 0.60159
283 -81.5308 0.0435239 0.854361 0.600565
284 -81.5184 0.0435534 0.854461 0.599541
285 -81.505 0.0435857 0.85452 0.598521
286 -81.4905 0.0436207 0.854541 0.597502
287 -81.475 0.0436581 0.854526 0.596485
288 -81.4585 0.0436979 0.854477 0.595471
289 -81.4411 0.0437399 0.854395 0.594459
290 -81.423 0.0437841 0.854284 0.593449
291 -81.404 0.0438302 0.854144 0.592442
292 -81.3842 0.0438782 0.853978 0.591437
293 -81.3638 0.0439281 0.853787 0.590434
294 -81.3426 0.0439797 0.853572 0.589433
295 -81.3209 0.0440329 0.853334 0.588435
296 -81.2985 0.0440877 0.853076 0.587439
297 -81.2756 0.0441439 0.852797 0.586445
298 -81.2521 0.0442016 0.8525 0.585454
299 -81.2281 0.0442606 0.852184 0.584465
300 -81.2037 0.0443209 0.851852 0.583479
301 -74.6204 0.059899 0.843684 0.582547
302 -67.8003 0.0855181 0.81364 0.58174
303 -66.8266 0.0951229 0.767334 0.581018
304 -65.6272 0.100995 0.720458 0.580321
305 -64.1917 0.108387 0.671822 0.579653
306 -62.4097 0.118128 0.619873 0.579022
307 -60.0881 0.131775 0.562298 0.578438
308 -56.8498 0.152648 0.495341 0.57792
309 -51.8305 0.189263 0.412294 0.577505
310 -42.4717 0.271014 0.30101 0.577284
311 -16.8152 0.56618 0.157647 0.577585
312 32.3932 0.997253 0.059745 0.579769
313 35.2842 0.999893 0.0221909 0.583068
314 33.3558 0.999857 0.00837863 0.586333
315 30.3475 0.999755 0.00332651 0.58946
316 26.8516 0.999538 0.00151152 0.592417
317 23.192 0.999101 0.000900529 0.595192
318 19.5721 0.998274 0.000744741 0.597786
319 16.1134 0.996807 0.000767648 0.600205
320 12.8861 0.994395 0.000866103 0.602461
321 9.93058 0.990733 0.00100022 0.604567
322 7.26821 0.985608 0.00115287 0.606536
323 4.90521 0.97899 0.00131488 0.608384
324 2.83483 0.971061 0.00147997 0.610125
325 1.03956 0.962175 0.00164319 0.611773
326 -0.505626 0.952764 0.00180062 0.613339
327 -1.82972 0.94324 0.00194943 0.614836
328 -2.96249 0.933933 0.00208784 0.616271
329 -3.93223 0.925074 0.00221501 0.617655
330 -4.76449 0.916795 0.0023308 0.618993
331 -5.48152 0.909157 0.00243561 0.620292
332 -6.10228 0.902166 0.00253015 0.621556
333 -6.64268 0.895797 0.00261531 0.622789
334 -7.11597 0.890005 0.00269204 0.623994
335 -7.53309 0.884738 0.00276128 0.625175
336 -7.90312 0.879941 0.00282392 0.626334
337 -8.23353 0.875561 0.00288077 0.627473
338 -8.53055 0.871547 0.00293258 0.628593
339 -8.79932 0.867856 0.00298 0.629696
340 -9.04414 0.864444 0.00302362 0.630784
341 -9.26857 0.861277 0.00306393 0.631856
342 -9.47564 0.858323 0.00310138 0.632914
343 -9.66787 0.855552 0.00313635 0.63396
344 -9.84738 0.852942 0.00316918 0.634992
345 -10.016 0.85047 0.00320017 0.636013
346 -10.1752 0.848118 0.00322955 0.637022
347 -10.3264 0.845869 0.00325757 0.63802
348 -10.4707 0.84371 0.00328439 0.639008
349 -10.6089 0.841627 0.0033102 0.639985
350 -10.7421 0.839611 0.00333513 0.640952
351 -10.8707 0.837652 0.00335933 0.641909
352 -10.9956 0.83574 0.00338289 0.642857
353 -11.1171 0.83387 0.00340591 0.643796
354 -11.2358 0.832035 0.00342848 0.644725
355 -11.3521 0.830229 0.00345069 0.645645
356 -11.4663 0.828447 0.00347258 0.646557
357 -11.5787 0.826684 0.00349423 0.64746
358 -11.6896 0.824938 0.00351569 0.648354
359 -11.7992 0.823205 0.00353699 0.64924
360 -11.9078 0.821481 0.00355819 0.650117
361 -12.0154 0.819763 0.00357933 0.650986
362 -12.1224 0.818051 0.00360042 0.651847
363 -12.2288 0.81634 0.00362152 0.6527
364 -12.3347 0.81463 0.00364263 0.653545
365 -12.4403 0.812919 0.0036638 0.654382
366 -12.5456 0.811204 0.00368503 0.655211
367 -12.6509 0.809485 0.00370636 0.656033
368 -12.756 0.807761 0.0037278 0.656846
369 -12.8612 0.80603 0.00374936 0.657652
370 -12.9665 0.80429 0.00377108 0.65845
371 -13.0719 0.802542 0.00379295 0.65924
372 -13.1775 0.800784 0.003815 0.660023
373 -13.2834 0.799015 0.00383725 0.660799
374 -13.3896 0.797235 0.00385969 0.661567
375 -13.4962 0.795442 0.00388236 0.662327
376 -13.6032 0.793636 0.00390526 0.66308
377 -13.7106 0.791817 0.0039284 0.663825
378 -13.8185 0.789982 0.00395179 0.664564
379 -13.9269 0.788133 0.00397546 0.665294
380 -14.0359 0.786268 0.00399941 0.666018
381 -14.1455 0.784386 0.00402365 0.666734
382 -14.2557 0.782487 0.00404819 0.667443
383 -14.3666 0.780571 0.00407306 0.668145
384 -14.4782 0.778636 0.00409825 0.668839
385 -14.5905 0.776683 0.00412379 0.669526
386 -14.7036 0.77471 0.00414968 0.670206
387 -14.8175 0.772717 0.00417594 0.670879
388 -14.9323 0.770703 0.00420259 0.671545
389 -15.0479 0.768668 0.00422963 0.672203
390 -15.1644 0.766611 0.00425709 0.672855
391 -15.2819 0.764531 0.00428497 0.673499
392 -15.4003 0.762428 0.0043133 0.674136
393 -15.5198 0.760301 0.00434209 0.674766
394 -15.6403 0.758149 0.00437135 0.675389
395 -15.7619 0.755972 0.00440111 0.676005
396 -15.8846 0.753768 0.00443139 0.676614
397 -16.0085 0.751538 0.0044622 0.677216
398 -16.1337 0.749279 0.00449356 0.67781
399 -16.2601 0.746992 0.0045255 0.678398
400 -16.3878 0.744676 0.00455803 0.678979
401 -16.5169 0.742329 0.00459119 0.679552
402 -16.6474 0.739951 0.00462499 0.680118
403 -16.7794 0.73754 0.00465947 0.680677
404 -16.9128 0.735096 0.00469464 0.681229
405 -17.0479 0.732617 0.00473055 0.681774
406 -17.1846 0.730103 0.00476721 0.682312
407 -17.323 0.727553 0.00480467 0.682843
408 -17.4632 0.724964 0.00484296 0.683367
409 -17.6052 0.722336 0.00488211 0.683883
410 -17.7491 0.719668 0.00492215 0.684392
411 -17.895 0.716958 0.00496315 0.684894
412 -18.043 0.714204 0.00500513 0.685388
413 -18.1931 0.711406 0.00504814 0.685876
414 -18.3454 0.708562 0.00509223 0.686356
415 -18.5 0.705669 0.00513745 0.686828
416 -18.6571 0.702727 0.00518387 0.687294
417 -18.8167 0.699733 0.00523153 0.687751
418 -18.9789 0.696685 0.0052805 0.688202
419 -19.1438 0.693582 0.00533085 0.688644
420 -19.3116 0.690421 0.00538266 0.68908
421 -19.4824 0.687201 0.00543599 0.689507
422 -19.6562 0.683919 0.00549093 0.689927
423 -19.8333 0.680572 0.00554757 0.690339
424 -20.0138 0.677158 0.00560601 0.690744
425 -20.1979 0.673674 0.00566635 0.69114
426 -20.3856 0.670118 0.0057287 0.691528
427 -20.5772 0.666486 0.00579317 0.691909
428 -20.7728 0.662777 0.00585989 0.692281
429 -20.9727 0.658985 0.00592901 0.692645
430 -21.177 0.655109 0.00600067 0.693
431 -21.3859 0.651145 0.00607503 0.693347
432 -21.5997 0.647089 0.00615226 0.693686
433 -21.8185 0.642937 0.00623255 0.694016
434 -22.0427 0.638685 0.00631612 0.694337
435 -22.2724 0.63433 0.00640317 0.694649
436 -22.508 0.629867 0.00649395 0.694952
437 -22.7498 0.625291 0.00658872 0.695246
438 -22.9979 0.620599 0.00668778 0.695531
439 -23.2528 0.615784 0.00679142 0.695806
440 -23.5147 0.610844 0.00689999 0.696071
441 -23.7841 0.605772 0.00701386 0.696326
442 -24.0612 0.600563 0.00713343 0.696571
443 -24.3464 0.595213 0.00725916 0.696806
444 -24.6402 0.589716 0.00739153 0.697031
445 -24.9429 0.584067 0.00753107 0.697244
446 -25.2549 0.57826 0.00767837 0.697447
447 -25.5766 0.572291 0.00783408 0.697638
448 -25.9086 0.566154 0.0079989 0.697818
449 -26.2512 0.559845 0.00817363 0.697986
450 -26.605 0.553358 0.00835913 0.698143
451 -26.9703 0.546689 0.00855635 0.698286
452 -27.3478 0.539834 0.00876634 0.698417
453 -27.7377 0.532789 0.00899027 0.698535
454 -28.1407 0.525552 0.00922943 0.69864
455 -28.5571 0.51812 0.00948524 0.698731
456 -28.9874 0.510492 0.00975928 0.698808
457 -29.4321 0.502667 0.0100533 0.698871
458 -29.8916 0.494646 0.0103692 0.698919
459 -30.3661 0.48643 0.0107093 0.698952
460 -30.8561 0.478022 0.0110757 0.698969
461 -31.3619 0.469427 0.0114712 0.69897
462 -31.8836 0.460652 0.0118988 0.698955
463 -32.4214 0.451704 0.0123616 0.698923
464 -32.9754 0.442592 0.0128632 0.698874
465 -33.5456 0.433329 0.0134075 0.698808
466 -34.1319 0.423927 0.013999 0.698724
467 -34.7341 0.414401 0.0146425 0.698621
468 -35.352 0.404768 0.0153431 0.698501
469 -35.985 0.395046 0.0161069 0.698361
470 -36.6328 0.385256 0.0169401 0.698202
471 -37.2947 0.375418 0.0178497 0.698024
472 -37.97 0.365555 0.0188433 0.697826
473 -38.6578 0.355688 0.0199291 0.697608
474 -39.3574 0.345843 0.0211162 0.69737
475 -40.0677 0.33604 0.0224141 0.697113
476 -40.7876 0.326304 0.0238332 0.696834
477 -41.5161 0.316658 0.0253846 0.696536
478 -42.252 0.307121 0.0270801 0.696217
479 -42.9942 0.297716 0.0289323 0.695878
480 -43.7415 0.28846 0.0309544 0.695518
481 -44.4928 0.27937 0.0331603 0.695139
482 -45.2469 0.270462 0.0355646 0.694739
483 -46.0027 0.261749 0.0381824 0.69432
484 -46.7593 0.253242 0.0410294 0.693881
485 -47.5157 0.24495 0.0441218 0.693422
486 -48.271 0.23688 0.0474761 0.692944
487 -49.0243 0.229037 0.0511093 0.692448
488 -49.7751 0.221425 0.0550386 0.691932
489 -50.5227 0.214045 0.0592813 0.691399
490 -51.2664 0.206896 0.063855 0.690847
491 -52.006 0.199978 0.068777 0.690278
492 -52.741 0.193288 0.0740649 0.689691
493 -53.4712 0.186822 0.079736 0.689088
494 -54.1962 0.180575 0.0858071 0.688467
495 -54.9161 0.174544 0.0922948 0.687831
496 -55.6306 0.168721 0.0992152 0.687178
497 -56.3398 0.163102 0.106584 0.68651
498 -57.0436 0.157679 0.114415 0.685826
499 -57.742 0.152447 0.122723 0.685127
500 -58.4351 0.147399 0.131519 0.684414
501 -59.1229 0.142529 0.140816 0.683686
502 -59.8054 0.137831 0.150622 0.682943
503 -60.4826 0.1333 0.160945 0.682187
504 -61.1545 0.12893 0.171792 0.681418
505 -61.821 0.124716 0.183164 0.680635
506 -62.482 0.120653 0.195064 0.679839
507 -63.1374 0.116738 0.207487 0.67903
508 -63.7869 0.112965 0.220429 0.678209
509 -64.4302 0.109332 0.23388 0.677376
510 -65.0671 0.105835 0.247827 0.676531
511 -65.6972 0.102472 0.262253 0.675674
512 -66.3199 0.0992387 0.277137 0.674805
513 -66.9347 0.0961335 0.292452 0.673925
514 -67.5412 0.0931539 0.308169 0.673035
515 -68.1386 0.0902976 0.324254 0.672134
516 -68.7264 0.0875623 0.340668 0.671222
517 -69.3039 0.0849458 0.357368 0.6703
518 -69.8704 0.0824459 0.374308 0.669369
519 -70.4253 0.0800603 0.391441 0.668428
520 -70.9678 0.0777865 0.408713 0.667479
521 -71.4974 0.075622 0.426072 0.66652
522 -72.0134 0.0735642 0.443462 0.665553
523 -72.5153 0.0716103 0.460827 0.664578
524 -73.0026 0.0697574 0.478113 0.663596
525 -73.4748 0.0680023 0.495264 0.662605
526 -73.9316 0.0663421 0.512227 0.661608
527 -74.3726 0.0647734 0.528952 0.660604
528 -74.7977 0.0632928 0.545389 0.659594
529 -75.2065 0.061897 0.561495 0.658578
530 -75.5992 0.0605826 0.577228 0.657556
531 -75.9755 0.0593461 0.592551 0.656529
532 -76.3357 0.058184 0.607431 0.655496
533 -76.6797 0.057093 0.621841 0.65446
534 -77.0078 0.0560696 0.635756 0.653418
535 -77.3202 0.0551104 0.64916 0.652373
536 -77.6172 0.0542124 0.662036 0.651324
537 -77.8991 0.0533721 0.674375 0.650272
538 -78.1662 0.0525865 0.686172 0.649217
539 -78.419 0.0518528 0.697425 0.648159
540 -78.6578 0.051168 0.708134 0.647098
541 -78.8832 0.0505293 0.718306 0.646035
542 -79.0955 0.0499341 0.727947 0.64497
543 -79.2952 0.0493798 0.737068 0.643903
544 -79.4829 0.0488642 0.745682 0.642835
545 -79.659 0.0483848 0.753802 0.641766
546 -79.8239 0.0479395 0.761443 0.640695
547 -79.9782 0.0475263 0.768624 0.639624
548 -80.1223 0.0471431 0.77536 0.638552
549 -80.2568 0.0467881 0.781672 0.637479
550 -80.382 0.0464596 0.787577 0.636407
551 -80.4985 0.046156 0.793094 0.635334
552 -80.6066 0.0458758 0.798242 0.634261
553 -80.7067 0.0456173 0.80304 0.633188
554 -80.7994 0.0453794 0.807507 0.632116
555 -80.885 0.0451606 0.811659 0.631044
556 -80.9638 0.0449599 0.815515 0.629972
557 -81.0363 0.0447761 0.819093 0.628901
558 -81.1027 0.044608 0.822407 0.627832
559 -81.1634 0.0444548 0.825474 0.626763
560 -81.2188 0.0443155 0.828309 0.625695
561 -81.2691 0.0441892 0.830926 0.624628
562 -81.3146 0.0440752 0.833339 0.623562
563 -81.3556 0.0439726 0.835561 0.622498
564 -81.3924 0.0438807 0.837603 0.621435
565 -81.4252 0.0437989 0.839478 0.620373
566 -81.4541 0.0437265 0.841196 0.619313
567 -81.4796 0.043663 0.842768 0.618255
568 -81.5017 0.0436078 0.844202 0.617198
569 -81.5206 0.0435605 0.845509 0.616143
570 -81.5366 0.0435205 0.846696 0.615089
571 -81.5498 0.0434873 0.847772 0.614038
572 -81.5603 0.0434606 0.848743 0.612988
573 -81.5684 0.04344 0.849617 0.61194
574 -81.5742 0.0434251 0.8504 0.610894
575 -81.5778 0.0434155 0.851098 0.60985
576 -81.5793 0.043411 0.851717 0.608808
577 -81.5789 0.0434112 0.852261 0.607768
578 -81.5766 0.0434159 0.852736 0.60673
579 -81.5727 0.0434249 0.853146 0.605694
580 -81.5671 0.0434377 0.853496 0.60466
581 -81.56 0.0434544 0.853789 0.603628
582 -81.5515 0.0434745 0.854028 0.602598
583 -81.5416 0.043498 0.854218 0.601571
584 -81.5305 0.0435245 0.854362 0.600546
585 -81.5182 0.0435541 0.854461 0.599522
586 -81.5047 0.0435864 0.85452 0.598501
587 -81.4902 0.0436214 0.85454 0.597483
588 -81.4746 0.0436589 0.854524 0.596466
589 -81.4582 0.0436987 0.854474 0.595452
590 -81.4408 0.0437408 0.854392 0.59444
591 -81.4226 0.043785 0.854281 0.593431
592 -81.4035 0.0438312 0.854141 0.592423
593 -81.3838 0.0438793 0.853974 0.591418
594 -81.3633 0.0439292 0.853782 0.590415
595 -81.3422 0.0439809 0.853567 0.589414
596 -81.3204 0.0440341 0.853329 0.588416
597 -81.298 0.0440889 0.85307 0.58742
598 -81.2751 0.0441452 0.852791 0.586427
599 -81.2516 0.0442028 0.852493 0.585435
