0 -71.9473 0.0738602 0.429134 0.675337
1 -65.8079 0.0954939 0.436034 0.674404
2 -58.865 0.133633 0.413141 0.673606
3 -56.9772 0.153928 0.368924 0.672914
4 -54.4096 0.172834 0.320307 0.672277
5 -50.925 0.201119 0.265639 0.671713
6 -45.8994 0.247451 0.203681 0.671259
7 -38.0712 0.33313 0.13592 0.670981
8 -24.7047 0.516204 0.0727024 0.67102
9 -1.93979 0.865813 0.031212 0.671676
10 13.6568 0.99142 0.0123875 0.673139
11 15.8497 0.996216 0.00512174 0.674906
12 14.0385 0.995281 0.0024518 0.67666
13 11.0438 0.992371 0.00154547 0.678312
14 7.80578 0.987086 0.00132241 0.679838
15 4.70979 0.978894 0.00137118 0.681238
16 1.91521 0.967681 0.00153117 0.682522
17 -0.528665 0.953917 0.0017359 0.683702
18 -2.62956 0.938475 0.00195523 0.684792
19 -4.42265 0.922308 0.00217422 0.685806
20 -5.95279 0.906197 0.00238521 0.686755
21 -7.26461 0.890661 0.00258455 0.687647
22 -8.3979 0.87598 0.00277095 0.688491
23 -9.38614 0.862263 0.00294447 0.689293
24 -10.2566 0.84951 0.00310592 0.690058
25 -11.0313 0.837667 0.00325646 0.690789
26 -11.7277 0.826649 0.00339735 0.691491
27 -12.3597 0.816367 0.00352986 0.692167
28 -12.9385 0.806731 0.00365516 0.692818
29 -13.4732 0.797658 0.00377431 0.693446
30 -13.9709 0.789073 0.00388825 0.694053
31 -14.4377 0.780911 0.00399783 0.694641
32 -14.8785 0.773112 0.00410379 0.69521
33 -15.2973 0.765625 0.00420678 0.695762
34 -15.6976 0.758405 0.00430739 0.696298
35 -16.0823 0.751412 0.00440615 0.696817
36 -16.4538 0.744612 0.00450352 0.697321
37 -16.8143 0.737974 0.00459994 0.69781
38 -17.1656 0.731471 0.00469581 0.698285
39 -17.5094 0.725077 0.0047915 0.698746
40 -17.8471 0.718771 0.00488736 0.699194
41 -18.1799 0.712532 0.00498373 0.699628
42 -18.509 0.706343 0.00508095 0.700049
43 -18.8356 0.700186 0.00517933 0.700457
44 -19.1605 0.694045 0.00527919 0.700852
45 -19.4846 0.687906 0.00538085 0.701235
46 -19.8089 0.681755 0.00548465 0.701606
47 -20.134 0.67558 0.00559092 0.701964
48 -20.4608 0.669367 0.00570001 0.702309
49 -20.7899 0.663105 0.00581228 0.702642
50 -21.1221 0.656783 0.00592812 0.702963
51 -21.4581 0.650389 0.00604794 0.703272
52 -21.7986 0.643912 0.00617217 0.703567
53 -22.1442 0.637343 0.00630129 0.703851
54 -22.4955 0.63067 0.0064358 0.704121
55 -22.8533 0.623884 0.00657625 0.704379
56 -23.2183 0.616975 0.00672323 0.704624
57 -23.591 0.609933 0.0068774 0.704856
58 -23.9721 0.60275 0.00703948 0.705075
59 -24.3624 0.595415 0.00721024 0.70528
60 -24.7626 0.587921 0.00739055 0.705471
61 -25.1732 0.580259 0.00758137 0.705649
62 -25.5951 0.57242 0.00778375 0.705812
63 -26.0288 0.564398 0.00799886 0.705961
64 -26.4751 0.556187 0.008228 0.706095
65 -26.9347 0.547779 0.00847261 0.706214
66 -27.4082 0.539171 0.0087343 0.706317
67 -27.8962 0.530359 0.00901486 0.706405
68 -28.3995 0.52134 0.00931627 0.706477
69 -28.9185 0.512113 0.00964076 0.706531
70 -29.4539 0.50268 0.00999082 0.706569
71 -30.0061 0.493041 0.0103692 0.70659
72 -30.5755 0.483203 0.0107791 0.706593
73 -31.1625 0.473172 0.0112238 0.706577
74 -31.7674 0.462956 0.0117073 0.706544
75 -32.3903 0.452567 0.012234 0.706491
76 -33.0313 0.442019 0.0128085 0.706418
77 -33.6902 0.431329 0.0134362 0.706326
78 -34.3669 0.420515 0.0141232 0.706214
79 -35.0611 0.409598 0.0148761 0.706081
80 -35.7722 0.398602 0.0157021 0.705927
81 -36.4996 0.387551 0.0166094 0.705752
82 -37.2426 0.376472 0.017607 0.705555
83 -38.0002 0.365394 0.0187046 0.705337
84 -38.7715 0.354344 0.019913 0.705096
85 -39.5553 0.343352 0.0212439 0.704834
86 -40.3503 0.332446 0.02271 0.704549
87 -41.1553 0.321653 0.0243251 0.704242
88 -41.9689 0.311001 0.026104 0.703913
89 -42.7897 0.300514 0.0280626 0.703561
90 -43.6163 0.290215 0.0302177 0.703188
91 -44.4474 0.280125 0.0325872 0.702792
92 -45.2816 0.270263 0.0351899 0.702374
93 -46.1175 0.260643 0.0380456 0.701934
94 -46.9541 0.251277 0.0411749 0.701473
95 -47.7902 0.242177 0.0445991 0.700991
96 -48.6248 0.23335 0.0483402 0.700488
97 -49.4569 0.224799 0.0524207 0.699964
98 -50.2858 0.216528 0.0568635 0.69942
99 -51.1108 0.208537 0.061692 0.698856
100 -51.9312 0.200824 0.0669294 0.698272
101 -52.7467 0.193386 0.0725992 0.697669
102 -53.5568 0.186218 0.0787247 0.697048
103 -54.3613 0.179316 0.0853285 0.696408
104 -55.1599 0.172672 0.0924331 0.69575
105 -55.9524 0.16628 0.10006 0.695075
106 -56.7388 0.160132 0.108229 0.694382
107 -57.5188 0.154221 0.11696 0.693672
108 -58.2926 0.148539 0.12627 0.692946
109 -59.0599 0.143078 0.136175 0.692204
110 -59.8208 0.137831 0.146687 0.691445
111 -60.575 0.132791 0.157817 0.690672
112 -61.3224 0.127951 0.169572 0.689883
113 -62.0628 0.123306 0.181955 0.689079
114 -62.7959 0.118849 0.194966 0.688261
115 -63.5214 0.114574 0.2086 0.687429
116 -64.2389 0.110478 0.222846 0.686583
117 -64.9479 0.106554 0.237689 0.685723
118 -65.6478 0.102799 0.253109 0.684851
119 -66.338 0.0992092 0.269078 0.683965
120 -67.0179 0.0957799 0.285563 0.683067
121 -67.6866 0.0925077 0.302527 0.682157
122 -68.3434 0.0893888 0.319926 0.681235
123 -68.9876 0.0864196 0.337708 0.680302
124 -69.6183 0.0835966 0.355821 0.679358
125 -70.2348 0.0809158 0.374203 0.678403
126 -70.8362 0.0783736 0.392793 0.677438
127 -71.4218 0.0759658 0.411525 0.676463
128 -71.991 0.0736886 0.430331 0.675478
129 -72.543 0.0715375 0.449141 0.674485
130 -73.0774 0.0695083 0.467888 0.673482
131 -66.9225 0.0901802 0.474808 0.672531
132 -60.0489 0.126229 0.452237 0.671711
133 -58.358 0.144298 0.408622 0.670995
134 -56.0845 0.160146 0.361039 0.670325
135 -53.0479 0.183249 0.307713 0.669719
136 -48.7426 0.219935 0.246725 0.669205
137 -42.1305 0.285559 0.177145 0.668835
138 -30.8301 0.423794 0.10436 0.66872
139 -9.23802 0.749804 0.0473915 0.669129
140 14.094 0.987953 0.0186547 0.670464
141 18.8956 0.997661 0.00737361 0.672321
142 17.606 0.997438 0.00319191 0.674217
143 14.6073 0.995841 0.00171178 0.676017
144 11.1512 0.992589 0.00126328 0.677685
145 7.73668 0.986996 0.00121826 0.679216
146 4.5849 0.978512 0.00133735 0.680616
147 1.78534 0.967066 0.0015254 0.681899
148 -0.643819 0.953162 0.0017411 0.683078
149 -2.72415 0.937683 0.0019642 0.684168
150 -4.49664 0.92156 0.00218382 0.685183
151 -6.00825 0.905548 0.00239405 0.686132
152 -7.3041 0.890141 0.00259203 0.687026
153 -8.42381 0.875601 0.00277682 0.687872
154 -9.4005 0.862025 0.00294868 0.688676
155 -10.2611 0.84941 0.00310847 0.689443
156 -11.0271 0.837698 0.0032574 0.690178
157 -11.7158 0.826805 0.00339674 0.690883
158 -12.341 0.81664 0.00352775 0.691561
159 -12.9136 0.807116 0.00365157 0.692216
160 -13.4424 0.79815 0.00376928 0.692848
161 -13.9347 0.789668 0.0038818 0.693459
162 -14.3964 0.781604 0.00398996 0.694051
163 -14.8322 0.773901 0.00409449 0.694625
164 -15.2463 0.766508 0.00419604 0.695181
165 -15.6419 0.759381 0.0042952 0.69572
166 -16.022 0.752481 0.00439246 0.696244
167 -16.3889 0.745772 0.0044883 0.696753
168 -16.7449 0.739225 0.00458314 0.697247
169 -17.0916 0.732813 0.00467738 0.697727
170 -17.4308 0.726512 0.00477138 0.698193
171 -17.7639 0.720299 0.00486547 0.698645
172 -18.092 0.714154 0.00496 0.699085
173 -18.4163 0.70806 0.00505528 0.699511
174 -18.738 0.702 0.00515162 0.699925
175 -19.0579 0.695959 0.00524933 0.700326
176 -19.3769 0.689922 0.00534872 0.700714
177 -19.6958 0.683876 0.00545011 0.70109
178 -20.0155 0.677807 0.00555382 0.701454
179 -20.3366 0.671704 0.00566018 0.701806
180 -20.6599 0.665556 0.00576954 0.702145
181 -20.986 0.65935 0.00588226 0.702473
182 -21.3157 0.653076 0.00599873 0.702787
183 -21.6496 0.646724 0.00611937 0.70309
184 -21.9883 0.640283 0.00624462 0.70338
185 -22.3325 0.633743 0.00637495 0.703658
186 -22.6829 0.627094 0.00651088 0.703923
187 -23.04 0.620327 0.00665297 0.704176
188 -23.4046 0.613432 0.00680184 0.704415
189 -23.7773 0.6064 0.00695814 0.704642
190 -24.1588 0.599221 0.00712261 0.704855
191 -24.5496 0.591887 0.00729606 0.705055
192 -24.9506 0.58439 0.00747937 0.705241
193 -25.3623 0.576722 0.00767353 0.705413
194 -25.7856 0.568874 0.00787963 0.705571
195 -26.2209 0.560841 0.00809886 0.705715
196 -26.669 0.552615 0.00833256 0.705843
197 -27.1307 0.544192 0.00858222 0.705957
198 -27.6064 0.535567 0.0088495 0.706055
199 -28.0969 0.526738 0.00913623 0.706137
200 -28.6028 0.517701 0.00944447 0.706203
201 -29.1246 0.508456 0.00977651 0.706252
202 -29.6628 0.499006 0.0101349 0.706285
203 -30.218 0.489353 0.0105225 0.706299
204 -30.7905 0.479502 0.0109426 0.706297
205 -31.3806 0.46946 0.0113986 0.706276
206 -31.9886 0.459238 0.0118946 0.706236
207 -32.6145 0.448848 0.0124349 0.706177
208 -33.2584 0.438304 0.0130247 0.706098
209 -33.9202 0.427623 0.0136692 0.706
210 -34.5995 0.416824 0.0143747 0.705882
211 -35.2962 0.405929 0.015148 0.705743
212 -36.0095 0.394963 0.0159966 0.705583
213 -36.7388 0.383949 0.0169286 0.705401
214 -37.4834 0.372916 0.0179534 0.705199
215 -38.2423 0.36189 0.0190809 0.704974
216 -39.0144 0.350901 0.020322 0.704727
217 -39.7986 0.339977 0.0216886 0.704459
218 -40.5937 0.329146 0.0231937 0.704168
219 -41.3983 0.318435 0.0248513 0.703855
220 -42.211 0.307871 0.0266762 0.70352
221 -43.0306 0.297477 0.0286845 0.703163
222 -43.8555 0.287276 0.0308932 0.702783
223 -44.6845 0.277287 0.0333203 0.702382
224 -45.5162 0.267528 0.0359847 0.701958
225 -46.3494 0.258014 0.0389063 0.701514
226 -47.1828 0.248755 0.0421055 0.701047
227 -48.0155 0.239762 0.0456038 0.70056
228 -48.8464 0.231041 0.0494231 0.700052
229 -49.6747 0.222596 0.0535858 0.699523
230 -50.4995 0.214428 0.0581146 0.698975
231 -51.3203 0.206538 0.0630327 0.698406
232 -52.1365 0.198924 0.0683632 0.697818
233 -52.9476 0.191582 0.0741292 0.697212
234 -53.7533 0.184508 0.0803536 0.696586
235 -54.5533 0.177695 0.087059 0.695943
236 -55.3474 0.171137 0.0942671 0.695282
237 -56.1354 0.164827 0.101999 0.694602
238 -56.9173 0.158758 0.110275 0.693906
239 -57.693 0.152922 0.119113 0.693194
240 -58.4623 0.147312 0.12853 0.692464
241 -59.2252 0.141919 0.138541 0.691719
242 -59.9817 0.136738 0.149158 0.690958
243 -60.7316 0.13176 0.16039 0.690182
244 -61.4747 0.12698 0.172245 0.689391
245 -62.2108 0.122391 0.184725 0.688585
246 -62.9396 0.117988 0.197828 0.687764
247 -63.6608 0.113765 0.211547 0.68693
248 -64.374 0.109717 0.225873 0.686082
249 -65.0787 0.105841 0.240789 0.685221
250 -65.7743 0.10213 0.256273 0.684346
251 -66.4602 0.0985828 0.272298 0.683459
252 -67.1357 0.095194 0.288829 0.68256
253 -67.8 0.0919604 0.305829 0.681648
254 -68.4524 0.0888783 0.323252 0.680725
255 -69.0922 0.0859441 0.341047 0.679791
256 -69.7184 0.0831544 0.35916 0.678845
257 -70.3304 0.0805053 0.377532 0.67789
258 -70.9273 0.077993 0.396098 0.676924
259 -71.5085 0.0756137 0.414795 0.675948
