0 -79.0071 0.050064 0.809459 0.522273
1 -72.3449 0.0675769 0.799467 0.521497
2 -65.1611 0.0974777 0.763281 0.520852
3 -63.3157 0.112697 0.705125 0.52031
4 -60.7704 0.127082 0.640339 0.51982
5 -57.1029 0.15002 0.563558 0.519405
6 -51.0345 0.193669 0.464212 0.519115
7 -37.8398 0.311247 0.320066 0.5191
8 13.7123 0.870845 0.14233 0.520157
9 37.4967 0.999876 0.0526329 0.523809
10 36.5189 0.999919 0.0195502 0.527732
11 34.2858 0.99988 0.00739635 0.531537
12 31.414 0.999798 0.00295324 0.535184
13 28.1954 0.999636 0.00135719 0.538649
14 24.8608 0.999329 0.000818462 0.541925
15 21.5657 0.998778 0.000677963 0.545014
16 18.4035 0.997842 0.000692411 0.547921
17 15.4283 0.996344 0.000771313 0.550659
18 12.6717 0.994095 0.000880119 0.553238
19 10.1521 0.990933 0.00100453 0.555673
20 7.87851 0.986773 0.00113741 0.557977
21 5.85137 0.981639 0.00127407 0.560164
22 4.06344 0.975674 0.00141078 0.562246
23 2.50094 0.969108 0.00154437 0.564236
24 1.14525 0.962213 0.00167229 0.566146
25 -0.0250338 0.955249 0.00179262 0.567985
26 -1.0322 0.948434 0.00190415 0.569763
27 -1.89795 0.941928 0.00200631 0.571488
28 -2.64247 0.935831 0.00209901 0.573165
29 -3.28386 0.930194 0.00218255 0.574802
30 -3.83799 0.925034 0.0022575 0.576402
31 -4.31854 0.920339 0.00232456 0.57797
32 -4.73717 0.916081 0.0023845 0.579509
33 -5.10374 0.912226 0.0024381 0.581023
34 -5.42654 0.908733 0.00248611 0.582512
35 -5.71254 0.905564 0.00252923 0.58398
36 -5.96756 0.902679 0.00256809 0.585429
37 -6.1965 0.900043 0.00260328 0.586859
38 -6.40344 0.897624 0.00263529 0.588272
39 -6.59184 0.895391 0.00266457 0.589669
40 -6.76456 0.89332 0.00269151 0.591051
41 -6.92404 0.891387 0.00271644 0.592419
42 -7.0723 0.889573 0.00273967 0.593772
43 -7.21109 0.88786 0.00276143 0.595113
44 -7.34183 0.886234 0.00278196 0.596441
45 -7.46578 0.88468 0.00280143 0.597757
46 -7.58394 0.883189 0.00282001 0.599061
47 -7.69723 0.88175 0.00283783 0.600353
48 -7.80637 0.880355 0.00285502 0.601634
49 -7.912 0.878996 0.00287168 0.602904
50 -8.01467 0.877668 0.00288789 0.604163
51 -8.11482 0.876365 0.00290373 0.605412
52 -8.21287 0.875082 0.00291927 0.60665
53 -8.30912 0.873816 0.00293457 0.607878
54 -8.40389 0.872562 0.00294966 0.609095
55 -8.4974 0.871319 0.0029646 0.610303
56 -8.58988 0.870083 0.00297942 0.611501
57 -8.68149 0.868852 0.00299415 0.612689
58 -8.77239 0.867624 0.00300882 0.613867
59 -8.86272 0.866397 0.00302345 0.615036
60 -8.95258 0.865171 0.00303806 0.616195
61 -9.04208 0.863943 0.00305267 0.617345
62 -9.13131 0.862713 0.0030673 0.618486
63 -9.22033 0.861479 0.00308196 0.619617
64 -9.30921 0.860242 0.00309667 0.620739
65 -9.39801 0.858999 0.00311142 0.621852
66 -9.48677 0.857751 0.00312624 0.622956
67 -9.57553 0.856496 0.00314114 0.624051
68 -9.66435 0.855235 0.00315611 0.625137
69 -9.75323 0.853967 0.00317116 0.626214
70 -9.84223 0.852691 0.00318632 0.627282
71 -9.93136 0.851407 0.00320157 0.628341
72 -10.0206 0.850115 0.00321692 0.629392
73 -10.1101 0.848814 0.00323238 0.630434
74 -10.1997 0.847504 0.00324796 0.631467
75 -10.2896 0.846185 0.00326366 0.632492
76 -10.3797 0.844857 0.00327948 0.633509
77 -10.47 0.843519 0.00329542 0.634516
78 -10.5606 0.842171 0.0033115 0.635516
79 -10.6515 0.840813 0.00332771 0.636507
80 -10.7426 0.839444 0.00334405 0.63749
81 -10.834 0.838065 0.00336054 0.638464
82 -10.9258 0.836676 0.00337718 0.63943
83 -11.0178 0.835276 0.00339396 0.640388
84 -11.1102 0.833864 0.00341089 0.641338
85 -11.2029 0.832442 0.00342799 0.642279
86 -11.2959 0.831008 0.00344524 0.643213
87 -11.3893 0.829562 0.00346265 0.644139
88 -11.4831 0.828105 0.00348023 0.645056
89 -11.5772 0.826635 0.00349798 0.645966
90 -11.6717 0.825154 0.00351591 0.646867
91 -11.7666 0.82366 0.00353401 0.647761
92 -11.862 0.822154 0.0035523 0.648647
93 -11.9577 0.820635 0.00357078 0.649525
94 -12.0539 0.819103 0.00358944 0.650395
95 -12.1505 0.817558 0.00360831 0.651257
96 -12.2475 0.816 0.00362737 0.652112
97 -12.345 0.814428 0.00364663 0.652959
98 -12.443 0.812843 0.00366611 0.653799
99 -12.5415 0.811243 0.0036858 0.65463
100 -12.6405 0.80963 0.00370572 0.655455
101 -12.7399 0.808002 0.00372585 0.656271
102 -12.8399 0.806359 0.00374622 0.65708
103 -12.9405 0.804701 0.00376682 0.657882
104 -13.0416 0.803028 0.00378767 0.658676
105 -13.1432 0.80134 0.00380877 0.659463
106 -13.2454 0.799635 0.00383012 0.660242
107 -13.3483 0.797915 0.00385173 0.661014
108 -13.4517 0.796178 0.00387361 0.661778
109 -13.5558 0.794425 0.00389577 0.662535
110 -13.6605 0.792655 0.00391821 0.663285
111 -13.7659 0.790867 0.00394095 0.664028
112 -13.872 0.789061 0.00396398 0.664763
113 -13.9788 0.787238 0.00398732 0.665491
114 -14.0863 0.785396 0.00401098 0.666212
115 -14.1945 0.783535 0.00403496 0.666925
116 -14.3036 0.781655 0.00405928 0.667631
117 -14.4134 0.779755 0.00408395 0.66833
118 -14.524 0.777835 0.00410897 0.669022
119 -14.6355 0.775895 0.00413436 0.669707
120 -14.7478 0.773934 0.00416012 0.670385
121 -14.861 0.771951 0.00418628 0.671055
122 -14.9751 0.769946 0.00421284 0.671718
123 -15.0902 0.767918 0.00423981 0.672375
124 -15.2062 0.765867 0.00426722 0.673024
125 -15.3233 0.763793 0.00429506 0.673666
126 -15.4414 0.761694 0.00432337 0.674301
127 -15.5605 0.75957 0.00435215 0.674929
128 -15.6808 0.757421 0.00438142 0.675549
129 -15.8022 0.755245 0.00441121 0.676163
130 -15.9248 0.753043 0.00444151 0.67677
131 -16.0486 0.750812 0.00447237 0.67737
132 -16.1737 0.748554 0.00450378 0.677962
133 -16.3001 0.746265 0.00453579 0.678548
134 -16.4278 0.743947 0.0045684 0.679126
135 -16.557 0.741598 0.00460165 0.679697
136 -16.6875 0.739216 0.00463556 0.680261
137 -16.8196 0.736802 0.00467015 0.680819
138 -16.9532 0.734354 0.00470545 0.681369
139 -17.0885 0.731871 0.00474149 0.681912
140 -17.2254 0.729351 0.0047783 0.682447
141 -17.364 0.726795 0.00481592 0.682976
142 -17.5044 0.7242 0.00485438 0.683498
143 -17.6467 0.721565 0.00489371 0.684012
144 -17.791 0.718889 0.00493396 0.684519
145 -17.9372 0.716171 0.00497516 0.685019
146 -18.0856 0.713409 0.00501737 0.685511
147 -18.2361 0.710602 0.00506062 0.685997
148 -18.3889 0.707748 0.00510497 0.686475
149 -18.544 0.704845 0.00515046 0.686945
150 -18.7016 0.701891 0.00519716 0.687409
151 -18.8617 0.698886 0.00524513 0.687864
152 -19.0245 0.695826 0.00529443 0.688313
153 -19.1901 0.692711 0.00534513 0.688753
154 -19.3585 0.689537 0.00539729 0.689186
155 -19.53 0.686302 0.00545101 0.689612
156 -19.7045 0.683005 0.00550637 0.69003
157 -19.8824 0.679643 0.00556345 0.69044
158 -20.0637 0.676213 0.00562235 0.690842
159 -20.2486 0.672712 0.00568318 0.691236
160 -20.4373 0.669138 0.00574605 0.691622
161 -20.6298 0.665488 0.00581107 0.692
162 -20.8264 0.661759 0.00587839 0.69237
163 -21.0274 0.657948 0.00594813 0.692732
164 -21.2328 0.654051 0.00602046 0.693085
165 -21.4428 0.650064 0.00609553 0.69343
166 -21.6578 0.645985 0.00617353 0.693767
167 -21.878 0.641808 0.00625464 0.694094
168 -22.1035 0.637531 0.00633907 0.694413
169 -22.3347 0.63315 0.00642706 0.694723
170 -22.5718 0.628659 0.00651884 0.695024
171 -22.8151 0.624054 0.00661468 0.695315
172 -23.0649 0.619332 0.00671488 0.695597
173 -23.3216 0.614486 0.00681976 0.69587
174 -23.5853 0.609513 0.00692966 0.696132
175 -23.8566 0.604407 0.00704496 0.696385
176 -24.1358 0.599163 0.00716608 0.696627
177 -24.4231 0.593776 0.00729347 0.69686
178 -24.7191 0.588241 0.00742764 0.697081
179 -25.0241 0.582553 0.00756913 0.697292
180 -25.3385 0.576706 0.00771854 0.697492
181 -25.6629 0.570694 0.00787653 0.69768
182 -25.9975 0.564514 0.00804384 0.697857
183 -26.343 0.55816 0.00822127 0.698022
184 -26.6996 0.551627 0.00840971 0.698175
185 -27.068 0.544911 0.00861012 0.698316
186 -27.4486 0.538008 0.00882361 0.698443
187 -27.8418 0.530915 0.00905135 0.698558
188 -28.2482 0.523629 0.00929467 0.698659
189 -28.6681 0.516147 0.00955505 0.698747
190 -29.1021 0.508468 0.00983409 0.69882
191 -29.5505 0.500593 0.0101336 0.698879
192 -30.0138 0.492522 0.0104555 0.698923
193 -30.4923 0.484257 0.0108022 0.698952
194 -30.9863 0.475801 0.0111759 0.698965
195 -31.4961 0.46716 0.0115794 0.698962
196 -32.0219 0.45834 0.0120157 0.698943
197 -32.5639 0.44935 0.0124882 0.698906
198 -33.1221 0.440198 0.0130004 0.698853
199 -33.6964 0.430899 0.0135566 0.698782
200 -34.2868 0.421464 0.014161 0.698694
201 -34.893 0.411909 0.0148187 0.698587
202 -35.5148 0.402252 0.0155351 0.698461
203 -36.1517 0.392512 0.0163162 0.698316
204 -36.8031 0.382708 0.0171685 0.698153
205 -37.4685 0.372862 0.018099 0.697969
206 -38.1471 0.362997 0.0191156 0.697766
207 -38.838 0.353134 0.0202268 0.697543
208 -39.5404 0.343298 0.0214415 0.6973
209 -40.2533 0.333511 0.0227697 0.697037
210 -40.9755 0.323797 0.0242219 0.696754
211 -41.7059 0.314178 0.0258094 0.69645
212 -42.4435 0.304674 0.0275441 0.696126
213 -43.1871 0.295306 0.0294388 0.695781
214 -43.9355 0.286092 0.031507 0.695417
215 -44.6875 0.277049 0.0337627 0.695032
216 -45.4421 0.268191 0.0362205 0.694627
217 -46.1982 0.259531 0.0388959 0.694203
218 -46.9548 0.251079 0.0418046 0.693759
219 -47.7109 0.242844 0.0449628 0.693295
220 -48.4657 0.234833 0.0483874 0.692812
221 -42.2894 0.286782 0.0464648 0.692393
222 -34.748 0.383245 0.0356524 0.692169
223 -32.6608 0.437659 0.0249061 0.692105
224 -31.1567 0.465525 0.0183971 0.692101
225 -30.3055 0.482582 0.014681 0.692136
226 -29.9399 0.490748 0.0126741 0.69219
227 -29.8931 0.492738 0.011666 0.692251
228 -30.0419 0.490852 0.0112298 0.692311
229 -30.3078 0.486647 0.0111216 0.692363
230 -30.6448 0.48107 0.011205 0.692406
231 -31.0272 0.47466 0.0114055 0.692437
232 -31.4408 0.467717 0.0116829 0.692455
233 -31.878 0.460408 0.0120158 0.692459
234 -32.3347 0.452825 0.0123938 0.692449
235 -32.8088 0.445022 0.0128123 0.692424
236 -33.299 0.437034 0.01327 0.692384
237 -33.8046 0.428881 0.013768 0.692328
238 -34.3253 0.420583 0.0143084 0.692256
239 -34.8605 0.412155 0.0148942 0.692168
240 -35.41 0.403612 0.0155293 0.692063
241 -35.9735 0.39497 0.0162179 0.691941
242 -36.5505 0.386246 0.0169648 0.691802
243 -37.1405 0.377456 0.0177753 0.691645
244 -37.743 0.368617 0.0186552 0.691471
245 -38.3573 0.359749 0.0196108 0.691278
246 -38.9828 0.350869 0.0206488 0.691068
247 -39.6186 0.341998 0.0217765 0.690839
248 -40.264 0.333154 0.0230017 0.690591
249 -40.918 0.324357 0.0243326 0.690325
250 -41.5798 0.315624 0.0257782 0.690041
251 -42.2483 0.306974 0.0273477 0.689738
252 -42.9226 0.298424 0.029051 0.689416
253 -43.6017 0.28999 0.0308984 0.689075
254 -44.2847 0.281687 0.0329006 0.688716
255 -44.9705 0.273528 0.035069 0.688339
256 -45.6582 0.265524 0.0374151 0.687943
257 -46.3469 0.257687 0.0399507 0.687529
258 -47.0359 0.250024 0.0426883 0.687097
259 -47.7242 0.242544 0.0456404 0.686648
260 -48.4112 0.235252 0.0488197 0.686181
261 -49.0962 0.228152 0.052239 0.685696
262 -49.7785 0.221246 0.0559115 0.685195
263 -50.4578 0.214537 0.0598501 0.684677
264 -51.1334 0.208023 0.0640679 0.684143
265 -51.8051 0.201705 0.0685781 0.683592
266 -52.4725 0.19558 0.0733933 0.683026
267 -53.1354 0.189646 0.0785265 0.682444
268 -53.7937 0.183899 0.0839902 0.681846
269 -54.447 0.178335 0.0897965 0.681234
270 -55.0955 0.17295 0.0959575 0.680607
271 -55.7391 0.167739 0.102485 0.679966
272 -56.3778 0.162696 0.109389 0.67931
273 -57.0115 0.157816 0.116681 0.678641
274 -57.6405 0.153095 0.124371 0.677958
275 -58.2648 0.148527 0.132467 0.677262
276 -58.8845 0.144105 0.140979 0.676552
277 -59.4996 0.139827 0.149913 0.67583
278 -60.1103 0.135686 0.159275 0.675096
279 -60.7166 0.131677 0.169072 0.674349
280 -61.3186 0.127797 0.179305 0.67359
281 -61.9164 0.124042 0.189977 0.67282
282 -62.5099 0.120407 0.201089 0.672037
283 -63.099 0.11689 0.212637 0.671244
284 -63.6838 0.113486 0.224619 0.670439
285 -64.264 0.110193 0.237027 0.669623
286 -64.8394 0.10701 0.249852 0.668796
287 -65.4099 0.103932 0.263083 0.667959
288 -65.9751 0.100959 0.276704 0.667112
289 -66.5346 0.0980883 0.290697 0.666254
290 -67.0882 0.0953186 0.305041 0.665387
291 -67.6353 0.0926483 0.319711 0.66451
292 -68.1754 0.0900761 0.33468 0.663623
293 -68.7082 0.0876007 0.349917 0.662727
294 -69.2329 0.0852208 0.365389 0.661822
295 -69.749 0.0829352 0.381059 0.660909
296 -70.2561 0.0807424 0.396888 0.659987
297 -70.7534 0.0786412 0.412835 0.659057
298 -71.2405 0.0766301 0.428859 0.658119
299 -71.7169 0.0747075 0.444914 0.657173
300 -72.1819 0.0728718 0.460956 0.65622
301 -72.6351 0.0711211 0.476941 0.655259
302 -73.076 0.0694535 0.492824 0.654292
303 -73.5043 0.067867 0.508562 0.653318
304 -73.9196 0.0663594 0.524111 0.652338
305 -74.3217 0.0649284 0.539431 0.651352
306 -74.7102 0.0635717 0.554484 0.650361
307 -75.085 0.0622867 0.569235 0.649364
308 -75.4459 0.0610712 0.58365 0.648362
309 -75.793 0.0599224 0.597699 0.647355
310 -76.1262 0.0588378 0.611357 0.646343
311 -76.4455 0.0578148 0.624601 0.645328
312 -76.7511 0.0568508 0.637412 0.644308
313 -77.043 0.0559433 0.649774 0.643285
314 -77.3215 0.0550897 0.661675 0.642259
315 -77.5867 0.0542874 0.673106 0.641229
316 -77.839 0.053534 0.684063 0.640197
317 -78.0787 0.0528272 0.694543 0.639162
318 -78.306 0.0521645 0.704547 0.638125
319 -78.5213 0.0515437 0.714077 0.637086
320 -78.7249 0.0509627 0.72314 0.636045
321 -78.9172 0.0504193 0.731743 0.635002
322 -79.0986 0.0499114 0.739895 0.633958
323 -79.2695 0.0494372 0.747608 0.632912
324 -79.4303 0.0489948 0.754893 0.631866
325 -79.5813 0.0485824 0.761765 0.630818
326 -79.723 0.0481983 0.768237 0.62977
327 -79.8557 0.047841 0.774324 0.628722
328 -79.9799 0.0475088 0.780042 0.627673
329 -80.0958 0.0472004 0.785406 0.626625
330 -80.204 0.0469143 0.790431 0.625576
331 -80.3047 0.0466493 0.795135 0.624527
332 -80.3984 0.046404 0.799531 0.623478
333 -80.4853 0.0461775 0.803636 0.62243
334 -80.5657 0.0459686 0.807465 0.621383
335 -80.6401 0.0457761 0.811031 0.620336
336 -80.7087 0.0455993 0.81435 0.619289
337 -80.7718 0.0454371 0.817434 0.618244
338 -80.8297 0.0452887 0.820298 0.617199
339 -80.8826 0.0451532 0.822954 0.616156
340 -80.9309 0.0450299 0.825414 0.615113
341 -80.9748 0.0449181 0.827689 0.614072
342 -81.0145 0.0448172 0.829791 0.613032
343 -81.0502 0.0447263 0.83173 0.611994
344 -81.0822 0.0446451 0.833516 0.610957
345 -81.1107 0.0445728 0.835158 0.609921
346 -81.1358 0.0445091 0.836665 0.608887
347 -81.1577 0.0444533 0.838045 0.607854
348 -81.1767 0.0444051 0.839307 0.606823
349 -81.1929 0.044364 0.840458 0.605794
350 -81.2064 0.0443295 0.841504 0.604766
351 -81.2173 0.0443013 0.842451 0.603741
352 -81.2259 0.0442792 0.843307 0.602717
353 -81.2323 0.0442626 0.844077 0.601695
354 -81.2365 0.0442512 0.844766 0.600675
355 -81.2388 0.0442448 0.84538 0.599656
356 -81.2391 0.0442432 0.845922 0.59864
357 -81.2377 0.044246 0.846397 0.597625
358 -81.2346 0.044253 0.84681 0.596613
359 -81.2299 0.044264 0.847164 0.595603
360 -81.2237 0.0442787 0.847463 0.594594
361 -81.2161 0.0442969 0.847709 0.593588
362 -81.2071 0.0443185 0.847907 0.592584
363 -81.1969 0.0443433 0.848059 0.591582
364 -81.1855 0.0443711 0.848168 0.590582
365 -81.1729 0.0444018 0.848237 0.589584
366 -81.1593 0.0444351 0.848267 0.588589
367 -81.1447 0.044471 0.84826 0.587595
368 -81.129 0.0445094 0.84822 0.586604
369 -81.1125 0.04455 0.848148 0.585615
370 -81.0951 0.0445929 0.848045 0.584628
371 -81.077 0.0446378 0.847914 0.583643
372 -81.058 0.0446847 0.847756 0.582661
373 -81.0383 0.0447336 0.847572 0.581681
374 -81.0179 0.0447842 0.847364 0.580703
375 -80.9968 0.0448365 0.847133 0.579727
376 -80.9752 0.0448905 0.84688 0.578754
377 -80.9529 0.044946 0.846606 0.577782
378 -80.93 0.045003 0.846313 0.576814
379 -80.9067 0.0450615 0.846001 0.575847
380 -80.8828 0.0451213 0.845671 0.574882
381 -80.8584 0.0451824 0.845325 0.57392
382 -80.8336 0.0452448 0.844962 0.572961
383 -80.8083 0.0453084 0.844584 0.572003
384 -80.7826 0.0453731 0.844191 0.571048
385 -80.7565 0.0454389 0.843785 0.570095
386 -80.73 0.0455059 0.843364 0.569144
387 -80.7031 0.0455738 0.842931 0.568196
388 -80.6759 0.0456428 0.842486 0.56725
389 -80.6484 0.0457127 0.842029 0.566306
390 -80.6205 0.0457835 0.84156 0.565364
391 -80.5923 0.0458553 0.841081 0.564425
392 -80.5638 0.0459279 0.84059 0.563488
393 -80.5351 0.0460013 0.84009 0.562554
394 -80.506 0.0460756 0.83958 0.561621
395 -80.4767 0.0461507 0.83906 0.560691
396 -80.4471 0.0462265 0.838531 0.559764
397 -80.4173 0.0463031 0.837994 0.558838
398 -80.3873 0.0463805 0.837447 0.557915
399 -80.357 0.0464585 0.836893 0.556994
400 -80.3265 0.0465373 0.83633 0.556076
401 -80.2957 0.0466168 0.835759 0.55516
402 -80.2648 0.046697 0.835181 0.554246
403 -80.2336 0.0467778 0.834594 0.553334
404 -80.2022 0.0468593 0.834001 0.552425
405 -80.1707 0.0469414 0.8334 0.551518
406 -80.139 0.0470241 0.832792 0.550613
407 -80.107 0.0471075 0.832178 0.549711
408 -80.0749 0.0471915 0.831556 0.548811
409 -80.0426 0.0472761 0.830928 0.547913
410 -80.0101 0.0473613 0.830293 0.547017
411 -79.9775 0.0474472 0.829651 0.546124
412 -79.9446 0.0475336 0.829004 0.545233
413 -79.9116 0.0476207 0.82835 0.544344
414 -79.8785 0.0477083 0.827689 0.543457
415 -79.8451 0.0477965 0.827022 0.542573
416 -79.8116 0.0478853 0.82635 0.541691
417 -79.778 0.0479747 0.82567 0.540811
418 -79.7441 0.0480647 0.824985 0.539934
419 -79.7101 0.0481553 0.824294 0.539059
420 -79.676 0.0482465 0.823597 0.538186
421 -79.6416 0.0483383 0.822894 0.537315
422 -79.6072 0.0484306 0.822185 0.536447
423 -79.5725 0.0485236 0.82147 0.535581
424 -79.5377 0.0486172 0.820749 0.534717
425 -79.5027 0.0487113 0.820022 0.533855
426 -79.4676 0.0488061 0.819288 0.532996
427 -79.4323 0.0489015 0.818549 0.532139
428 -79.3968 0.0489975 0.817803 0.531284
429 -79.3612 0.0490941 0.817052 0.530431
430 -79.3254 0.0491914 0.816295 0.529581
431 -79.2895 0.0492893 0.815532 0.528733
432 -79.2533 0.0493878 0.814762 0.527887
433 -79.217 0.049487 0.813986 0.527043
434 -79.1805 0.0495869 0.813204 0.526202
435 -79.1438 0.0496874 0.812416 0.525363
436 -79.107 0.0497887 0.811621 0.524526
437 -79.07 0.0498905 0.81082 0.523691
438 -79.0328 0.0499931 0.810013 0.522858
439 -78.9954 0.0500965 0.809199 0.522028
