0 -14.80450628 0.7728345953
1 -14.9184713 0.770834232
2 -15.03337634 0.7688113361
3 -15.14925153 0.7667653417
4 -15.26612824 0.7646956598
5 -15.38403912 0.7626016771
6 -15.5030182 0.7604827547
7 -15.62310094 0.7583382268
8 -15.74432431 0.7561673995
9 -15.86672688 0.7539695486
10 -15.99034894 0.751743919
11 -16.11523252 0.7494897223
12 -16.24142156 0.747206135
13 -16.368962 0.7448922974
14 -16.49790186 0.7425473107
15 -16.62829139 0.7401702355
16 -16.76018321 0.7377600894
17 -16.89363238 0.7353158448
18 -17.02869665 0.7328364263
19 -17.16543649 0.7303207081
20 -17.30391536 0.7277675114
21 -17.44419983 0.7251756014
22 -17.58635974 0.7225436841
23 -17.73046847 0.7198704034
24 -17.87660308 0.7171543376
25 -18.02484457 0.7143939956
26 -18.1752781 0.7115878132
27 -18.32799325 0.7087341494
28 -18.48308427 0.7058312818
29 -18.6406504 0.7028774027
30 -18.80079613 0.699870614
31 -18.96363154 0.6968089231
32 -19.12927266 0.6936902371
33 -19.29784176 0.6905123584
34 -19.46946783 0.6872729789
35 -19.6442869 0.6839696745
36 -19.82244249 0.6805998996
37 -20.0040861 0.6771609813
38 -20.18937758 0.6736501133
39 -20.37848575 0.6700643504
40 -20.5715888 0.666400602
41 -20.76887489 0.662655627
42 -20.9705427 0.6588260278
43 -21.17680199 0.6549082448
44 -21.38787418 0.650898552
45 -21.60399299 0.6467930525
46 -21.825405 0.6425876747
47 -22.05237029 0.63827817
48 -22.28516303 0.6338601116
49 -22.52407205 0.6293288944
50 -22.76940141 0.6246797374
51 -23.0214709 0.619907688
52 -23.28061649 0.6150076294
53 -23.54719068 0.6099742909
54 -23.82156278 0.6048022625
55 -24.10411904 0.5994860136
56 -24.39526257 0.5940199171
57 -24.69541315 0.5883982797
58 -25.00500668 0.5826153787
59 -25.32449444 0.5766655068
60 -25.65434196 0.570543025
61 -25.99502745 0.5642424251
62 -26.34703986 0.5577584026
63 -26.71087639 0.5510859398
64 -27.08703933 0.5442204003
65 -27.47603243 0.5371576358
66 -27.87835641 0.5298941027
67 -28.29450389 0.5224269911
68 -28.72495341 0.5147543621
69 -29.17016279 0.5068752937
70 -29.63056171 0.4987900316
71 -30.10654356 0.4905001425
72 -30.59845671 0.4820086638
73 -31.10659528 0.4733202478
74 -31.63118965 0.4644412903
75 -32.17239685 0.4553800416
76 -32.73029125 0.4461466892
77 -33.3048557 0.4367534076
78 -33.89597363 0.4272143674
79 -34.50342242 0.4175456992
80 -35.1268684 0.4077654056
81 -35.76586391 0.3978932219
82 -36.41984661 0.3879504226
83 -37.08814142 0.3779595768
84 -37.76996517 0.3679442584
85 -38.4644339 0.3579287179
86 -39.17057292 0.3479375262
87 -39.88732923 0.3379952023
88 -40.61358603 0.3281258387
89 -41.3481789 0.3183527368
90 -42.08991305 0.3086980664
91 -42.83758114 0.2991825608
92 -43.58998102 0.2898252561
93 -44.34593287 0.2806432835
94 -45.10429517 0.271651717
95 -45.86397912 0.2628634793
96 -46.62396104 0.2542893042
97 -47.38329267 0.2459377509
98 -48.14110907 0.2378152662
99 -48.89663412 0.2299262865
100 -49.64918371 0.2222733732
101 -50.39816665 0.2148573725
102 -51.14308341 0.2076775929
103 -51.88352309 0.2007319936
104 -52.61915852 0.1940173762
105 -53.34974 0.187529576
106 -54.0750877 0.1812636482
107 -54.79508304 0.1752140437
108 -55.50965916 0.1693747751
109 -56.21879076 0.163739568
110 -56.92248344 0.1583019985
111 -57.62076276 0.1530556142
112 -58.31366314 0.1479940401
113 -59.00121689 0.143111068
114 -59.68344349 0.1384007296
115 -60.36033939 0.1338573545
116 -61.03186852 0.1294756115
117 -61.69795378 0.1252505359
118 -62.35846972 0.1211775423
119 -63.01323664 0.1172524237
120 -63.66201633 0.1134713383
121 -64.3045096 0.1098307861
122 -64.94035578 0.1063275751
123 -65.56913413 0.102958781
124 -66.19036731 0.09972170069
125 -66.80352672 0.09661380326
126 -67.40803957 0.0936326788
127 -68.00329751 0.09077598897
128 -68.58866644 0.08804142
129 -69.16349724 0.08542664034
130 -69.72713698 0.08292926408
131 -70.2789403 0.08054682128
132 -70.81828052 0.07827673559
133 -71.34456022 0.07611630941
134 -71.85722089 0.07406271644
135 -72.35575151 0.07211300097
136 -72.83969575 0.07026408325
137 -73.3086578 0.06851276999
138 -73.76230668 0.06685576898
139 -74.20037909 0.0652897067
140 -74.62268078 0.06381114805
141 -75.02908661 0.06241661711
142 -75.41953941 0.06110261814
143 -75.79404775 0.05986565622
144 -76.15268282 0.0587022568
145 -76.49557455 0.05760898381
146 -76.82290725 0.05658245608
147 -77.13491476 0.05561936179
148 -77.43187535 0.0547164709
149 -77.71410659 0.05387064557
150 -77.98196007 0.05307884858
151 -78.23581632 0.05233814991
152 -78.47607983 0.05164573159
153 -78.70317438 0.05099889092
154 -78.91753857 0.0503950424
155 -79.11962169 0.04983171826
156 -79.30987999 0.04930656813
157 -79.48877323 0.04881735764
158 -79.65676158 0.04836196634
159 -79.81430295 0.04793838503
160 -79.96185055 0.04754471259
161 -80.09985086 0.04717915238
162 -80.22874183 0.04684000845
163 -80.34895147 0.0465256815
164 -80.46089654 0.04623466472
165 -80.56498166 0.04596553959
166 -80.66159849 0.04571697169
167 -80.75112516 0.04548770646
168 -80.8339259 0.0452765651
169 -80.9103508 0.04508244057
170 -80.98073563 0.04490429362
171 -81.04540191 0.04474114904
172 -81.10465698 0.044592092
173 -81.15879417 0.04445626455
174 -81.20809305 0.04433286226
175 -81.25281974 0.04422113107
176 -81.29322728 0.04412036421
177 -81.32955598 0.04402989936
178 -81.36203386 0.04394911588
179 -81.39087705 0.04387743225
180 -81.41629031 0.04381430367
181 -81.43846741 0.0437592197
182 -81.45759163 0.04371170213
183 -81.47383622 0.04367130294
184 -81.48736484 0.04363760242
185 -81.49833202 0.0436102073
186 -81.5068836 0.04358874913
187 -81.51315715 0.04357288268
188 -81.5172824 0.04356228442
189 -81.51938164 0.04355665121
190 -81.51957012 0.04355569891
191 -81.51795639 0.04355916123
192 -81.5146427 0.04356678854
193 -81.50972534 0.04357834687
194 -81.50329494 0.04359361682
195 -81.4954368 0.04361239271
196 -81.48623122 0.04363448166
197 -81.47575373 0.04365970279
198 -81.46407541 0.04368788647
199 -81.45126312 0.04371887357
200 -81.43737973 0.04375251483
201 -81.4224844 0.04378867023
202 -81.40663275 0.0438272084
203 -81.38987708 0.04386800606
204 -81.37226658 0.04391094756
205 -81.35384749 0.04395592435
206 -81.33466328 0.04400283458
207 -81.31475483 0.04405158265
208 -81.29416056 0.04410207885
209 -81.27291659 0.04415423898
210 -81.25105687 0.04420798401
211 -81.22861331 0.04426323977
212 -81.20561589 0.04431993668
213 -81.18209279 0.0443780094
214 -81.15807049 0.04443739665
215 -81.13357388 0.04449804093
216 -81.10862632 0.04455988827
217 -81.08324977 0.04462288808
218 -81.05746485 0.0446869929
219 -81.03129092 0.04475215822
220 -81.00474616 0.04481834234
221 -80.97784762 0.04488550616
222 -80.95061133 0.04495361308
223 -80.92305231 0.04502262881
224 -80.89518464 0.04509252125
225 -80.86702153 0.04516326039
226 -80.83857537 0.04523481817
227 -80.80985774 0.04530716837
228 -80.7808795 0.04538028651
229 -80.75165082 0.04545414978
230 -80.7221812 0.0455287369
231 -80.69247951 0.04560402807
232 -80.66255404 0.04568000491
233 -80.63241254 0.04575665033
234 -80.6020622 0.0458339485
235 -80.57150975 0.0459118848
236 -80.54076141 0.04599044571
237 -80.50982299 0.0460696188
238 -80.47869986 0.04614939266
239 -80.44739698 0.04622975683
240 -80.41591894 0.0463107018
241 -80.38426996 0.04639221893
242 -80.35245393 0.04647430042
243 -80.32047441 0.04655693927
244 -80.28833462 0.04664012925
245 -80.25603753 0.04672386487
246 -80.22358578 0.04680814135
247 -80.19098177 0.04689295458
248 -80.15822763 0.04697830109
249 -80.12532526 0.04706417807
250 -80.09227628 0.04715058328
251 -80.05908213 0.04723751508
252 -80.02574401 0.0473249724
253 -79.99226291 0.04741295471
254 -79.95863962 0.04750146199
255 -79.92487473 0.04759049478
256 -79.89096866 0.04768005409
257 -79.85692162 0.04777014143
258 -79.82273365 0.04786075884
259 -79.7884044 0.04795190923
260 -79.75393163 0.04804359981
261 -79.71929602 0.04813587507
262 -79.68431739 0.04822913123
263 -79.64728399 0.04832711787
264 -79.59189875 0.04846559241
265 -79.36301874 0.04898727679
266 -77.48607365 0.05331742505
267 -60.14765221 0.1107445049
268 30.49471713 0.9621869344
269 38.6642807 0.9999360597
270 38.0168268 0.9999371359
271 36.25353678 0.9999140079
272 33.69200505 0.9998629282
273 30.59298416 0.9997578608
274 27.23726294 0.9995513954
275 23.83939328 0.9991651735
276 20.53380266 0.998481674
277 17.39726769 0.997342957
278 14.47260466 0.995563278
279 11.78338102 0.9929597161
280 9.340961049 0.9893963114
281 7.147394937 0.9848265673
282 5.196827179 0.9793153159
283 3.476834423 0.9730293691
284 1.970114469 0.9662019571
285 0.6563845133 0.9590870937
286 -0.4858280652 0.9519202156
287 -1.477748744 0.9448938319
288 -2.339367925 0.9381485977
289 -3.088872926 0.9317755007
290 -3.742407741 0.9258239392
291 -4.314056093 0.9203116415
292 -4.815958275 0.915234034
293 -5.258496098 0.9105720011
294 -5.650502747 0.9062977995
295 -5.999471736 0.9023793028
296 -6.311751153 0.8987828967
297 -6.592717057 0.8954753564
298 -6.846924351 0.8924249945
299 -7.078235939 0.8896023022
300 -7.289932145 0.8869802527
301 -7.484802808 0.8845343842
302 -7.665224513 0.8822427472
303 -7.833225241 0.8800857712
304 -7.990538446 0.8780460885
305 -8.138648333 0.8761083398
306 -8.278827781 0.8742589769
307 -8.412170181 0.872486071
308 -8.539616195 0.870779133
309 -8.661976296 0.8691289477
310 -8.779949796 0.8675274235
311 -8.894140933 0.8659674573
312 -9.005072515 0.8644428137
313 -9.113197491 0.8629480181
314 -9.21890881 0.8614782621
315 -9.322547816 0.8600293203
316 -9.424411412 0.8585974772
317 -9.524758199 0.8571794629
318 -9.62381372 0.8557723971
319 -9.72177497 0.8543737398
320 -9.818814261 0.8529812483
321 -9.915082554 0.8515929397
322 -10.01071232 0.8502070578
323 -10.10582002 0.8488220448
324 -10.20050822 0.8474365158
325 -10.29486746 0.8460492372
326 -10.38897783 0.8446591072
327 -10.48291036 0.8432651393
328 -10.57672821 0.8418664474
329 -10.6704877 0.8404622331
330 -10.76423926 0.8390517744
331 -10.85802814 0.8376344156
332 -10.95189516 0.8362095592
333 -11.04587727 0.8347766576
334 -11.14000809 0.8333352067
335 -11.23431833 0.8318847403
336 -11.32883623 0.8304248244
337 -11.42358788 0.8289550527
338 -11.51859753 0.8274750431
339 -11.61388787 0.8259844333
340 -11.70948024 0.8244828782
341 -11.80539486 0.8229700468
342 -11.90165102 0.8214456198
343 -11.99826722 0.8199092871
344 -12.09526132 0.8183607461
345 -12.19265068 0.8167996998
346 -12.29045227 0.8152258548
347 -12.38868277 0.8136389204
348 -12.48735868 0.8120386065
349 -12.58649636 0.8104246231
350 -12.68611216 0.8087966786
351 -12.78622247 0.807154479
352 -12.88684377 0.8054977266
353 -12.9879927 0.8038261195
354 -13.08968615 0.8021393502
355 -13.19194125 0.8004371052
356 -13.29477547 0.7987190637
357 -13.39820664 0.7969848973
358 -13.50225303 0.7952342687
359 -13.60693336 0.7934668313
360 -13.71226686 0.7916822283
361 -13.81827333 0.7898800917
362 -13.92497314 0.7880600421
363 -14.03238734 0.7862216871
364 -14.14053763 0.7843646213
365 -14.24944648 0.782488425
366 -14.35913713 0.7805926633
367 -14.46963363 0.7786768856
368 -14.58096095 0.7767406244
369 -14.69314494 0.7747833945
370 -14.80621248 0.772804692
371 -14.92019146 0.7708039932
372 -15.0351109 0.7687807536
373 -15.15100094 0.7667344069
374 -15.26789299 0.7646643637
375 -15.3858197 0.7625700103
376 -15.50481514 0.7604507074
377 -15.62491477 0.7583057889
378 -15.74615561 0.7561345603
379 -15.86857624 0.7539362971
380 -15.99221696 0.7517102435
381 -16.11711986 0.7494556107
382 -16.2433289 0.7471715747
383 -16.37089004 0.7448572752
384 -16.49985133 0.7425118127
385 -16.63026307 0.7401342474
386 -16.7621779 0.7377235961
387 -16.89565095 0.7352788304
388 -17.03073996 0.7327988743
389 -17.16750549 0.7302826012
390 -17.30601103 0.7277288315
391 -17.44632317 0.7251363293
392 -17.58851185 0.7225038001
393 -17.73265047 0.7198298866
394 -17.87881617 0.7171131661
395 -18.02708999 0.7143521463
396 -18.17755716 0.7115452621
397 -18.33030733 0.7086908712
398 -18.48543484 0.70578725
399 -18.64303898 0.7028325894
400 -18.80322433 0.69982499
401 -18.96610107 0.6967624576
402 -19.1317853 0.6936428979
403 -19.30039941 0.6904641116
404 -19.47207248 0.6872237889
405 -19.64694064 0.6839195039
406 -19.82514756 0.6805487093
407 -20.00684482 0.67710873
408 -20.19219244 0.6735967578
409 -20.38135934 0.6700098452
410 -20.57452388 0.6663448996
411 -20.77187438 0.6625986774
412 -20.97360966 0.6587677786
413 -21.17993967 0.6548486413
414 -21.391086 0.6508375369
415 -21.60728256 0.6467305658
416 -21.82877613 0.6425236538
417 -22.055827 0.6382125498
418 -22.28870955 0.633792824
419 -22.52771285 0.6292598687
420 -22.77314117 0.6246089004
421 -23.02531456 0.619834964
422 -23.28456922 0.6149329402
423 -23.55125792 0.6098975561
424 -23.82575022 0.6047233998
425 -24.10843261 0.5994049389
426 -24.39970846 0.5939365451
427 -24.6999978 0.5883125245
428 -25.00973678 0.5825271542
429 -25.32937688 0.5765747276
430 -25.65938384 0.5704496069
431 -26.00023606 0.5641462868
432 -26.35242263 0.5576594661
433 -26.71644083 0.5509841322
434 -27.09279303 0.5441156554
435 -27.48198295 0.5370498954
436 -27.88451125 0.5297833188
437 -28.30087036 0.5223131276
438 -28.73153856 0.5146373972
439 -29.17697333 0.5067552221
440 -29.63760385 0.4986668666
441 -30.11382289 0.4903739185
442 -30.60597808 0.4818794385
443 -31.11436265 0.473188104
444 -31.63920596 0.4643063382
445 -32.18066385 0.4552424198
446 -32.73880938 0.4460065661
447 -33.31362397 0.4366109815
448 -33.90498948 0.4270698666
449 -34.51268167 0.4173993808
450 -35.13636518 0.4076175542
451 -35.77559059 0.3977441467
452 -36.42979387 0.387800454
453 -37.09829827 0.3778090628
454 -37.78031902 0.3677935597
455 -38.47497074 0.3577782027
456 -39.18127745 0.3477875646
457 -39.89818508 0.3378461609
458 -40.62457599 0.3279780748
459 -41.35928518 0.3182065931
460 -42.10111754 0.3085538663
461 -42.84886566 0.2990406037
462 -43.60132762 0.2896858143
463 -44.35732404 0.2805065994
464 -45.11571412 0.271518001
465 -45.87540992 0.2627329093
466 -46.63538885 0.2541620249
467 -47.39470384 0.2458138748
468 -48.15249125 0.2376948746
469 -48.90797633 0.2298094315
470 -49.66047637 0.2221600798
471 -50.40940156 0.2147476413
472 -51.15425376 0.2075714027
473 -51.89462333 0.2006293044
474 -52.63018433 0.1939181319
475 -53.36068819 0.1874337078
476 -54.08595605 0.1811710764
477 -54.80587018 0.1751246812
478 -55.52036443 0.1692885293
479 -56.22941404 0.1636563431
480 -56.93302499 0.1582216973
481 -57.63122306 0.15297814
482 -58.32404272 0.147919298
483 -59.01151616 0.1430389663
484 -59.69366259 0.1383311807
485 -60.37047803 0.1337902756
486 -61.04192588 0.1294109251
487 -61.70792834 0.1251881702
488 -62.36835919 0.1211174313
489 -63.02303788 0.1171945069
490 -63.67172529 0.1134155606
491 -64.31412132 0.1097770972
492 -64.94986436 0.1062759291
493 -65.57853281 0.1029091358
494 -66.19964849 0.09967401705
495 -66.81268209 0.09656804413
496 -67.41706023 0.09358880858
497 -68.01217409 0.09073397278
498 -68.59738926 0.08800122298
499 -69.17205649 0.08538822706
500 -69.73552286 0.08289259806
501 -70.28714323 0.08051186459
502 -70.82629127 0.07824344854
503 -71.35237009 0.07608465045
504 -71.86482183 0.07403264205
505 -72.36313623 0.0720844657
506 -72.84685785 0.07023703986
507 -73.31559181 0.06848716963
508 -73.76900815 0.06683156145
509 -74.20684459 0.06526684072
510 -74.62890792 0.06378957158
511 -75.03507404 0.06239627764
512 -75.4252868 0.06108346303
513 -75.79955571 0.05984763301
514 -76.15795288 0.05868531347
515 -76.50060911 0.05759306904
516 -76.82770948 0.05656751951
517 -77.13948852 0.05560535419
518 -77.43622517 0.05470334437
519 -77.71823751 0.05385835364
520 -77.98587761 0.05306734638
521 -78.23952641 0.05232739422
522 -78.47958872 0.05163568088
523 -78.70648858 0.05098950545
524 -78.92066475 0.05038628416
525 -79.12256669 0.04982355105
526 -79.31265071 0.04929895749
527 -79.49137659 0.04881027082
528 -79.6592045 0.04835537232
529 -79.81659229 0.04793225443
530 -79.96399307 0.04753901762
531 -80.10185322 0.04717386681
532 -80.23061055 0.04683510751
533 -80.3506929 0.04652114186
534 -80.46251687 0.04623046441
535 -80.56648686 0.04596165793
536 -80.66299436 0.04571338924
537 -80.75241727 0.04548440493
538 -80.83511964 0.04527352734
539 -80.9114513 0.04507965045
540 -80.98174785 0.04490173602
541 -81.04633057 0.04473880976
542 -81.1055066 0.04458995773
543 -81.15956904 0.04445432281
544 -81.20879728 0.04433110135
545 -81.25345724 0.04421954002
546 -81.29380175 0.04411893275
547 -81.33007093 0.04402861785
548 -81.36249262 0.04394797529
549 -81.3912828 0.04387642414
550 -81.41664603 0.04381342011
551 -81.43877594 0.04375845326
552 -81.45785564 0.04371104587
553 -81.47405825 0.04367075035
554 -81.48754727 0.04363714739
555 -81.4984771 0.04360984411
