0 -81.41003952 0.0438190122
1 -77.83141983 0.05216996989
2 -73.15502822 0.06676214241
3 -66.65283498 0.09240444242
4 -42.82127461 0.2227982612
5 39.78221444 0.9985324728
6 38.72213258 0.9999447014
7 37.14370491 0.9999270473
8 34.54475614 0.9998835098
9 31.06053037 0.9997801943
10 27.07748702 0.9995445272
11 22.97672038 0.9990389061
12 19.00974506 0.9980376545
13 15.30800237 0.9962258953
14 11.92997157 0.9932408969
15 8.896497905 0.9887622795
16 6.20828226 0.9826238197
17 3.852838943 0.9748898051
18 1.807752012 0.9658494076
19 0.04361948869 0.9559335758
20 -1.47264538 0.9456038062
21 -2.774692399 0.9352639294
22 -3.894378347 0.9252166284
23 -4.860371593 0.9156584987
24 -5.697582187 0.9066966989
25 -6.427153801 0.8983724898
26 -7.066768975 0.8906832615
27 -7.631088766 0.883599831
28 -8.132218233 0.8770786963
29 -8.580141324 0.8710701119
30 -8.983101358 0.8655230946
31 -9.347921568 0.8603883337
32 -9.680269153 0.8556197399
33 -9.984869957 0.8511751458
34 -10.26568178 0.8470164986
35 -10.52603385 0.8431097624
36 -10.76873906 0.8394246671
37 -10.9961844 0.8359343863
38 -11.21040401 0.8326151926
39 -11.41313847 0.8294461185
40 -11.60588303 0.8264086378
41 -11.78992711 0.8234863728
42 -11.9663867 0.8206648325
43 -12.13623114 0.8179311784
44 -12.30030531 0.8152740185
45 -12.45934814 0.8126832261
46 -12.61400798 0.8101497809
47 -12.76485567 0.8076656311
48 -12.91239544 0.8052235713
49 -13.05707415 0.8028171378
50 -13.19928918 0.8004405158
51 -13.33939513 0.7980884588
52 -13.47770952 0.7957562181
53 -13.61451777 0.7934394812
54 -13.75007738 0.7911343176
55 -13.8846216 0.7888371309
56 -14.01836264 0.7865446172
57 -14.15149435 0.7842537279
58 -14.28419471 0.7819616374
59 -14.41662785 0.7796657137
60 -14.54894598 0.7773634927
61 -14.68129092 0.7750526553
62 -14.81379565 0.772731007
63 -14.94658549 0.7703964591
64 -15.0797793 0.768047012
65 -15.21349048 0.7656807406
66 -15.3478279 0.7632957799
67 -15.48289671 0.7608903129
68 -15.61879915 0.7584625586
69 -15.75563518 0.7560107618
70 -15.8935032 0.7535331824
71 -16.03250058 0.7510280865
72 -16.17272425 0.7484937372
73 -16.31427126 0.7459283863
74 -16.45723922 0.7433302659
75 -16.60172686 0.7406975806
76 -16.74783446 0.7380284999
77 -16.89566432 0.7353211501
78 -17.04532122 0.7325736075
79 -17.1969129 0.7297838901
80 -17.35055046 0.7269499505
81 -17.5063489 0.7240696681
82 -17.66442753 0.7211408416
83 -17.82491048 0.7181611808
84 -17.98792719 0.7151282985
85 -18.15361293 0.7120397025
86 -18.32210933 0.708892787
87 -18.49356492 0.7056848237
88 -18.66813576 0.7024129531
89 -18.84598597 0.6990741748
90 -19.02728844 0.6956653383
91 -19.21222544 0.6921831334
92 -19.40098936 0.6886240798
93 -19.59378342 0.6849845173
94 -19.79082241 0.6812605953
95 -19.99233356 0.6774482629
96 -20.19855728 0.6735432583
97 -20.4097481 0.6695410992
98 -20.62617551 0.6654370729
99 -20.8481249 0.6612262276
100 -21.07589849 0.6569033641
101 -21.30981625 0.6524630289
102 -21.55021687 0.6478995089
103 -21.79745869 0.643206828
104 -22.05192056 0.6383787464
105 -22.31400272 0.6334087629
106 -22.58412756 0.6282901214
107 -22.86274024 0.6230158222
108 -23.15030924 0.6175786387
109 -23.44732666 0.6119711417
110 -23.75430827 0.6061857309
111 -24.0717933 0.6002146768
112 -24.4003438 0.5940501728
113 -24.74054357 0.5876844002
114 -25.09299658 0.581109607
115 -25.45832469 0.574318202
116 -25.83716467 0.5673028666
117 -26.23016437 0.5600566838
118 -26.63797796 0.552573287
119 -27.06126009 0.5448470277
120 -27.50065892 0.5368731623
121 -27.95680798 0.5286480567
122 -28.43031676 0.520169406
123 -28.92176004 0.5114364661
124 -29.43166614 0.5024502909
125 -29.96050396 0.4932139698
126 -30.50866932 0.4837328549
127 -31.07647066 0.4740147698
128 -31.66411455 0.4640701867
129 -32.27169153 0.4539123609
130 -32.89916278 0.4435574093
131 -33.54634828 0.4330243215
132 -34.21291707 0.422334893
133 -34.89838028 0.4115135739
134 -35.60208767 0.4005872274
135 -36.32322792 0.3895848012
136 -37.06083331 0.3785369165
137 -37.81378886 0.3674753856
138 -38.58084579 0.3564326757
139 -39.36063922 0.3454413377
140 -40.15170936 0.3345334246
141 -40.95252557 0.3237399227
142 -41.76151242 0.3130902202
143 -42.5770766 0.3026116342
144 -43.39763374 0.292329014
145 -44.22163409 0.2822644322
146 -45.04758617 0.2724369714
147 -45.87407758 0.2628626078
148 -46.69979252 0.2535541867
149 -47.52352547 0.244521483
150 -48.34419111 0.2357713339
151 -49.16083028 0.2273078316
152 -49.9726123 0.2191325609
153 -50.77883388 0.2112448675
154 -51.57891499 0.2036421448
155 -52.37239214 0.1963201261
156 -53.15890943 0.1892731744
157 -53.93820792 0.1824945604
158 -54.7101135 0.1759767231
159 -55.47452392 0.1697115105
160 -56.23139497 0.1636903951
161 -56.98072644 0.1579046653
162 -57.72254792 0.1523455908
163 -58.45690472 0.1470045619
164 -59.1838443 0.1418732053
165 -59.90340325 0.136943475
166 -60.61559524 0.1322077214
167 -61.32040007 0.1276587391
168 -62.01775408 0.1232897953
169 -62.70754223 0.11909464
170 -63.38959197 0.1150675004
171 -64.06366911 0.1112030615
172 -64.72947584 0.1074964338
173 -65.38665104 0.1039431121
174 -66.03477275 0.1005389264
175 -66.67336287 0.09727998833
176 -67.30189384 0.09416263507
177 -67.91979723 0.09118337291
178 -68.52647366 0.08833882354
179 -69.12130399 0.08562567421
180 -69.70366119 0.08304063384
181 -70.27292252 0.08058039594
182 -70.82848158 0.07824160943
183 -71.3697599 0.07602085743
184 -71.89621757 0.07391464401
185 -72.4073628 0.07191938851
186 -72.90276001 0.07003142662
187 -73.38203639 0.06824701723
188 -73.84488681 0.06656235412
189 -74.29107706 0.06497358119
190 -74.72044551 0.06347681023
191 -75.13290326 0.0620681402
192 -75.52843286 0.06074367696
193 -75.9070859 0.05949955288
194 -76.26897956 0.05833194546
195 -76.61429233 0.05723709468
196 -76.94325908 0.05621131852
197 -77.25616577 0.05525102669
198 -77.55334378 0.05435273218
199 -77.83516419 0.0535130608
200 -78.10203203 0.05272875874
201 -78.35438069 0.05199669816
202 -78.59266651 0.05131388106
203 -78.81736367 0.05067744153
204 -79.02895941 0.05008464662
205 -79.22794963 0.04953289593
206 -79.41483489 0.04901972017
207 -79.5901168 0.04854277886
208 -79.75429483 0.04809985727
209 -79.90786349 0.04768886278
210 -80.05130993 0.04730782084
211 -80.18511185 0.04695487057
212 -80.30973581 0.04662826007
213 -80.42563577 0.04632634168
214 -80.53325199 0.04604756714
215 -80.63301013 0.04579048265
216 -80.72532061 0.0455537241
217 -80.81057817 0.04533601228
218 -80.8891616 0.04513614823
219 -80.9614336 0.04495300874
220 -81.02774086 0.04478554197
221 -81.08841413 0.04463276327
222 -81.1437685 0.04449375115
223 -81.19410369 0.04436764346
224 -81.2397044 0.04425363373
225 -81.28084077 0.0441509677
226 -81.31776882 0.04405894002
227 -81.35073098 0.04397689119
228 -81.37995654 0.04390420458
229 -81.40566223 0.04384030371
230 -81.42805274 0.04378464961
231 -81.44732126 0.04373673844
232 -81.46364998 0.04369609911
233 -81.47721067 0.04366229124
234 -81.48816516 0.04363490304
235 -81.49666587 0.0436135495
236 -81.50285624 0.04359787059
237 -81.5068713 0.04358752962
238 -81.50883804 0.0435822117
239 -81.50887589 0.04358162228
240 -81.50709715 0.04358548585
241 -81.50360735 0.04359354462
242 -81.4985057 0.0436055574
243 -81.49188538 0.04362129849
244 -81.48383396 0.04364055664
245 -81.47443368 0.04366313413
246 -81.46376177 0.04368884586
247 -81.4518908 0.04371751853
248 -81.43888886 0.04374898987
249 -81.42481994 0.04378310789
250 -81.40974408 0.04381973028
251 -77.83109827 0.05217087823
252 -73.15465004 0.06676346056
253 -66.65229665 0.09240685058
254 -42.81858951 0.2228170478
255 39.78223992 0.9985329586
256 38.72214759 0.9999447016
257 37.14375405 0.9999270479
258 34.54488658 0.9998835124
259 31.06079486 0.9997802044
260 27.07792119 0.9995445618
261 22.97733441 0.9990390088
262 19.01052865 0.9980379191
263 15.30893266 0.9962264886
264 11.93101934 0.9932420649
265 8.897631966 0.9887643202
266 6.209472895 0.9826270215
267 3.854060646 0.9748943787
268 1.808985209 0.9658554446
269 0.04485099527 0.9559410512
270 -1.471422988 0.9456126137
271 -2.773482035 0.9352739248
272 -3.893179798 0.9252276646
273 -4.859182726 0.9156704458
274 -5.696399859 0.9067094516
275 -6.42597448 0.8983859677
276 -7.065589129 0.8906974057
277 -7.629905074 0.8836145993
278 -8.131027703 0.8770940591
279 -8.578941327 0.8710860487
280 -8.981889629 0.865539591
281 -9.346696184 0.8604053796
282 -9.679028501 0.855637328
283 -9.983612696 0.8511932707
284 -10.2644068 0.8470351559
285 -10.52474025 0.8431289486
286 -10.76742611 0.8394443791
287 -10.9948515 0.8359546213
288 -11.20905069 0.8326359479
289 -11.41176435 0.8294673919
290 -11.60448781 0.8264304269
291 -11.78851054 0.8235086757
292 -11.96494859 0.8206876474
293 -12.13477133 0.8179545038
294 -12.29882368 0.8152978532
295 -12.45784455 0.8127075692
296 -12.61248233 0.810174632
297 -12.76330786 0.8076909899
298 -12.91082535 0.8052494384
299 -13.05548167 0.802843514
300 -13.19767418 0.8004674024
301 -13.33775745 0.7981158576
302 -13.47604901 0.7957841317
303 -13.61283424 0.7934679126
304 -13.74837061 0.7911632703
305 -13.88289137 0.7888666092
306 -14.01660866 0.7865746259
307 -14.14971634 0.7842842726
308 -14.28239233 0.7819927244
309 -14.41480075 0.7796973498
310 -14.54709374 0.7773956856
311 -14.67941312 0.7750854135
312 -14.81189181 0.7727643396
313 -14.94465509 0.7704303761
314 -15.07782177 0.7680815244
315 -15.21150522 0.76571586
316 -15.34581425 0.7633315189
317 -15.48085398 0.7609266851
318 -15.61672657 0.7584995787
319 -15.75353196 0.7560484452
320 -15.89136846 0.7535715458
321 -16.0303334 0.7510671476
322 -16.17052365 0.748533515
323 -16.31203618 0.7459689009
324 -16.45496854 0.7433715388
325 -16.59941939 0.7407396347
326 -16.74548893 0.7380713593
327 -16.89327937 0.7353648406
328 -17.04289541 0.7326181564
329 -17.1944447 0.7298293263
330 -17.34803825 0.7269963048
331 -17.50379095 0.7241169733
332 -17.661822 0.7211891321
333 -17.82225542 0.7182104932
334 -17.98522052 0.7151786717
335 -18.15085245 0.7120911777
336 -18.31929269 0.7089454078
337 -18.49068964 0.7057386363
338 -18.66519917 0.7024680064
339 -18.84298527 0.6991305207
340 -19.02422063 0.6957230318
341 -19.20908734 0.6922422325
342 -19.39777758 0.688684646
343 -19.59049436 0.6850466157
344 -19.78745225 0.6813242947
345 -19.98887822 0.677513636
346 -20.19501244 0.6736103821
347 -20.40610915 0.6696100547
348 -20.62243757 0.6655079457
349 -20.84428278 0.661299108
350 -21.07194665 0.6569783469
351 -21.30574885 0.652540214
352 -21.5460277 0.6479790011
353 -21.79314115 0.643288737
354 -22.04746768 0.638463187
355 -22.30940711 0.6334958549
356 -22.57938141 0.6283799893
357 -22.85783532 0.623108595
358 -23.14523689 0.6176744499
359 -23.44207775 0.6120701282
360 -23.74887325 0.6062880329
361 -24.06616217 0.6003204368
362 -24.39450614 0.5941595345
363 -24.73448857 0.5877975073
364 -25.08671304 0.5812266016
365 -25.4518011 0.5744392229
366 -25.83038925 0.567428047
367 -26.22312517 0.560186149
368 -26.63066293 0.5527071512
369 -27.05365719 0.5449853912
370 -27.49275627 0.5370161076
371 -27.94859402 0.528795645
372 -28.42178042 0.5203216728
373 -28.91289095 0.5115934169
374 -29.42245485 0.5026118971
375 -29.95094218 0.493380164
376 -30.49875018 0.4839035272
377 -31.06618898 0.4741897639
378 -31.65346709 0.4642492971
379 -32.26067725 0.4540953305
380 -32.8877831 0.4437439287
381 -33.53460724 0.433214029
382 -34.20082151 0.4225273769
383 -34.88593998 0.4117083752
384 -35.58931532 0.4007838452
385 -36.31013913 0.3897826993
386 -37.04744649 0.3787355311
387 -37.80012502 0.3676741349
388 -38.56692825 0.3566309697
389 -39.34649329 0.3456385886
390 -40.13736189 0.3347290576
391 -40.93800456 0.3239333858
392 -41.74684647 0.3132809936
393 -42.56229446 0.3027992385
394 -43.38276383 0.2925130166
395 -44.20670404 0.282444452
396 -45.03262239 0.2726126825
397 -45.85910495 0.2630337405
398 -46.68483406 0.2537205276
399 -47.50860214 0.244682873
400 -48.32932165 0.2359276658
401 -49.14603113 0.227459046
402 -49.9578976 0.2192786418
403 -50.76421549 0.2113858371
404 -51.56440259 0.2037780586
405 -52.35799338 0.1964510674
406 -53.1446301 0.1893992493
407 -53.92405214 0.1826158926
408 -54.69608399 0.1760934499
409 -55.46062217 0.169823778
410 -56.21762158 0.163798355
411 -56.96708132 0.1580084714
412 -57.70903055 0.1524453961
413 -58.44351445 0.1471005165
414 -59.17058055 0.1419654543
415 -59.89026576 0.1370321572
416 -60.60258428 0.1322929681
417 -61.30751661 0.1277406733
418 -62.00500001 0.1233685314
419 -62.69492045 0.1191702839
420 -63.37710647 0.1151401495
421 -64.05132506 0.1112728052
422 -64.71727962 0.1075633542
423 -65.37461018 0.1040072849
424 -66.02289588 0.1006004218
425 -66.66165961 0.09733887213
426 -67.29037468 0.09421896945
427 -67.90847332 0.09123721767
428 -68.51535666 0.088390237
429 -69.11040581 0.08567471409
430 -69.6929938 0.08308735799
431 -70.2624977 0.080624863
432 -70.81831071 0.07828387924
433 -71.35985374 0.07606099138
434 -71.88658608 0.07395270522
435 -72.39801498 0.07195544185
436 -72.89370374 0.07006553863
437 -73.37327833 0.06827925595
438 -73.83643233 0.06659278884
439 -74.28293019 0.06500228211
440 -74.71260892 0.06350384814
441 -75.12537825 0.06209358608
442 -75.52121942 0.06076760164
443 -75.90018276 0.05952202662
444 -76.26238425 0.05835303767
445 -76.60800126 0.05725687354
446 -76.93726766 0.05622985078
447 -77.25046848 0.05526837735
448 -77.54793431 0.05436896433
449 -77.83003551 0.05352823543
450 -78.09717652 0.05274293463
451 -78.34979025 0.05200993178
452 -78.58833264 0.0513262265
453 -78.81327756 0.05068895048
454 -79.02511204 0.05009536833
455 -79.22433185 0.04954287726
456 -79.41143749 0.04902900559
457 -79.58693055 0.04855141053
458 -79.75131056 0.04810787505
459 -79.90507215 0.04769630434
460 -80.0487026 0.04731472173
461 -80.18267981 0.04696126426
462 -80.30747054 0.0466341781
463 -80.42352899 0.0463318137
464 -80.53129568 0.04605262101
465 -80.63119654 0.04579514453
466 -80.72364228 0.04555801855
467 -80.80902793 0.04533996233
468 -80.88773255 0.04513977546
469 -80.96011917 0.04495633338
470 -81.02653475 0.04478858295
471 -81.08731034 0.04463553834
472 -81.14276131 0.04449627691
473 -81.19318766 0.04436993545
474 -81.23887437 0.04425570648
475 -81.28009184 0.04415283481
476 -81.31709637 0.04406061422
477 -81.35013059 0.04397838436
478 -81.37942407 0.04390552786
479 -81.40519375 0.0438414675
480 -81.42764453 0.04378566365
481 -81.44696982 0.04373761181
482 -81.46335202 0.04369684034
483 -81.47696307 0.04366290827
484 -81.48796499 0.04363540333
485 -81.49651035 0.04361394
486 -81.50274279 0.04359815782
487 -81.50679747 0.04358771967
488 -81.50880152 0.04358231027
489 -81.50887451 0.04358163471
490 -81.50712888 0.04358541711
491 -81.50367028 0.0435933994
492 -81.49859802 0.04360534006
493 -81.4920054 0.04362101312
494 -81.48398009 0.04364020708
495 -81.47460443 0.04366272397
496 -81.46395574 0.04368837845
497 -81.45210666 0.04371699702
498 -81.43912539 0.0437484172
499 -81.42507596 0.04378248683
500 -81.41001851 0.04381906341
501 -77.83139762 0.05217003284
502 -73.15500291 0.06676223096
503 -66.65280009 0.09240459909
504 -42.8211069 0.2227994394
505 39.78221566 0.9985325027
506 38.72213262 0.9999447014
507 37.14370605 0.9999270473
508 34.54476084 0.9998835099
509 31.06054158 0.9997801947
510 27.07750691 0.9995445288
511 22.97674971 0.999038911
512 19.00978344 0.9980376675
513 15.30804868 0.9962259248
514 11.93002431 0.9932409556
515 8.896555441 0.988762383
516 6.208343021 0.9826239829
517 3.852901565 0.9748900394
518 1.807815436 0.965849718
519 0.04368298714 0.9559339611
520 -1.472582231 0.9456042611
521 -2.774629784 0.9352644465
522 -3.894316282 0.9252171998
523 -4.860309987 0.9156591178
524 -5.697520891 0.90669736
525 -6.427092643 0.8983731888
526 -7.06670778 0.8906839952
527 -7.631027364 0.8836005971
528 -8.132156473 0.8770794933
529 -8.580079071 0.8710709387
530 -8.983038494 0.8655239505
531 -9.347857992 0.8603892181
532 -9.68020478 0.8556206525
533 -9.984804717 0.8511760864
534 -10.26561561 0.8470174669
535 -10.5259667 0.8431107583
536 -10.7686709 0.8394256905
537 -10.99611519 0.835935437
538 -11.21033372 0.8326162705
539 -11.41306709 0.8294472236
540 -11.60581054 0.8264097699
541 -11.78985349 0.823487532
542 -11.96631193 0.8206660186
543 -12.13615522 0.8179323914
544 -12.30022824 0.8152752584
545 -12.4592699 0.8126844928
546 -12.61392857 0.8101510745
547 -12.76477508 0.8076669515
548 -12.91231366 0.8052249186
549 -13.05699118 0.8028185121
550 -13.19920501 0.8004419172
551 -13.33930974 0.7980898873
552 -13.47762291 0.795757674
553 -13.61442993 0.7934409647
554 -13.7499883 0.7911358288
555 -13.88453126 0.78883867
556 -14.01827102 0.7865461846
557 -14.15140145 0.7842553239
558 -14.2841005 0.7819632623
559 -14.41653231 0.7796673679
560 -14.54884909 0.7773651766
561 -14.68119266 0.7750543695
562 -14.81369599 0.7727327519
563 -14.9464844 0.7703982353
564 -15.07967675 0.7680488201
565 -15.21338644 0.7656825812
566 -15.34772232 0.7632976537
567 -15.48278957 0.7608922206
568 -15.6186904 0.7584645011
569 -15.75552478 0.7560127399
570 -15.8933911 0.753535197
571 -16.03238672 0.7510301386
572 -16.17260859 0.7484958278
573 -16.31415373 0.7459305165
574 -16.45711978 0.7433324369
575 -16.60160543 0.7406997937
576 -16.74771097 0.7380307563
577 -16.8955387 0.7353234513
578 -17.04519339 0.732575955
579 -17.19678277 0.7297862854
580 -17.35041795 0.7269523953
581 -17.50621392 0.7240721643
582 -17.66428997 0.721143391
583 -17.82477024 0.7181637853
584 -17.98778415 0.7151309603
585 -18.15346698 0.7120424239
586 -18.32196033 0.7088955704
587 -18.49341275 0.7056876716
588 -18.66798026 0.7024158681
589 -18.84582699 0.6990771598
590 -19.02712581 0.6956683964
591 -19.212059 0.6921862677
592 -19.40081892 0.6886272936
593 -19.59360878 0.6849878142
594 -19.79064337 0.6812639791
595 -19.99214989 0.6774517376
596 -20.19836875 0.6735468281
597 -20.40955445 0.6695447685
598 -20.62597647 0.6654408464
599 -20.8479202 0.6612301103
600 -21.07568781 0.6569073612
601 -21.30959928 0.6524671459
602 -21.54999327 0.6479037515
603 -21.79722809 0.6432112023
604 -22.05168259 0.6383832586
605 -22.31375697 0.6334134196
606 -22.5838736 0.6282949295
607 -22.86247762 0.6230207888
608 -23.15003749 0.6175837712
609 -23.44704527 0.6119764476
610 -23.75401672 0.606191218
611 -24.07149104 0.6002203529
612 -24.40003026 0.5940560459
613 -24.74021815 0.5876904783
614 -25.09265867 0.5811158978
615 -25.45797365 0.5743247133
616 -25.83679985 0.5673096058
617 -26.22978512 0.5600636579
618 -26.63758362 0.5525805024
619 -27.06084998 0.54485449
620 -27.5002324 0.5368808762
621 -27.9563644 0.5286560257
622 -28.42985551 0.5201776322
623 -28.92128055 0.51144495
624 -29.43116788 0.5024590311
625 -29.95998647 0.4932229628
626 -30.50813222 0.483742095
627 -31.07591365 0.4740242486
628 -31.66353744 0.4640798931
629 -32.27109425 0.453922281
630 -32.89854541 0.4435675264
631 -33.54571103 0.433034616
632 -34.21226029 0.4223453426
633 -34.89770452 0.4115241535
634 -35.6013936 0.4005979098
635 -36.32251638 0.3895955571
636 -37.06010531 0.3785477152
637 -37.81304553 0.3674861953
638 -38.58008841 0.3564434641
639 -39.35986917 0.3454520727
640 -40.1509281 0.3345440748
641 -40.95173463 0.3237504577
642 -41.76071337 0.3131006116
643 -42.576271 0.3026218557
644 -43.39682315 0.2923390418
645 -44.22082002 0.2822742452
646 -45.04677007 0.2724465518
647 -45.87326082 0.2628719406
648 -46.69897636 0.2535632601
649 -47.52271106 0.2445302881
650 -48.34337948 0.2357798647
651 -49.16002233 0.2273160848
652 -49.97180882 0.2191405353
653 -50.77803552 0.2112525642
654 -51.57812229 0.2036495667
655 -52.37160551 0.1963272776
656 -53.15812921 0.1892800613
657 -53.93743433 0.1825011891
658 -54.7093467 0.1759831012
659 -55.473764 0.1697176458
660 -56.23064196 0.1636962958
661 -56.97998035 0.1579103397
662 -57.72180872 0.1523510471
663 -58.45617238 0.1470098084
664 -59.1831188 0.1418782497
665 -59.90268458 0.1369483249
666 -60.61488342 0.1322123839
667 -61.31969515 0.1276632209
668 -62.01705617 0.1232941026
669 -62.70685149 0.1190987785
670 -63.38890863 0.1150714755
671 -64.06299345 0.111206878
672 -64.72880822 0.1075000961
673 -65.38599188 0.1039466242
674 -66.03412252 0.1005422922
675 -66.67272209 0.09728321151
676 -67.3012631 0.09416571892
677 -67.91917714 0.09118632068
678 -68.52586486 0.08834163839
679 -69.12070714 0.08562835928
680 -69.70307695 0.08304319227
681 -70.27235153 0.08058283092
682 -70.82792447 0.07824392423
683 -71.36921726 0.07602305538
684 -71.89568995 0.07391672855
685 -72.4068507 0.07192136319
686 -72.90226386 0.07003329506
687 -73.38155656 0.06824878316
688 -73.84442359 0.06656402131
689 -74.29063067 0.06497515347
690 -74.72001611 0.06347829147
691 -75.13249092 0.06206953428
692 -75.52803758 0.06074498776
693 -75.90670761 0.05950078423
694 -76.26861813 0.05833310116
695 -76.61394756 0.05723817845
696 -76.94293073 0.05621233402
697 -77.25585353 0.05525197747
698 -77.55304731 0.05435362169
699 -77.8348831 0.05351389238
700 -78.10176591 0.05272953561
701 -78.35412909 0.0519974234
702 -78.59242897 0.05131455764
703 -78.81713971 0.05067807227
704 -79.02874853 0.05008523422
705 -79.22775134 0.04953344295
706 -79.41464868 0.04902022906
707 -79.58994217 0.04854325192
708 -79.75413127 0.04810029667
709 -79.90771051 0.0476892706
710 -80.05116703 0.04730819902
711 -80.18497857 0.04695522094
712 -80.30961167 0.04662858436
713 -80.42552033 0.04632664152
714 -80.5331448 0.04604784404
715 -80.63291077 0.04579073805
716 -80.72522867 0.04555395935
717 -80.81049326 0.04533622864
718 -80.88908333 0.04513634689
719 -80.96136162 0.0449531908
720 -81.02767482 0.04478570846
721 -81.08835371 0.04463291517
722 -81.14371339 0.04449388937
723 -81.19405357 0.04436776886
724 -81.239659 0.0442537471
725 -81.28079982 0.04415106978
726 -81.31773208 0.04405903151
727 -81.35069819 0.04397697274
728 -81.37992748 0.04390427681
729 -81.40563669 0.04384036718
730 -81.42803051 0.04378470486
731 -81.44730214 0.04373678596
732 -81.4636338 0.04369613938
733 -81.47719725 0.04366232468
734 -81.48815435 0.04363493007
735 -81.49665751 0.0436135705
736 -81.5028502 0.04359788592
737 -81.50686743 0.04358753961
738 -81.50883622 0.04358221666
739 -81.50887601 0.04358162251
740 -81.50709908 0.04358548161
741 -81.503611 0.04359353618
742 -81.49851096 0.04360554499
743 -81.49189217 0.04362128234
744 -81.48384218 0.04364053696
745 -81.47444325 0.04366311112
746 -81.46377263 0.04368881971
747 -81.45190285 0.0437174894
748 -81.43890206 0.04374895792
749 -81.4248342 0.04378307328
750 -81.40975936 0.04381969315
