0 -66.75531062 0.0968565716
1 -67.362755 0.0938545582
2 -67.9608837 0.09097826952
3 -68.54905795 0.0882253472
4 -69.12662375 0.08559341554
5 -69.6929232 0.08308004451
6 -70.247306 0.08068271972
7 -70.78914072 0.07839881977
8 -71.3178255 0.07622560137
9 -71.83279779 0.07416019174
10 -72.33354302 0.07219958803
11 -72.81960196 0.07034066286
12 -73.29057651 0.06858017501
13 -73.74613413 0.06691478428
14 -74.18601066 0.06534106946
15 -74.61001171 0.06385554828
16 -75.01801271 0.06245469852
17 -75.40995772 0.06113497926
18 -75.78585713 0.05989285176
19 -76.14578455 0.05872479924
20 -76.48987282 0.05762734516
21 -76.81830959 0.05659706977
22 -77.1313324 0.05563062466
23 -77.42922354 0.05472474527
24 -77.71230477 0.05387626129
25 -77.98093208 0.05308210516
26 -78.23549049 0.05233931857
27 -78.47638902 0.05164505725
28 -78.70405598 0.05099659421
29 -78.91893444 0.05039132147
30 -79.1214781 0.04982675065
31 -79.31214749 0.04930051244
32 -79.49140648 0.04881035514
33 -79.65971924 0.04835414249
34 -79.81754743 0.04792985092
35 -79.96534788 0.04753556621
36 -80.10357043 0.04716947989
37 -80.23265624 0.04682988529
38 -80.35303627 0.04651517345
39 -80.46513005 0.04622382886
40 -80.56934476 0.04595442519
41 -80.6660744 0.04570562101
42 -80.75569928 0.0454761555
43 -80.83858561 0.04526484428
44 -80.91508526 0.04507057534
45 -80.98553565 0.04489230502
46 -81.05025976 0.04472905423
47 -81.10956626 0.04457990468
48 -81.16374966 0.04444399542
49 -81.21309058 0.04432051938
50 -81.25785608 0.04420872019
51 -81.29830001 0.04410788909
52 -81.3346634 0.04401736202
53 -81.36717488 0.04393651689
54 -81.39605116 0.04386477092
55 -81.42149743 0.04380157823
56 -81.44370787 0.04374642751
57 -81.46286607 0.04369883984
58 -81.47914549 0.04365836673
59 -81.49270952 0.043624589
60 -81.50370827 0.04359712223
61 -81.51224677 0.0435756799
62 -81.51809586 0.04356065278
63 -81.51810032 0.04355830947
64 -81.48296775 0.0436274315
65 -81.14951004 0.04430154944
66 -78.16621616 0.05075533795
67 -52.03231124 0.1494653178
68 34.24313141 0.9906801336
69 38.57267253 0.9999405732
70 37.50611694 0.9999313271
71 35.30170255 0.9998981546
72 32.22173949 0.9998216071
73 28.58139142 0.9996526668
74 24.70667504 0.9992953464
75 20.83955719 0.9985817466
76 17.13062349 0.9972540479
77 13.66638541 0.9949740447
78 10.49424383 0.9913802368
79 7.636710935 0.9861898351
80 5.098091359 0.9793048793
81 2.868234732 0.9708631822
82 0.9260772023 0.9612039256
83 -0.7564018672 0.9507718372
84 -2.210324305 0.9400130315
85 -3.466813286 0.9293028787
86 -4.554943729 0.9189161366
87 -5.500667918 0.9090287663
88 -6.326459518 0.8997357264
89 -7.0514012 0.8910728632
90 -7.691500973 0.8830366089
91 -8.260096324 0.8755992836
92 -8.768265448 0.8687199653
93 -9.225205439 0.8623517298
94 -9.6385616 0.8564462165
95 -10.01470517 0.8509563455
96 -10.35896314 0.8458378142
97 -10.67580624 0.8410498171
98 -10.96900185 0.8365552893
99 -11.241738 0.832320868
100 -11.49672388 0.8283166995
101 -11.73627144 0.8245161682
102 -11.96236178 0.8208955956
103 -12.17669933 0.8174339376
104 -12.38075619 0.8141124943
105 -12.57580867 0.8109146422
106 -12.76296736 0.8078255899
107 -12.94320215 0.8048321602
108 -13.11736295 0.8019225954
109 -13.28619713 0.7990863859
110 -13.45036407 0.7963141193
111 -13.61044747 0.7935973475
112 -13.76696573 0.7909284704
113 -13.92038079 0.7883006338
114 -14.07110564 0.7857076397
115 -14.21951079 0.7831438681
116 -14.36592977 0.7806042077
117 -14.51066389 0.7780839953
118 -14.65398636 0.7755789622
119 -14.79614587 0.7730851871
120 -14.93736965 0.7705990544
121 -15.07786625 0.768117217
122 -15.21782784 0.7656365639
123 -15.35743233 0.7631541905
124 -15.49684521 0.7606673728
125 -15.63622116 0.758173544
126 -15.77570551 0.7556702732
127 -15.91543551 0.7531552472
128 -16.0555415 0.7506262526
129 -16.19614794 0.7480811609
130 -16.33737436 0.7455179139
131 -16.47933619 0.7429345109
132 -16.62214553 0.7403289971
133 -16.76591192 0.7376994518
134 -16.91074293 0.7350439788
135 -17.05674482 0.7323606966
136 -17.20402311 0.7296477289
137 -17.35268311 0.7269031967
138 -17.50283044 0.7241252094
139 -17.65457153 0.7213118577
140 -17.80801411 0.7184612052
141 -17.96326766 0.7155712814
142 -18.12044386 0.7126400747
143 -18.27965708 0.7096655246
144 -18.44102478 0.7066455153
145 -18.604668 0.7035778686
146 -18.77071179 0.7004603366
147 -18.93928569 0.6972905951
148 -19.11052417 0.6940662363
149 -19.28456715 0.6907847622
150 -19.46156043 0.6874435773
151 -19.64165627 0.6840399815
152 -19.82501382 0.6805711632
153 -20.01179974 0.677034192
154 -20.20218869 0.6734260119
155 -20.39636395 0.6697434343
156 -20.59451795 0.665983131
157 -20.79685291 0.6621416277
158 -21.00358147 0.6582152977
159 -21.21492727 0.654200356
160 -21.43112566 0.6500928539
161 -21.65242427 0.6458886746
162 -21.87908373 0.6415835293
163 -22.11137828 0.6371729546
164 -22.34959639 0.6326523119
165 -22.59404138 0.6280167876
166 -22.84503198 0.6232613965
167 -23.10290282 0.6183809868
168 -23.3680049 0.6133702492
169 -23.64070588 0.6082237288
170 -23.92139036 0.6029358418
171 -24.21045985 0.5975008972
172 -24.50833273 0.5919131239
173 -24.81544383 0.5861667048
174 -25.13224382 0.5802558179
175 -25.45919823 0.574174686
176 -25.79678612 0.5679176354
177 -26.1454983 0.5614791647
178 -26.50583505 0.5548540242
179 -26.87830324 0.5480373068
180 -27.2634129 0.54102455
181 -27.66167305 0.5338118506
182 -28.07358683 0.5263959896
183 -28.49964584 0.5187745683
184 -28.94032371 0.5109461528
185 -29.39606893 0.5029104257
186 -29.86729683 0.4946683404
187 -30.35438105 0.4862222764
188 -30.85764429 0.477576188
189 -31.37734885 0.4687357429
190 -31.91368686 0.459708443
191 -32.46677065 0.4505037217
192 -33.03662359 0.4411330089
193 -33.62317162 0.4316097582
194 -34.22623594 0.4219494292
195 -34.84552727 0.4121694207
196 -35.48064196 0.4022889498
197 -36.13106038 0.3923288773
198 -36.79614783 0.3823114796
199 -37.47515813 0.372260172
200 -38.16724004 0.3621991891
201 -38.87144635 0.3521532333
202 -39.58674564 0.3421471019
203 -40.31203619 0.3322053057
204 -41.04616179 0.3223516938
205 -41.78792892 0.312609098
206 -42.53612458 0.3029990078
207 -43.28953443 0.2935412888
208 -44.04696038 0.2842539517
209 -44.80723727 0.2751529767
210 -45.56924807 0.2662521968
211 -46.3319372 0.257563239
212 -47.09432171 0.249095521
213 -47.85550017 0.2408562972
214 -48.61465906 0.2328507494
215 -49.37107681 0.2250821125
216 -50.12412545 0.217551829
217 -50.8732701 0.2102597239
218 -51.61806642 0.2032041925
219 -52.3581563 0.1963823942
220 -53.09326189 0.1897904474
221 -53.82317832 0.1834236202
222 -54.54776528 0.1772765129
223 -55.26693757 0.1713432292
224 -55.98065507 0.1656175353
225 -56.68891197 0.1600930032
226 -57.39172579 0.1547631393
227 -58.08912618 0.149621496
228 -58.78114368 0.1446617678
229 -59.46779883 0.13987787
230 -60.14909166 0.1352640021
231 -60.82499185 0.1308146942
232 -61.49542986 0.1265248389
233 -62.16028918 0.1223897076
234 -62.8194 0.1184049537
235 -63.47253448 0.114566602
236 -64.11940382 0.1108710276
237 -64.75965725 0.1073149243
238 -65.39288307 0.1038952649
239 -66.01861162 0.1006092559
240 -66.63632038 0.09745428787
241 -67.24544064 0.09442788455
242 -67.84536602 0.091527652
243 -68.43546209 0.08875123061
244 -69.01507707 0.08609625117
245 -69.58355313 0.08356029671
246 -70.14023783 0.08114087103
247 -70.68449552 0.0788353747
248 -71.2157181 0.07664108864
249 -71.73333499 0.0745551652
250 -72.23682204 0.07257462635
251 -72.7257091 0.07069636803
252 -73.19958614 0.06891717
253 -73.65810793 0.06723371
254 -74.10099717 0.06564258116
255 -74.52804613 0.06414031167
256 -74.93911697 0.06272338571
257 -75.33414074 0.06138826477
258 -75.71311532 0.06013140859
259 -76.07610243 0.05894929522
260 -76.42322381 0.05783843957
261 -76.75465685 0.05679541034
262 -77.07062978 0.05581684492
263 -77.37141657 0.05489946232
264 -77.65733164 0.05404007396
265 -77.92872463 0.05323559247
266 -78.1859752 0.05248303864
267 -78.42948795 0.05177954647
268 -78.65968762 0.0511223667
269 -78.87701457 0.05050886884
270 -79.08192058 0.04993654192
271 -79.27486493 0.0494029942
272 -79.4563109 0.04890595185
273 -79.62672264 0.04844325694
274 -79.7865623 0.04801286474
275 -79.93628764 0.04761284053
276 -80.07634982 0.04724135603
277 -80.20719164 0.04689668552
278 -80.32924596 0.04657720172
279 -80.44293449 0.04628137165
280 -80.54866669 0.04600775228
281 -80.64683904 0.04575498629
282 -80.73783443 0.04552179777
283 -80.8220217 0.04530698803
284 -80.8997554 0.0451094315
285 -80.97137567 0.04492807173
286 -81.03720819 0.04476191751
287 -81.09756432 0.04461003915
288 -81.15274121 0.04447156495
289 -81.20302209 0.04434567772
290 -81.24867658 0.04423161156
291 -81.289961 0.04412864877
292 -81.3271188 0.04403611688
293 -81.36038094 0.04395338589
294 -81.38996637 0.04387986561
295 -81.41608246 0.04381500323
296 -81.43892544 0.04375828089
297 -81.45868093 0.04370921356
298 -81.47552428 0.04366734701
299 -81.4896207 0.04363225671
300 -81.50112205 0.04360355316
301 -81.51013507 0.04358094504
302 -81.51643276 0.04356481757
303 -81.51686707 0.04356142425
304 -81.48220208 0.04362943486
305 -81.14978169 0.04430130581
306 -78.17317448 0.05073964285
307 -52.09700675 0.1491079467
308 34.22175637 0.9905953543
309 38.57212326 0.9999405511
310 37.50649188 0.9999313314
311 35.30202079 0.9998981613
312 32.22139536 0.999821599
313 28.57987906 0.9996525798
314 24.70370525 0.9992949896
315 20.83505566 0.9985806556
316 17.12466986 0.9972512813
317 13.65915288 0.9949680049
318 10.48595358 0.9913686583
319 7.627597125 0.9861700618
320 5.088373192 0.979274383
321 2.858096463 0.9708200868
322 0.9156580226 0.9611472839
323 -0.7670082761 0.9507015864
324 -2.221063454 0.939929735
325 -3.477660557 0.9292074227
326 -4.565895028 0.918809489
327 -5.511731874 0.9089118316
328 -6.337651697 0.8996092797
329 -7.062740162 0.8909375362
330 -7.703005777 0.8828929019
331 -8.271785065 0.8754475878
332 -8.780154487 0.8685605861
333 -9.237309079 0.8621849079
334 -9.650892025 0.8562721445
335 -10.02727255 0.8507751808
336 -10.37177577 0.8456496884
337 -10.6888708 0.8408548433
338 -10.9823236 0.8363535665
339 -11.25532098 0.8321124845
340 -11.51057114 0.8281017354
341 -11.75038518 0.8242946965
342 -11.97674355 0.8206676834
343 -12.19135014 0.8171996462
344 -12.39567665 0.8138718799
345 -12.59099911 0.8106677557
346 -12.7784279 0.8075724771
347 -12.95893278 0.8045728615
348 -13.13336364 0.8016571457
349 -13.30246784 0.7988148146
350 -13.46690485 0.7960364499
351 -13.62725846 0.7933135975
352 -13.78404724 0.7906386512
353 -13.9377333 0.7880047505
354 -14.08872988 0.785405691
355 -14.23740771 0.782835846
356 -14.38410059 0.7802900975
357 -14.52911013 0.7777637751
358 -14.67270986 0.7752526033
359 -14.81514878 0.7727526534
360 -14.95665449 0.7702603024
