0 -59.33213809 0.1408146763
1 -60.01704947 0.1361503396
2 -60.69657574 0.1316525887
3 -61.37065281 0.1273162212
4 -62.0391708 0.1231364115
5 -62.70196727 0.1191087168
6 -63.35882195 0.1152290706
7 -64.00945335 0.1114937635
8 -64.65351728 0.1078994134
9 -65.29060733 0.1044429278
10 -65.92025761 0.1011214586
11 -66.54194728 0.09793235285
12 -67.15510717 0.09487310136
13 -67.759128 0.09194128693
14 -68.35336999 0.08913453498
15 -68.93717362 0.08645046802
16 -69.50987102 0.08388666568
17 -70.07079772 0.08144063139
18 -70.61930427 0.07910976649
19 -71.15476742 0.0768913522
20 -71.67660052 0.07478253919
21 -72.18426279 0.07278034453
22 -72.67726735 0.07088165518
23 -73.15518772 0.06908323722
24 -73.6176629 0.06738174965
25 -74.06440063 0.06577376217
26 -74.4951785 0.0642557774
27 -74.90983777 0.06282427056
28 -75.30823154 0.06147584943
29 -75.68983036 0.06020831983
30 -76.05069234 0.05902862442
31 -76.36002927 0.05801324817
32 -76.37826269 0.05777513406
33 -74.24328656 0.06336056081
34 -55.72545251 0.136304565
35 27.11922278 0.9605458088
36 37.35422955 0.999915969
37 36.54180136 0.999917751
38 34.00876158 0.9998712607
39 30.47814984 0.9997556392
40 26.3905434 0.9994853077
41 22.11946934 0.9988841939
42 17.92460282 0.9976391164
43 13.96353542 0.9952797363
44 10.32460955 0.9912363751
45 7.051576097 0.9850010432
46 4.15690776 0.9763333848
47 1.629495552 0.9653833404
48 -0.5585986041 0.9526454396
49 -2.445136527 0.9387861508
50 -4.071362984 0.9244588782
51 -5.477365825 0.9101881505
52 -6.699394588 0.896334209
53 -7.768762288 0.8831092662
54 -8.711759096 0.8706137031
55 -9.550090949 0.8588727112
56 -10.30152138 0.8478655182
57 -10.9805378 0.8375459774
58 -11.59895836 0.8278559555
59 -12.16644959 0.81873351
60 -12.6909523 0.8101175849
61 -13.17902476 0.8019504998
62 -13.63611634 0.7941790961
63 -14.06678445 0.7867550982
64 -14.47486634 0.7796350361
65 -14.86361532 0.7727799408
66 -15.23580897 0.7661549364
67 -15.59383569 0.7597288006
68 -15.93976395 0.7534735332
69 -16.27539821 0.7473639517
70 -16.60232432 0.7413773236
71 -16.92194646 0.7354930375
72 -17.23551754 0.729692312
73 -17.54416426 0.7239579402
74 -17.84890798 0.7182740657
75 -18.15068218 0.712625987
76 -18.45034709 0.7069999866
77 -18.74870222 0.7013831819
78 -19.04649692 0.6957633948
79 -19.34443953 0.6901290381
80 -19.64320527 0.6844690162
81 -19.94344307 0.678772638
82 -20.24578158 0.6730295426
83 -20.55083443 0.6672296335
84 -20.85920486 0.6613630239
85 -21.17148984 0.6554199901
86 -21.48828361 0.6493909337
87 -21.81018093 0.6432663522
88 -22.13777979 0.6370368188
89 -22.47168373 0.6306929703
90 -22.81250384 0.6242255054
91 -23.16086023 0.6176251919
92 -23.51738313 0.6108828862
93 -23.88271347 0.6039895632
94 -24.25750292 0.5969363608
95 -24.64241334 0.5897146368
96 -25.03811556 0.5823160423
97 -25.44528742 0.5747326106
98 -25.86461093 0.5669568634
99 -26.2967686 0.5589819348
100 -26.7424387 0.550801713
101 -27.20228949 0.5424109996
102 -27.6769723 0.5338056845
103 -28.16711352 0.5249829353
104 -28.67330538 0.5159413971
105 -29.19609572 0.5066813972
106 -29.73597673 0.4972051513
107 -30.29337298 0.4875169601
108 -30.86862889 0.4776233901
109 -31.46199598 0.4675334281
110 -32.07362045 0.4572585971
111 -32.70353142 0.4468130254
112 -33.35163043 0.4362134565
113 -34.01768283 0.4254791919
114 -34.70131152 0.4146319604
115 -35.40199362 0.4036957095
116 -36.11906061 0.3926963208
117 -36.85170202 0.3816612532
118 -37.59897308 0.3706191237
119 -38.35980617 0.3595992384
120 -39.13302581 0.3486310922
121 -39.91736686 0.3377438556
122 -40.71149526 0.3269658694
123 -41.51403058 0.3163241676
124 -42.32356943 0.3058440481
125 -43.13870913 0.2955487043
126 -43.9580704 0.2854589324
127 -44.7803186 0.275592918
128 -45.60418264 0.2659661071
129 -46.42847121 0.2565911583
130 -47.25208575 0.2474779699
131 -48.07403012 0.2386337745
132 -48.89341689 0.2300632897
133 -49.70947019 0.2217689127
134 -50.52152551 0.2137509486
135 -51.32902651 0.2060078589
136 -52.13151923 0.1985365211
137 -52.92864408 0.1913324903
138 -53.72012585 0.1843902548
139 -54.50576217 0.1777034799
140 -55.28541068 0.1712652351
141 -56.05897537 0.1650682015
142 -56.8263923 0.1591048566
143 -57.58761505 0.1533676361
144 -58.34260028 0.1478490701
145 -59.09129371 0.1425418959
146 -59.83361688 0.1374391453
147 -60.56945498 0.1325342083
148 -61.29864625 0.1278208749
149 -62.02097308 0.1232933541
150 -62.7361553 0.1189462748
151 -63.44384581 0.1147746684
152 -64.14362878 0.1107739368
153 -64.83502051 0.1069398091
154 -65.51747289 0.1032682884
155 -66.19037953 0.09975559383
156 -66.85308408 0.09639810024
157 -67.50489066 0.09319227831
158 -68.14507586 0.09013463867
159 -68.77290186 0.08722168172
160 -69.38763017 0.08444985549
161 -69.98853549 0.0818155224
162 -70.5749192 0.07931493572
163 -71.14612192 0.0769442258
164 -71.70153492 0.0746993955
165 -72.24060997 0.07257632393
166 -72.76286746 0.07057077743
167 -73.26790261 0.06867842629
168 -73.75538978 0.06689486582
169 -74.22508497 0.06521564028
170 -74.67682646 0.06363626846
171 -75.11053393 0.06215226961
172 -75.52620604 0.06075918875
173 -75.92391695 0.05945262067
174 -76.30381172 0.05822823185
175 -76.666101 0.05708178014
176 -77.01105519 0.05600913164
177 -77.33899819 0.05500627504
178 -77.65030105 0.05406933317
179 -77.94537549 0.05319457196
180 -78.22466764 0.05237840699
181 -78.48865191 0.05161740784
182 -78.73782523 0.05090830044
183 -78.97270157 0.05024796769
184 -79.19380695 0.04963344859
185 -79.40167485 0.04906193614
186 -79.59684204 0.04853077417
187 -79.77984488 0.04803745335
188 -79.95121609 0.04757960655
189 -80.11148191 0.04715500373
190 -80.26115966 0.04676154644
191 -80.40075568 0.04639726211
192 -80.5307637 0.0460602982
193 -80.65166335 0.04574891633
194 -80.76391917 0.04546148641
195 -80.86797974 0.04519648084
196 -80.9642771 0.04495246885
197 -81.05322636 0.04472811101
198 -81.13522547 0.04452215391
199 -81.21065522 0.04433342505
200 -81.27987927 0.04416082792
201 -81.34324435 0.04400333734
202 -81.40108056 0.04385999504
203 -81.45370173 0.0437299054
204 -81.50140582 0.04361223147
205 -81.54447543 0.04350619124
206 -81.58317826 0.04341105402
207 -81.6177677 0.04332613716
208 -81.64848335 0.04325080285
209 -81.6755516 0.04318445521
210 -81.6991862 0.04312653751
211 -81.71958881 0.04307652956
212 -81.73694963 0.04303394532
213 -81.75144786 0.04299833058
214 -81.76325235 0.04296926089
215 -81.77252204 0.04294633952
216 -81.77940654 0.04292919568
217 -81.78404661 0.04291748272
218 -81.78657463 0.04291087657
219 -81.78711502 0.04290907424
220 -81.78578457 0.04291179282
221 -81.78269112 0.04291877141
222 -81.77791923 0.0429297993
223 -81.77139785 0.04294497775
224 -81.76171271 0.0429670753
225 -81.73547175 0.04302264386
226 -81.57213574 0.04335209144
227 -80.19362897 0.04619011495
228 -68.05691202 0.07885913787
229 20.13819216 0.841375683
230 38.48816325 0.9999076134
231 38.05602966 0.9999375357
232 36.22545468 0.9999137769
233 33.43353573 0.9998570134
234 29.9570125 0.9997300047
235 26.13374202 0.9994566962
236 22.24102731 0.9988982104
237 18.46041819 0.9978302599
238 14.89849599 0.995939834
239 11.61480185 0.9928634758
240 8.639915077 0.9882756808
241 5.984312145 0.9820005418
242 3.642749636 0.9740891187
243 1.59771371 0.9648162838
244 -0.1767491289 0.9546016141
245 -1.711050712 0.9439019813
246 -3.036624281 0.9331247792
247 -4.183480722 0.9225830338
248 -5.178800595 0.9124874816
249 -6.046348348 0.9029602438
250 -6.806426654 0.8940562769
251 -7.476129542 0.8857843373
252 -8.069726972 0.8781239995
253 -8.599080268 0.8710380918
254 -9.074035566 0.8644811594
255 -9.502772093 0.8584049053
256 -9.892098776 0.8527615
257 -10.24770108 0.8475054638
258 -10.57434366 0.8425946277
259 -10.8760354 0.8379905221
260 -11.15616338 0.8336584229
261 -11.41760142 0.8295672023
262 -11.66279821 0.8256890788
263 -11.89384883 0.8219993224
264 -12.11255315 0.8184759492
265 -12.32046351 0.8150994254
266 -12.51892392 0.8118523899
267 -12.70910236 0.8087194011
268 -12.89201752 0.8056867093
269 -13.06856097 0.802742053
270 -13.23951578 0.7998744797
271 -13.40557197 0.7970741873
272 -13.56733968 0.7943323845
273 -13.72536016 0.7916411693
274 -13.88011515 0.788993421
275 -14.03203485 0.7863827072
276 -14.18150477 0.7838032004
277 -14.32887149 0.7812496062
278 -14.47444778 0.7787170997
279 -14.61851686 0.776201269
280 -14.7613362 0.7736980663
281 -14.90314075 0.771203764
282 -15.04414582 0.768714916
283 -15.18454954 0.7662283235
284 -15.32453507 0.7637410046
285 -15.46427248 0.761250167
286 -15.6039205 0.7587531837
287 -15.74362801 0.7562475709
288 -15.88353535 0.7537309691
289 -16.02377557 0.7512011244
290 -16.16447547 0.7486558734
291 -16.30575661 0.7460931278
292 -16.44773614 0.7435108613
293 -16.59052765 0.7409070973
294 -16.73424189 0.7382798977
295 -16.87898743 0.7356273521
296 -17.02487134 0.7329475678
297 -17.17199971 0.730238661
298 -17.32047828 0.7274987477
299 -17.47041291 0.7247259355
300 -17.62191011 0.7219183155
301 -17.77507752 0.7190739546
302 -17.93002438 0.7161908883
303 -18.08686198 0.7132671131
304 -18.24570413 0.7103005793
305 -18.40666763 0.7072891843
306 -18.56987265 0.7042307656
307 -18.73544327 0.7011230932
308 -18.90350786 0.6979638635
309 -19.07419961 0.6947506919
310 -19.24765695 0.6914811059
311 -19.42402407 0.6881525382
312 -19.6034514 0.6847623195
313 -19.78609615 0.6813076718
314 -19.97212278 0.6777857009
315 -20.16170362 0.67419339
316 -20.35501936 0.6705275923
317 -20.55225969 0.6667850245
318 -20.75362384 0.6629622599
319 -20.95932124 0.6590557225
320 -21.1695721 0.6550616807
321 -21.38460807 0.6509762421
322 -21.60467287 0.6467953486
323 -21.83002296 0.6425147729
324 -22.06092814 0.6381301151
325 -22.2976722 0.6336368021
326 -22.54055354 0.6290300872
327 -22.7898857 0.6243050529
328 -23.04599794 0.6194566152
329 -23.30923564 0.6144795319
330 -23.57996068 0.6093684134
331 -23.85855172 0.6041177379
332 -24.14540428 0.5987218717
333 -24.44093068 0.5931750942
334 -24.74555975 0.5874716301
335 -25.05973632 0.5816056878
336 -25.38392033 0.5755715064
337 -25.71858566 0.5693634107
338 -26.06421847 0.5629758771
339 -26.42131514 0.5564036085
340 -26.79037964 0.5496416208
341 -27.17192024 0.5426853412
342 -27.5664457 0.5355307175
343 -27.9744606 0.528174339
344 -28.39646005 0.5206135677
345 -28.83292354 0.5128466796
346 -29.28430805 0.5048730124
347 -29.75104039 0.4966931187
348 -30.23350888 0.4883089196
349 -30.7320544 0.4797238551
350 -31.246961 0.4709430256
351 -31.77844624 0.4619733187
352 -32.32665158 0.452823514
353 -32.89163296 0.4435043596
354 -33.47335214 0.434028613
355 -34.07166883 0.4244110396
356 -34.68633442 0.4146683633
357 -35.31698732 0.4048191662
358 -35.96315046 0.394883733
359 -36.62423118 0.3848838435
360 -37.29952387 0.3748425128
361 -37.98821519 0.3647836877
362 -38.68939226 0.3547319069
363 -39.40205336 0.3447119352
364 -40.12512107 0.3347483847
365 -40.85745749 0.3248653366
366 -41.59788088 0.3150859782
367 -42.34518344 0.3054322655
368 -43.09814936 0.2959246257
369 -43.85557275 0.2865817073
370 -44.61627477 0.2774201841
371 -45.37911943 0.2684546178
372 -46.14302774 0.2596973785
373 -46.9069897 0.2511586222
374 -47.6700741 0.2428463201
375 -48.43143579 0.2347663346
376 -49.19032062 0.2269225337
377 -49.9460679 0.2193169373
378 -50.6981106 0.2119498854
379 -51.44597349 0.2048202235
380 -52.18926932 0.1979254954
381 -52.92769336 0.1912621394
382 -53.66101642 0.1848256809
383 -54.38907674 0.1786109194
384 -55.1117707 0.1726121043
385 -55.82904285 0.1668230986
386 -56.54087526 0.1612375285
387 -57.24727639 0.155848917
388 -57.94826985 0.1506508021
389 -58.64388298 0.1456368373
390 -59.33413575 0.1408008767
391 -60.0190299 0.1361370429
392 -60.69853884 0.1316397785
393 -61.37259837 0.1273038822
394 -62.04109847 0.1231245293
395 -62.70387653 0.1190972784
396 -63.36071212 0.1152180639
397 -64.01132359 0.1114831775
398 -64.65536654 0.107889238
399 -65.29243442 0.1044331536
400 -65.92206116 0.101112077
401 -66.54372578 0.09792335575
402 -67.15685899 0.09486448096
403 -67.7608514 0.09193303567
404 -68.35506317 0.08912664539
405 -68.93883474 0.0864429326
406 -69.51149824 0.08387947678
407 -70.07238922 0.08143378113
408 -70.6208583 0.07910324673
409 -71.15628231 0.07688515445
410 -71.67807472 0.07477665462
411 -72.18569489 0.07277476397
412 -72.67865611 0.07087636915
413 -73.15653208 0.06907823591
414 -73.61896198 0.06737702303
415 -74.06565376 0.0657693
416 -74.4963852 0.06425156932
417 -74.91099777 0.06282030611
418 -75.30934475 0.06147211817
419 -75.69089677 0.06020481159
420 -76.0517111 0.05902533123
421 -76.36099101 0.05801018096
422 -76.37908331 0.05777247007
423 -74.2432453 0.06336011138
424 -55.71864487 0.1363390667
425 27.12591113 0.9606009945
426 37.35469301 0.9999159916
427 36.54173239 0.9999177504
428 34.00852595 0.9998712554
429 30.47783751 0.9997556253
430 26.39021083 0.9994852764
431 22.11915327 0.9988841298
432 17.92432352 0.9976389982
433 13.96330201 0.9952795428
434 10.32442447 0.9912360976
435 7.05143795 0.9850006987
436 4.156812928 0.9763330217
437 1.629439323 0.9653830295
438 -0.5586212129 0.9526452564
439 -2.4451302 0.9387861595
440 -4.071331786 0.9244591243
441 -5.477313098 0.9101886606
442 -6.699322974 0.8963349955
443 -7.768673826 0.8831103318
444 -8.711655333 0.8706150453
445 -9.549973046 0.858874325
446 -10.3013902 0.8478673978
447 -10.98039397 0.8375481171
448 -11.59880233 0.8278583504
449 -12.16628168 0.8187361563
450 -12.69077272 0.8101204796
451 -13.17883362 0.8019536409
452 -13.63591371 0.7941824825
453 -14.06657032 0.7867587297
454 -14.47464066 0.7796389134
455 -14.86337798 0.7727840653
456 -15.23555985 0.76615931
457 -15.59357461 0.7597334261
458 -15.93949069 0.753478414
459 -16.27511255 0.7473690917
460 -16.60202598 0.7413827275
461 -16.92163513 0.7354987104
462 -17.23519288 0.7296982597
463 -17.5438259 0.7239641691
464 -17.84855551 0.7182805828
465 -18.15031516 0.7126328
466 -18.44996504 0.7070071037
467 -18.74830461 0.7013906121
468 -19.0460832 0.6957711476
469 -19.3440091 0.6901371239
470 -19.64275747 0.6844774459
471 -19.9429772 0.6787814234
472 -20.2452969 0.6730386959
473 -20.55033015 0.667239168
474 -20.85868013 0.6613729534
475 -21.17094373 0.6554303292
476 -21.48771517 0.6494016977
477 -21.80958913 0.6432775572
478 -22.13716354 0.6370484815
479 -22.47104187 0.6307051082
480 -22.81183516 0.6242381363
481 -23.16016344 0.6176383342
482 -23.51665688 0.6108965586
483 -23.88195636 0.6040037849
484 -24.25671346 0.5969511509
485 -24.64159001 0.5897300144
486 -25.03725677 0.5823320261
487 -25.44439154 0.5747492186
488 -25.86367629 0.5669741128
489 -26.29579351 0.5589998415
490 -26.74142147 0.5508202912
491 -27.20122841 0.5424302611
492 -27.6758657 0.5338256388
493 -28.16595978 0.5250035884
494 -28.67210296 0.5159627512
495 -29.19484316 0.5067034503
496 -29.73467274 0.4972278963
497 -30.29201642 0.4875403845
498 -30.86721881 0.4776474753
499 -31.46053169 0.4675581491
500 -32.07210152 0.457283922
501 -32.70195774 0.4468389156
502 -33.35000221 0.4362398661
503 -34.01600065 0.4255060685
504 -34.69957631 0.4146592447
505 -35.40020673 0.4037233366
506 -36.11722374 0.3927242205
507 -36.84981726 0.3816893512
508 -37.59704287 0.3706473425
509 -38.35783327 0.3596274987
510 -39.13101325 0.3486593144
511 -39.91531792 0.3377719607
512 -40.70941341 0.3269937807
513 -41.51191936 0.316351812
514 -42.3214325 0.3058713568
515 -43.13655009 0.2955756142
516 -43.95589282 0.2854853864
517 -44.7781259 0.275618866
518 -45.60197811 0.2659915061
519 -46.42625792 0.2566159725
520 -47.24986651 0.2475021705
521 -48.0718075 0.2386573398
522 -48.89119315 0.2300862043
523 -49.70724733 0.2217911674
524 -50.51930524 0.2137725394
525 -51.32681025 0.2060287866
526 -52.12930815 0.1985567905
527 -52.92643913 0.1913521097
528 -53.71792776 0.1844092353
529 -54.50357148 0.1777218346
530 -55.28322782 0.1712829786
531 -56.05680066 0.1650853494
532 -56.82422601 0.159121425
533 -57.58545741 0.1533836411
534 -58.34045156 0.1478645278
535 -59.08915424 0.1425568216
536 -59.8314871 0.1374535535
537 -60.56733546 0.1325481128
538 -61.29653772 0.1278342882
539 -62.01887646 0.1233062879
540 -62.73407172 0.1189587396
541 -63.44177662 0.1147866736
542 -64.14157556 0.1107854913
543 -64.83298503 0.1069509209
544 -65.51545714 0.1032789648
545 -66.18838567 0.09976584192
546 -66.85111443 0.09640792687
547 -67.50294765 0.09320169033
548 -68.14316201 0.09014364303
549 -68.77101971 0.08723028567
550 -69.38578228 0.08445806667
551 -69.98672435 0.08182334891
552 -70.57314722 0.07932238621
553 -71.14439138 0.0769513095
554 -71.69984793 0.07470612219
555 -72.23896847 0.07258270393
556 -72.76127314 0.07057682156
557 -73.26635694 0.06868414581
558 -73.75389399 0.06690027233
559 -74.22364003 0.06522074569
560 -74.67543308 0.06364108485
561 -75.10919255 0.06215680918
562 -75.52491688 0.06076346372
563 -75.92267998 0.05945664319
564 -76.30262668 0.05823201398
565 -76.66496744 0.05708533371
566 -77.00997246 0.05601246826
567 -77.33796548 0.05500940602
568 -77.64931739 0.05407226948
569 -77.94443979 0.05319732421
570 -78.22377868 0.05238098539
571 -78.48780839 0.05161982221
572 -78.73702577 0.05091056016
573 -78.97194473 0.05025008173
574 -79.19309126 0.04963542551
575 -79.4009988 0.04906378405
576 -79.59620408 0.04853250078
577 -79.77924349 0.04803906596
578 -79.95064973 0.04758111207
579 -80.11094907 0.04715640867
580 -80.26065883 0.04676285695
581 -80.40028541 0.04639848398
582 -80.53032253 0.04606143689
583 -80.65124988 0.04574997698
584 -80.76353205 0.04546247383
585 -80.86761765 0.04519739955
