0 -76.87708523 0.0564091436
1 -54.2651105 0.1521916828
2 24.45512845 0.8819838457
3 43.17263414 0.9999609722
4 47.49991758 0.9999882587
5 54.49339239 0.9999967843
6 45.85818161 0.999987322
7 40.30860216 0.9999625171
8 35.43382535 0.9999052787
9 30.76059945 0.9997725067
10 26.23340766 0.9994739934
11 21.88183796 0.9988366005
12 17.74826756 0.9975615697
13 13.87372129 0.9951992671
14 10.29466643 0.9911852773
15 7.039709358 0.9849737556
16 4.125199584 0.9762403782
17 1.551816804 0.9650436895
18 -0.6956823625 0.9518312334
19 -2.645160175 0.9372871631
20 -4.331785887 0.9221271461
21 -5.792825629 0.9069482665
22 -7.063861501 0.8921696208
23 -8.176702498 0.878040585
24 -9.158622554 0.8646793406
25 -10.03241429 0.8521154239
26 -10.81684523 0.840324595
27 -11.52725446 0.8292535122
28 -12.17614932 0.8188356435
29 -12.7737392 0.8090008111
30 -13.32838656 0.7996805172
31 -13.84697576 0.7908106406
32 -14.33520942 0.7823325702
33 -14.79784412 0.7741934531
34 -15.23887711 0.7663459715
35 -15.66169402 0.758747891
36 -16.06918595 0.7513615212
37 -16.46384254 0.7441531652
38 -16.84782627 0.7370925967
39 -17.22303207 0.7301525833
40 -17.59113546 0.7233084623
41 -17.95363158 0.7165377693
42 -18.31186706 0.7098199147
43 -18.66706626 0.7031359058
44 -19.02035283 0.6964681079
45 -19.37276777 0.6898000402
46 -19.7252844 0.683116203
47 -20.07882097 0.676401931
48 -20.43425124 0.6696432717
49 -20.79241341 0.662826885
50 -21.15411759 0.6559399632
51 -21.52015211 0.6489701682
52 -21.89128866 0.6419055878
53 -22.26828651 0.6347347075
54 -22.65189581 0.6274463997
55 -23.04286002 0.6200299294
56 -23.44191745 0.6124749762
57 -23.84980205 0.6047716733
58 -24.26724318 0.596910665
59 -24.69496468 0.5888831798
60 -25.13368283 0.5806811229
61 -25.58410344 0.5722971856
62 -26.04691794 0.563724971
63 -26.52279837 0.5549591364
64 -27.01239143 0.5459955491
65 -27.51631138 0.5368314528
66 -28.03513209 0.5274656423
67 -28.56937806 0.5178986398
68 -29.11951474 0.5081328681
69 -29.68593829 0.4981728135
70 -30.2689649 0.4880251704
71 -30.86882018 0.477698958
72 -31.48562878 0.4672056026
73 -32.11940484 0.4565589731
74 -32.77004348 0.4457753659
75 -33.43731409 0.4348734281
76 -34.12085552 0.4238740184
77 -34.82017389 0.4128000014
78 -35.5346432 0.4016759768
79 -36.26350897 0.3905279497
80 -37.00589514 0.3793829486
81 -37.76081408 0.3682686034
82 -38.52717958 0.3572126979
83 -39.30382259 0.3462427119
84 -40.08950898 0.3353853711
85 -40.88295907 0.3246662205
86 -41.68286794 0.3141092372
87 -42.48792608 0.3037364959
88 -43.2968395 0.2935678962
89 -44.10834882 0.2836209591
90 -44.92124652 0.2739106947
91 -45.73439216 0.2644495414
92 -46.54672504 0.2552473707
93 -47.35727412 0.2463115531
94 -48.1651651 0.237647075
95 -48.96962475 0.2292566988
96 -49.76998241 0.221141154
97 -50.5656691 0.2132993521
98 -51.35621412 0.2057286144
99 -52.14123982 0.1984249044
100 -52.92045438 0.1913830601
101 -53.69364319 0.1845970176
102 -54.46065898 0.1780600235
103 -55.22141093 0.1717648321
104 -55.97585309 0.165703885
105 -56.72397222 0.1598694718
106 -57.4657755 0.1542538708
107 -58.20127806 0.1488494695
108 -58.93049083 0.1436488646
109 -59.65340878 0.1386449422
110 -60.36999993 0.1338309392
111 -61.08019525 0.1292004849
112 -61.78387988 0.1247476264
113 -62.48088576 0.1204668364
114 -63.17098602 0.1163530069
115 -63.85389135 0.1124014289
116 -64.52924832 0.1086077611
117 -65.19664004 0.1049679895
118 -65.85558888 0.1014783791
119 -66.50556145 0.09813542241
120 -67.14597551 0.09493578481
121 -67.77620864 0.09187625073
122 -68.39560845 0.08895367234
123 -69.00350384 0.08616492266
124 -69.59921698 0.08350685475
125 -70.18207561 0.08097626815
126 -70.75142516 0.07856988313
127 -71.30664037 0.07628432326
128 -71.84713607 0.07411610578
129 -72.3723767 0.07206163958
130 -72.88188452 0.07011722976
131 -73.37524622 0.06827908782
132 -73.85211792 0.06654334641
133 -74.3122285 0.0649060774
134 -74.75538131 0.06336331214
135 -75.18145444 0.06191106297
136 -75.59039957 0.06054534489
137 -75.98223958 0.05926219679
138 -76.35706525 0.05805770147
139 -76.715031 0.05692800407
140 -77.05635008 0.0558693286
141 -77.38128922 0.05487799227
142 -77.69016306 0.05395041769
143 -77.98332838 0.05308314282
144 -78.26117834 0.05227282877
145 -78.52413683 0.05151626565
146 -78.77265296 0.05081037656
147 -79.00719589 0.05015221988
148 -79.22824995 0.04953899013
149 -79.43631007 0.04896801761
150 -79.63187768 0.04843676682
151 -79.81545696 0.04794283415
152 -79.98755146 0.04748394468
153 -80.1486612 0.0470579485
154 -80.29928004 0.04666281648
155 -80.4398935 0.04629663583
156 -80.5709769 0.04595760531
157 -80.69299375 0.04564403032
158 -80.80639455 0.04535431799
159 -80.91161573 0.04508697214
160 -81.0090789 0.04484058842
161 -81.09919031 0.04461384939
162 -81.18234047 0.04440551981
163 -81.25890396 0.04421444203
164 -81.32923935 0.04403953154
165 -81.39368927 0.04387977272
166 -81.45258058 0.0437342147
167 -81.50622464 0.0436019675
168 -81.55491758 0.04348219828
169 -81.59894075 0.04337412778
170 -81.63856111 0.04327702704
171 -81.67403168 0.04319021418
172 -81.70559209 0.0431130514
173 -81.73346904 0.04304494223
174 -81.75787682 0.04298532879
175 -81.77901787 0.04293368936
176 -81.79708329 0.04288953602
177 -81.81225336 0.04285241245
178 -81.82469806 0.04282189185
179 -81.83457758 0.04279757505
180 -81.8420428 0.04277908866
181 -81.84723579 0.04276608342
182 -81.85029028 0.04275823258
183 -81.85133208 0.04275523044
184 -81.85047952 0.04275679097
185 -81.84784389 0.04276264651
186 -81.84352979 0.04277254657
187 -81.83763557 0.04278625671
188 -81.83025361 0.04280355746
189 -81.82147074 0.04282424336
190 -81.81136852 0.04284812207
191 -81.80002355 0.04287501345
192 -81.78750778 0.04290474882
193 -81.77388879 0.04293717018
194 -81.75923003 0.04297212956
195 -81.74359106 0.04300948831
196 -59.37277641 0.1201414213
197 19.17123516 0.796177197
198 42.42344526 0.999946802
199 45.79619103 0.9999840327
200 51.84756702 0.9999947177
201 43.63477014 0.9999803165
202 39.01331335 0.9999512447
203 34.96693183 0.9998949334
204 31.00753598 0.9997795604
205 27.10017747 0.9995453933
206 23.28828263 0.9990865048
207 19.61959901 0.9982294078
208 16.13503548 0.9967179745
209 12.86904336 0.9942218413
210 9.84989784 0.9903865081
211 7.09824792 0.9849264118
212 4.624922107 0.9777289823
213 2.429500565 0.9689147011
214 0.5006973927 0.9588159105
215 -1.181403756 0.947887136
216 -2.642078723 0.9365966969
217 -3.90870038 0.9253454432
218 -5.008193713 0.9144293978
219 -5.965429534 0.9040383245
220 -6.802439871 0.8942737078
221 -7.538210333 0.8851724588
222 -8.188813821 0.8767286939
223 -8.767711406 0.8689107315
224 -9.286110494 0.8616731126
225 -9.753319253 0.8549645188
226 -10.1770681 0.8487326772
227 -10.56378756 0.8429272019
228 -10.91884161 0.8375010939
229 -11.24672037 0.8324114028
230 -11.55119752 0.827619387
231 -11.83545829 0.8230903899
232 -12.10220317 0.8187935664
233 -12.353732 0.8147015429
234 -12.59201228 0.8107900594
235 -12.81873464 0.80703762
236 -13.0353582 0.803425167
237 -13.2431477 0.7999357841
238 -13.44320395 0.796554431
239 -13.63648915 0.7932677087
240 -13.82384765 0.790063653
241 -14.00602346 0.7869315536
242 -14.18367475 0.7838617968
243 -14.35738606 0.7808457279
244 -14.52767864 0.7778755313
245 -14.69501915 0.7749441264
246 -14.85982708 0.7720450759
247 -15.02248111 0.7691725066
248 -15.18332451 0.7663210397
249 -15.34266985 0.7634857289
250 -15.50080298 0.7606620076
251 -15.65798658 0.7578456406
252 -15.8144632 0.7550326827
253 -15.9704579 0.7522194414
254 -16.1261806 0.7494024434
255 -16.28182817 0.746578406
256 -16.43758622 0.7437442098
257 -16.59363072 0.7408968753
258 -16.7501295 0.7380335418
259 -16.90724351 0.7351514474
260 -17.06512799 0.7322479114
261 -17.2239336 0.7293203187
262 -17.38380732 0.7263661042
263 -17.54489342 0.7233827395
264 -17.70733424 0.7203677199
265 -17.87127099 0.7173185526
266 -18.03684449 0.7142327458
267 -18.20419582 0.7111077974
268 -18.37346701 0.7079411859
269 -18.54480164 0.7047303602
270 -18.71834547 0.7014727311
271 -18.89424703 0.6981656619
272 -19.07265815 0.6948064607
273 -19.25373457 0.691392372
274 -19.43763648 0.6879205689
275 -19.62452907 0.6843881459
276 -19.81458308 0.6807921115
277 -20.00797534 0.6771293813
278 -20.20488933 0.6733967719
279 -20.40551568 0.6695909945
280 -20.61005277 0.6657086495
281 -20.81870723 0.6617462215
282 -21.03169448 0.6577000746
283 -21.24923923 0.6535664494
284 -21.47157605 0.6493414599
285 -21.69894979 0.6450210925
286 -21.9316161 0.6406012053
287 -22.16984185 0.6360775301
288 -22.41390553 0.6314456752
289 -22.66409756 0.626701131
290 -22.9207206 0.621839278
291 -23.18408973 0.6168553979
292 -23.45453253 0.611744687
293 -23.73238906 0.6065022748
294 -24.01801167 0.6011232462
295 -24.31176463 0.595602668
296 -24.61402365 0.5899356218
297 -24.925175 0.5841172419
298 -25.24561455 0.5781427599
299 -25.57574637 0.5720075564
300 -25.91598103 0.5657072195
301 -26.2667336 0.5592376116
302 -26.6284211 0.5525949431
303 -27.00145965 0.5457758548
304 -27.38626101 0.5387775072
305 -27.78322877 0.5315976771
306 -28.19275389 0.52423486
307 -28.61520986 0.5166883776
308 -29.05094728 0.5089584878
309 -29.50028805 0.5010464958
310 -29.96351913 0.4929548632
311 -30.44088602 0.4846873116
312 -30.932586 0.4762489172
313 -31.43876134 0.4676461926
314 -31.95949264 0.458887151
315 -32.4947924 0.4499813494
316 -33.04459911 0.440939905
317 -33.60877214 0.4317754829
318 -34.1870875 0.4225022508
319 -34.77923485 0.4131357985
320 -35.38481585 0.4036930221
321 -36.00334414 0.3941919727
322 -36.63424698 0.3846516711
323 -37.27686869 0.3750918933
324 -37.93047592 0.3655329304
325 -38.59426461 0.3559953308
326 -39.26736865 0.3464996302
327 -39.94886993 0.3370660796
328 -40.63780954 0.3277143782
329 -41.33319994 0.3184634201
330 -42.03403755 0.3093310619
331 -42.73931562 0.3003339189
332 -43.44803686 0.2914871925
333 -44.15922558 0.282804536
334 -44.87193901 0.2742979575
335 -45.58527754 0.265977762
336 -46.29839367 0.2578525309
337 -47.01049951 0.2499291368
338 -47.72087279 0.2422127895
339 -48.42886128 0.2347071093
340 -49.13388564 0.2274142228
341 -49.83544084 0.220334876
342 -50.53309607 0.2134685614
343 -51.22649345 0.2068136518
344 -51.91534545 0.2003675401
345 -52.59943135 0.1941267785
346 -53.27859268 0.1880872167
347 -53.95272792 0.1822441348
348 -54.62178646 0.1765923702
349 -55.28576201 0.171126436
350 -55.9446855 0.1658406318
351 -56.59861755 0.1607291435
352 -57.24764075 0.1557861344
353 -57.89185159 0.1510058258
354 -58.53135233 0.1463825678
355 -59.16624289 0.141910899
356 -59.79661274 0.1375855977
357 -60.42253306 0.133401722
358 -61.04404926 0.1293546407
359 -61.6611739 0.1254400542
360 -62.27388043 0.1216540067
361 -62.88209754 0.1179928888
362 -63.48570467 0.1144534315
363 -64.08452857 0.1110326924
364 -64.67834109 0.1077280341
365 -65.26685849 0.104537097
366 -65.84974205 0.1014577651
367 -66.42660028 0.09848812914
368 -66.99699257 0.0956264459
369 -67.56043427 0.0928710961
370 -68.11640296 0.09022054238
371 -68.66434598 0.08767328847
372 -69.2036887 0.08522784098
373 -69.73384355 0.08288267487
374 -70.25421935 0.08063620358
375 -70.76423074 0.07848675444
376 -71.26330748 0.07643254974
377 -71.75090324 0.07447169375
378 -72.22650374 0.07260216533
379 -72.68963409 0.070821816
380 -73.13986496 0.06912837292
381 -73.57681783 0.067519446
382 -74.00016893 0.06599253869
383 -74.409652 0.06454506132
384 -74.80505994 0.06317434659
385 -75.18624535 0.06187766625
386 -75.55311996 0.06065224835
387 -75.90565329 0.05949529458
388 -76.24387038 0.0584039971
389 -76.56784895 0.05737555457
390 -76.87771602 0.05640718696
391 -54.26578933 0.1521870134
392 24.45482937 0.88197619
393 43.17252012 0.9999609709
394 47.49964342 0.9999882581
395 54.49297027 0.9999967841
396 45.85778169 0.999987321
397 40.30829433 0.9999625148
398 35.4335992 0.9999052746
399 30.76044131 0.9997724997
400 26.23330704 0.9994739831
401 21.881787 0.9988365886
402 17.7482598 0.997561564
403 13.87375091 0.9951992872
404 10.29472778 0.9911853597
405 7.039796902 0.9849739538
406 4.125308063 0.9762407542
407 1.551941574 0.9650442991
408 -0.6955450428 0.9518321143
409 -2.645013034 0.9372883313
410 -4.3316307 0.9221286
411 -5.792663401 0.9069499953
412 -7.06369267 0.89217161
413 -8.176527124 0.8780428214
414 -9.158440461 0.8646818136
415 -10.03222516 0.8521181262
416 -10.81664867 0.8403275221
417 -11.52705003 0.8292566624
418 -12.17593657 0.818839017
419 -12.77351768 0.8090044095
420 -13.3281558 0.7996843436
421 -13.8467353 0.790814699
422 -14.3349588 0.7823368654
423 -14.79758287 0.7741979909
424 -15.23860475 0.766350758
425 -15.66141007 0.758752933
426 -16.06888992 0.7513668262
427 -16.4635339 0.7441587411
428 -16.84750448 0.7370984521
429 -17.22269657 0.7301587273
430 -17.59078566 0.7233149046
431 -17.95326685 0.7165445201
432 -18.31148676 0.7098269849
433 -18.66666968 0.703143307
434 -19.01993925 0.6964758523
435 -19.37233642 0.6898081406
436 -19.72483445 0.6831246729
437 -20.07835155 0.6764107844
438 -20.43376143 0.6696525235
439 -20.79190225 0.6628365507
440 -21.15358405 0.6559500587
441 -21.5195951 0.6489807102
442 -21.89070705 0.6419165933
443 -22.26767911 0.634746194
444 -22.65126137 0.6274583852
445 -23.04219723 0.6200424318
446 -23.44122496 0.6124880136
447 -23.84907844 0.6047852638
448 -24.266487 0.5969248262
449 -24.69417445 0.5888979286
450 -25.13285701 0.5806964756
451 -25.5832405 0.5723131569
452 -26.04601633 0.5637415743
453 -26.52185655 0.5549763829
454 -27.01140788 0.5460134476
455 -27.51528464 0.5368500092
456 -28.03406075 0.527484859
457 -28.5682608 0.5179185151
458 -29.11835039 0.5081533962
459 -29.68472579 0.4981939834
460 -30.26770338 0.4880469659
461 -30.86750897 0.4777213572
462 -31.48426746 0.4672285776
463 -32.11799323 0.45658249
464 -32.76858171 0.4457993844
465 -33.43580256 0.4348979022
466 -34.11929497 0.4238988962
467 -34.81856538 0.4128252259
468 -35.53298813 0.4017014863
469 -36.26180905 0.3905536788
470 -37.00415239 0.3794088288
471 -37.75903079 0.3682945647
472 -38.52535832 0.3572386693
473 -39.30196612 0.3462686228
474 -40.08762025 0.3354111524
475 -40.88104114 0.3246918058
476 -41.68092395 0.3141345637
477 -42.48595918 0.303761505
478 -43.29485285 0.2935925345
479 -44.10634547 0.2836451787
480 -44.91922943 0.2739344539
481 -45.73236412 0.2644728045
482 -46.54468865 0.2552701082
483 -47.35523178 0.2463337416
484 -48.16311898 0.237668697
485 -48.96757677 0.229277742
486 -49.76793426 0.2211616113
487 -50.56362221 0.2133192209
488 -51.35416971 0.2057478958
489 -52.13919887 0.1984436033
490 -52.91841767 0.191401184
491 -53.69161132 0.1846145763
492 -54.4586324 0.1780770286
493 -55.21938997 0.1717812964
494 -55.97383797 0.1657198225
495 -56.72196313 0.1598848966
496 -57.46377257 0.1542687974
497 -58.19928144 0.1488639119
498 -58.92850071 0.1436628364
499 -59.65142543 0.1386584566
500 -60.36802372 0.1338440083
501 -61.07822668 0.1292131202
502 -61.78191961 0.1247598381
503 -62.47893462 0.1204786339
504 -63.16904504 0.1163643986
505 -63.85196174 0.1124124224
506 -64.52733152 0.1086183632
507 -65.19473766 0.1049782063
508 -65.85370274 0.1014882162
509 -66.50369353 0.09814488507
510 -67.14412793 0.09494487807
511 -67.77438364 0.09188497959
512 -68.39380837 0.0889620419
513 -69.00173106 0.08617293823
514 -69.5974739 0.08351452198
515 -70.18036459 0.08098359311
516 -70.7497485 0.07857687239
517 -71.30500029 0.07629098388
518 -71.84553464 0.07412244539
519 -72.37081583 0.07206766633
520 -72.88036595 0.07012295229
521 -73.37377147 0.06828451524
522 -73.85068831 0.06654848823
523 -74.31084509 0.06491094346
524 -74.75404495 0.06336791257
525 -75.18016574 0.06191540807
526 -75.5891589 0.06054944509
527 -75.98104711 0.05926606257
528 -76.35592092 0.05806134326
529 -76.71393455 0.05693143225
530 -77.05530106 0.05587255339
531 -77.38028702 0.05488102371
532 -77.68920692 0.05395326559
533 -77.98241741 0.0530858167
534 -78.26031152 0.05227533789
535 -78.52331303 0.05151861893
536 -78.77187099 0.05081258259
537 -79.00645448 0.05015428689
538 -79.22754777 0.04954092602
539 -79.43564577 0.0489698299
540 -79.63124987 0.04843846269
541 -79.81486422 0.04794442042
542 -79.9869924 0.04748542782
543 -80.1481344 0.04705933463
544 -80.29878411 0.04666411143
545 -80.43942707 0.04629784507
546 -80.57053861 0.04595873402
547 -80.6925823 0.04564508339
548 -80.80600863 0.04535530001
549 -80.91125409 0.04508788746
550 -81.00874034 0.0448414411
551 -81.09887365 0.04461464326
552 -81.18204459 0.04440625847
553 -81.25862778 0.04421512886
554 -81.32898182 0.04404016972
555 -81.39344939 0.04388036522
556 -81.45235742 0.04373476432
557 -81.50601727 0.04360247686
558 -81.55472514 0.04348266982
559 -81.59876242 0.04337456382
560 -81.6383961 0.04327742973
561 -81.67387926 0.04319058554
562 -81.70545155 0.04311339333
563 -81.7333397 0.0430452565
564 -81.75775805 0.04298561707
565 -81.77890908 0.04293395321
566 -81.79698391 0.04288977691
567 -81.81216285 0.04285263173
568 -81.82461592 0.04282209081
569 -81.83450332 0.04279775489
570 -81.84197598 0.04277925051
571 -81.84717598 0.04276622833
572 -81.85023709 0.04275836154
573 -81.85128512 0.04275534438
574 -81.85043843 0.04275689076
575 -81.84780834 0.04276273297
576 -81.84349948 0.04277262047
577 -81.83761018 0.04278631875
578 -81.83023287 0.04280360832
579 -81.82145438 0.04282428367
580 -81.8113563 0.04284815242
581 -81.80001523 0.04287503439
582 -81.78750315 0.04290476088
583 -81.77388764 0.04293717385
584 -81.75923215 0.04297212529
585 -81.74359629 0.04300947654
