0 -78.41280678 0.05182883
1 -75.06208324 0.06072738287
2 -70.50667377 0.07686123006
3 -63.83567943 0.1063813814
4 -37.7183131 0.2684597447
5 39.58582854 0.9988754075
6 38.21617513 0.9999396665
7 36.15370822 0.9999130532
8 32.96138403 0.9998452766
9 28.89407067 0.9996755149
10 24.41228779 0.9992664737
11 19.91372605 0.998349811
12 15.64387716 0.9964866418
13 11.7267786 0.9930969235
14 8.215024856 0.9876016025
15 5.121326807 0.9796467447
16 2.433162434 0.9692816164
17 0.1203442206 0.9569624566
18 -1.858502931 0.9433839218
19 -3.549477194 0.9292610731
20 -4.998029163 0.9151779298
21 -6.245523 0.9015341403
22 -7.327675168 0.8885598402
23 -8.274312354 0.8763579842
24 -9.10985089 0.864947941
25 -9.854067529 0.8542998159
26 -10.52291433 0.8443580072
27 -11.12926071 0.8350559977
28 -11.68352139 0.8263250027
29 -12.19416705 0.8180986593
30 -12.66813046 0.8103153079
31 -13.11112562 0.8029188759
32 -13.52789739 0.7958589877
33 -13.92241637 0.7890906747
34 -14.29803161 0.7825738997
35 -14.65759038 0.7762730176
36 -15.003533 0.7701562363
37 -15.337968 0.764195109
38 -15.66273237 0.7583640742
39 -15.97944004 0.7526400449
40 -16.28952121 0.7470020466
41 -16.59425455 0.741430901
42 -16.89479368 0.7359089498
43 -17.19218917 0.7304198135
44 -17.48740695 0.724948181
45 -17.7813439 0.7194796264
46 -18.07484099 0.7140004468
47 -18.36869473 0.7084975218
48 -18.66366691 0.7029581882
49 -18.96049327 0.6973701301
50 -19.259891 0.6917212822
51 -19.56256549 0.6859997441
52 -19.86921631 0.6801937061
53 -20.18054262 0.6742913843
54 -20.49724797 0.6682809664
55 -20.82004475 0.6621505664
56 -21.14965802 0.6558881912
57 -21.48682903 0.6494817168
58 -21.83231819 0.6429188782
59 -22.1869076 0.6361872723
60 -22.55140295 0.6292743772
61 -22.92663485 0.6221675889
62 -23.3134594 0.6148542789
63 -23.71275784 0.607321875
64 -24.12543532 0.5995579679
65 -24.5524183 0.5915504476
66 -24.99465076 0.5832876716
67 -25.45308871 0.5747586675
68 -25.92869303 0.5659533719
69 -26.42242035 0.5568629062
70 -26.93521173 0.5474798879
71 -27.46797926 0.5377987747
72 -28.02159029 0.5278162354
73 -28.59684949 0.5175315384
74 -29.19447891 0.5069469461
75 -29.81509635 0.4960680978
76 -30.4591926 0.4849043623
77 -31.12710825 0.4734691377
78 -31.81901098 0.4617800718
79 -32.53487452 0.4498591806
80 -33.27446031 0.4377328398
81 -34.03730331 0.4254316302
82 -34.82270314 0.4129900252
83 -35.62972168 0.4004459159
84 -36.45718789 0.3878399824
85 -37.30371044 0.3752149275
86 -38.16769812 0.3626146062
87 -39.04738747 0.350083087
88 -39.94087676 0.3376636927
89 -40.84616471 0.3253980693
90 -41.76119236 0.313325328
91 -42.68388591 0.3014813025
92 -43.61219866 0.2898979538
93 -44.54415006 0.2786029409
94 -45.47786034 0.2676193663
95 -46.41157937 0.2569656936
96 -47.34370905 0.2466558201
97 -48.27281873 0.2366992864
98 -49.1976537 0.2271015934
99 -50.11713715 0.2178646003
100 -51.03036608 0.2089869746
101 -51.93660201 0.2004646684
102 -52.83525723 0.192291399
103 -53.72587766 0.1844591148
104 -54.60812294 0.1769584337
105 -55.48174472 0.1697790428
106 -56.34656394 0.162910054
107 -57.20244767 0.1563403108
108 -58.04928634 0.1500586459
109 -58.88697183 0.1440540895
110 -59.71537715 0.1383160303
111 -60.5343382 0.1328343316
112 -61.34363808 0.1275994062
113 -62.14299459 0.122602254
114 -62.9320511 0.1178344675
115 -63.71037133 0.1132882084
116 -64.47743798 0.1089561631
117 -65.23265543 0.1048314803
118 -65.97535626 0.1009076976
119 -66.70481136 0.09717866252
120 -67.42024303 0.09363845271
121 -68.12084064 0.09028129956
122 -68.80577797 0.08710152006
123 -69.47423149 0.08409345891
124 -70.12539885 0.08125144314
125 -70.75851669 0.07856975018
126 -71.37287716 0.07604258923
127 -71.96784259 0.07366409517
128 -72.54285779 0.0714283337
129 -73.09745975 0.06932931562
130 -73.63128459 0.06736101829
131 -74.14407173 0.06551741223
132 -74.63566543 0.06379249049
133 -75.10601391 0.06218029938
134 -75.55516622 0.06067496857
135 -75.98326745 0.05927073967
136 -76.39055228 0.05796199216
137 -76.77733755 0.05674326608
138 -77.14401396 0.05560928119
139 -77.49103732 0.05455495237
140 -77.81891962 0.05357540144
141 -78.12822011 0.05266596541
142 -78.41953664 0.0518222016
143 -78.69349736 0.05103988981
144 -78.95075301 0.05031503207
145 -79.19196967 0.04964385016
146 -79.41782233 0.04902278143
147 -79.62898899 0.04844847312
148 -79.8261455 0.04791777559
149 -80.00996107 0.04742773463
150 -80.18109445 0.04697558325
151 -80.34019061 0.04655873304
152 -80.48787815 0.04617476522
153 -80.62476704 0.04582142175
154 -80.75144702 0.04549659638
155 -80.86848626 0.04519832589
156 -80.97643049 0.04492478152
157 -81.07580239 0.04467426069
158 -81.16710136 0.044445179
159 -81.2508034 0.04423606261
160 -81.32736132 0.04404554098
161 -81.397205 0.04387233991
162 -81.46074191 0.04371527506
163 -81.51835763 0.04357324578
164 -81.57041655 0.04344522931
165 -81.6172626 0.04333027532
166 -81.65921996 0.04322750086
167 -81.69659398 0.04313608556
168 -81.7296719 0.04305526719
169 -81.75872376 0.04298433751
170 -81.78400322 0.0429226384
171 -81.80574836 0.04286955827
172 -81.82418257 0.04282452869
173 -81.83951525 0.04278702132
174 -81.85194266 0.04275654496
175 -81.86164865 0.04273264292
176 -81.86880535 0.04271489052
177 -81.8735739 0.04270289275
178 -81.87610508 0.04269628216
179 -81.87653995 0.04269471689
180 -81.87501048 0.04269787878
181 -81.87164003 0.04270547169
182 -81.866544 0.04271721995
183 -81.85983024 0.04273286686
184 -81.85159958 0.04275217334
185 -81.84194628 0.04277491669
186 -81.83095843 0.0428008894
187 -81.81871837 0.04282989811
188 -81.80530305 0.04286176259
189 -81.79078439 0.0428963148
190 -81.77522962 0.04293339806
191 -78.20292789 0.05112204749
192 -73.56000062 0.06535133914
193 -67.18126744 0.09004080671
194 -45.09767851 0.206994057
195 39.77144941 0.9980535195
196 38.73956465 0.9999448179
197 37.1660181 0.9999273537
198 34.54811207 0.9998836551
199 31.0095675 0.9997784071
200 26.9429287 0.9995340424
201 22.74504173 0.9990000502
202 18.68177632 0.9979250266
203 14.89383394 0.9959546696
204 11.44459405 0.9926817593
205 8.356767886 0.9877551599
206 5.6306922 0.981011091
207 3.251829362 0.9725546241
208 1.194654927 0.9627391199
209 -0.5736681432 0.9520587425
210 -2.089367254 0.9410192727
211 -3.388585991 0.9300451782
212 -4.504944624 0.9194410611
213 -5.468231853 0.9093946363
214 -6.303987854 0.8999999982
215 -7.033648299 0.8912852234
216 -7.674972399 0.8832363071
217 -8.242571008 0.8758150264
218 -8.748431253 0.8689710847
219 -9.202388795 0.8626498149
220 -9.612530774 0.8567967657
221 -9.985529103 0.8513602349
222 -10.32691118 0.8462925153
223 -10.64127756 0.8415503625
224 -10.93247612 0.8370950165
225 -11.20374116 0.8328919804
226 -11.45780468 0.8289106821
227 -11.69698556 0.8251240904
228 -11.92326131 0.8215083285
229 -12.13832603 0.8180423055
230 -12.34363742 0.814707379
231 -12.54045522 0.8114870494
232 -12.72987259 0.8083666901
233 -12.91284203 0.8053333084
234 -13.09019682 0.8023753368
235 -13.26266886 0.7994824504
236 -13.4309035 0.7966454082
237 -13.59547209 0.7938559142
238 -13.75688248 0.791106497
239 -13.91558794 0.7883904047
240 -14.0719947 0.7857015134
241 -14.22646845 0.7830342466
242 -14.37933983 0.7803835056
243 -14.53090924 0.7777446078
244 -14.68145088 0.7751132326
245 -14.83121635 0.7724853737
246 -14.98043775 0.7698572969
247 -15.12933038 0.7672255031
248 -15.27809512 0.7645866941
249 -15.42692049 0.7619377437
250 -15.5759846 0.7592756703
251 -15.72545671 0.7565976131
252 -15.87549876 0.7539008098
253 -16.02626673 0.751182577
254 -16.17791181 0.7484402916
255 -16.33058153 0.7456713737
256 -16.48442083 0.7428732709
257 -16.63957293 0.7400434434
258 -16.79618029 0.7371793502
259 -16.95438542 0.7342784353
260 -17.11433171 0.7313381151
261 -17.27616417 0.7283557661
262 -17.44003024 0.7253287126
263 -17.60608045 0.7222542148
264 -17.77446925 0.7191294572
265 -17.94535563 0.7159515367
266 -18.11890396 0.7127174511
267 -18.29528465 0.7094240874
268 -18.47467494 0.7060682096
269 -18.65725966 0.7026464474
270 -18.84323206 0.6991552835
271 -19.03279454 0.695591042
272 -19.2261596 0.6919498757
273 -19.42355063 0.6882277537
274 -19.62520285 0.6844204492
275 -19.83136423 0.680523527
276 -20.04229648 0.6765323315
277 -20.25827599 0.6724419744
278 -20.47959493 0.6682473236
279 -20.70656223 0.6639429925
280 -20.93950465 0.6595233304
281 -21.17876788 0.6549824141
282 -21.42471754 0.650314042
283 -21.6777403 0.6455117294
284 -21.93824479 0.6405687084
285 -22.20666258 0.6354779299
286 -22.48344899 0.6302320717
287 -22.7690838 0.6248235511
288 -23.06407178 0.619244545
289 -23.36894293 0.613487018
290 -23.68425251 0.6075427597
291 -24.01058064 0.6014034332
292 -24.34853152 0.5950606368
293 -24.698732 0.5885059798
294 -25.06182961 0.5817311747
295 -25.43848984 0.5747281477
296 -25.82939245 0.5674891684
297 -26.23522688 0.5600070007
298 -26.65668659 0.5522750751
299 -27.09446207 0.5442876826
300 -27.54923269 0.5360401895
301 -28.02165709 0.5275292707
302 -28.51236224 0.5187531587
303 -29.0219312 0.5097119021
304 -29.55088955 0.5004076284
305 -30.09969086 0.4908447995
306 -30.66870134 0.4810304524
307 -31.25818417 0.47097441
308 -31.86828388 0.4606894491
309 -32.49901149 0.4501914128
310 -33.15023099 0.4394992514
311 -33.82164796 0.4286349808
312 -34.512801 0.4176235481
313 -35.2230567 0.4064925998
314 -35.95160884 0.3952721502
315 -36.69748211 0.3839941565
316 -37.45954079 0.3726920106
317 -38.23650226 0.3613999658
318 -39.02695515 0.3501525191
319 -39.82938161 0.3389837759
320 -40.64218282 0.3279268229
321 -41.46370688 0.317013138
322 -42.29227789 0.306272061
323 -43.12622503 0.2957303452
324 -43.96391061 0.2854118059
325 -44.80375594 0.275337073
326 -45.6442642 0.2655234518
327 -46.48403972 0.2559848858
328 -47.32180312 0.2467320146
329 -48.15640228 0.2377723132
330 -48.98681901 0.2291102981
331 -49.81217166 0.2207477834
332 -50.63171411 0.2126841723
333 -51.44483131 0.2049167683
334 -52.25103212 0.197441093
335 -53.04993964 0.1902511998
336 -53.84127982 0.1833399761
337 -54.62486846 0.1766994247
338 -55.40059727 0.1703209226
339 -56.16841925 0.1641954538
340 -56.92833365 0.1583138127
341 -57.68037096 0.1526667808
342 -58.42457814 0.1472452745
343 -59.16100424 0.1420404666
344 -59.8896869 0.1370438812
345 -60.61063977 0.1322474653
346 -61.32384123 0.127643637
347 -62.02922459 0.1232253138
348 -62.7266701 0.1189859208
349 -63.41599881 0.1149193836
350 -64.09696863 0.1110201051
351 -64.76927271 0.107282931
352 -65.43254003 0.103703105
353 -66.08633844 0.1002762166
354 -66.73017983 0.0969981451
355 -67.36352747 0.09386500076
356 -67.985805 0.09087306683
357 -68.59640707 0.08801874442
358 -69.19471088 0.08529850213
359 -69.78008852 0.08270883188
360 -70.3519194 0.08024621238
361 -70.90960253 0.07790708065
362 -71.45256814 0.07568781194
363 -71.98028833 0.07358470781
364 -72.49228642 0.07159399182
365 -72.98814483 0.0697118119
366 -73.46751129 0.06793424859
367 -73.93010342 0.06625732767
368 -74.3757115 0.06467703633
369 -74.80419974 0.06318934156
370 -75.21550592 0.06179020974
371 -75.60963973 0.06047562656
372 -75.98667996 0.05924161646
373 -76.34677066 0.05808426104
374 -76.69011649 0.05699971582
375 -77.01697764 0.05598422533
376 -77.32766414 0.05503413601
377 -77.62253015 0.05414590708
378 -77.901968 0.0533161193
379 -78.16640242 0.05254148167
380 -78.41628484 0.05181883629
381 -75.06541099 0.06071642462
382 -70.5100154 0.07684776193
383 -63.83953248 0.1063613415
384 -37.72775872 0.2683751858
385 39.58603576 0.9988746222
386 38.21671815 0.9999396721
387 36.15469309 0.9999130685
388 32.96279292 0.999845316
389 28.89576383 0.9996756147
390 24.41410478 0.9992667144
391 19.91555168 0.9983503469
392 15.64564604 0.9964877214
393 11.7284578 0.993098875
394 8.216599417 0.9876047644
395 5.122792695 0.9796513646
396 2.434523739 0.9692877773
397 0.1216113786 0.9569700791
398 -1.857315269 0.9433928306
399 -3.548352479 0.9292710744
400 -4.996950866 0.9151888638
401 -6.244475847 0.9015458988
402 -7.326645718 0.8885723644
403 -8.27328913 0.8763712527
404 -9.108824249 0.8649619578
405 -9.853029425 0.8543146005
406 -10.52185805 0.8443735879
407 -11.12818061 0.8350724073
408 -11.68241267 0.826342276
409 -12.19302561 0.8181168316
410 -12.66695268 0.8103344148
411 -13.1099083 0.8029389527
412 -13.52663758 0.79588007
413 -13.92111137 0.789112798
414 -14.29667882 0.7825971002
415 -14.65618731 0.7762973325
416 -15.00207718 0.7701817037
417 -15.33645696 0.764221769
418 -15.6611636 0.7583919685
419 -15.97781096 0.7526692174
420 -16.28782915 0.7470325438
421 -16.5924967 0.7414627723
422 -16.8929671 0.7359422475
423 -17.19029073 0.7304545935
424 -17.48543335 0.724984503
425 -17.77929159 0.719517554
426 -18.0727062 0.7140400482
427 -18.36647341 0.7085388698
428 -18.66135473 0.7030013605
429 -18.95808559 0.6974152098
430 -19.25738282 0.691768358
431 -19.55995147 0.6860489106
432 -19.86649069 0.6802450642
433 -20.17769922 0.6743450412
434 -20.49428019 0.6683370358
435 -20.81694548 0.6622091691
436 -21.14641967 0.6559494545
437 -21.48344348 0.649545775
438 -21.82877678 0.6429858722
439 -22.18320107 0.6362573495
440 -22.54752149 0.6293476908
441 -22.92256804 0.6222442974
442 -23.30919623 0.6149345451
443 -23.70828674 0.6074058644
444 -24.12074414 0.5996458476
445 -24.54749439 0.5916423839
446 -24.98948099 0.5833838275
447 -25.44765959 0.5748591998
448 -25.9229908 0.5660584276
449 -26.41643107 0.5569726183
450 -26.92892152 0.5475943708
451 -27.46137445 0.5379181191
452 -28.01465765 0.5279405025
453 -28.58957652 0.5176607545
454 -29.18685411 0.5070810959
455 -29.80710955 0.4962071192
456 -30.4508353 0.4850481407
457 -31.11837396 0.473617501
458 -31.80989559 0.4619327875
459 -32.52537659 0.4500159533
460 -33.26458134 0.437893311
461 -34.02704799 0.4255953802
462 -34.81207949 0.4131565772
463 -35.61874106 0.4006147429
464 -36.44586499 0.3880105155
465 -37.29206311 0.3753865669
466 -38.15574706 0.3627867333
467 -39.03515588 0.3502550775
468 -39.92838983 0.3378349304
469 -40.83344913 0.3255679589
470 -41.74827568 0.313493307
471 -42.67079598 0.3016468523
472 -43.59896303 0.2900606073
473 -44.53079543 0.2787622889
474 -45.4644121 0.2677750615
475 -46.39806117 0.2571174511
476 -47.3301425 0.2468034174
477 -48.25922319 0.2368425601
478 -49.18404616 0.2272404352
479 -50.10353222 0.2179989517
480 -51.01677604 0.2091168209
481 -51.92303693 0.2005900322
482 -52.82172522 0.1924123337
483 -53.71238509 0.1845756982
484 -54.59467475 0.1770707621
485 -55.46834475 0.1698872255
486 -56.33321527 0.1630142083
487 -57.18915299 0.1564405579
488 -58.03604828 0.1501551071
489 -58.87379333 0.1441468836
490 -59.70226178 0.1384052711
491 -60.52129041 0.1329201264
492 -61.33066351 0.1276818551
493 -62.1301002 0.1226814493
494 -62.91924536 0.1179104935
495 -63.69766427 0.1133611426
496 -64.4648412 0.1090260763
497 -65.22018204 0.1048984381
498 -65.96302076 0.1009717616
499 -66.69262942 0.09723989193
500 -67.40823128 0.09369690517
501 -68.10901636 0.09033703276
502 -68.79415879 0.08715459276
503 -69.46283503 0.08414393186
504 -70.11424241 0.08129937981
505 -70.7476169 0.07861521721
506 -71.3622497 0.07608565664
507 -71.95750192 0.07370483643
508 -72.53281689 0.07146682549
509 -73.08772998 0.06936563751
510 -73.62187551 0.06739525232
511 -74.13499106 0.06554964229
512 -74.626919 0.06382280179
513 -75.09760561 0.06220877778
514 -75.54709813 0.06070169999
515 -75.97553985 0.05929580952
516 -76.38316378 0.05798548478
517 -76.77028521 0.05676526429
518 -77.13729342 0.05562986585
519 -77.48464296 0.05457420206
520 -77.8128447 0.05359339215
521 -78.12245693 0.05268277033
522 -78.41407669 0.05183789095
523 -78.68833148 0.05105453074
524 -78.94587148 0.0503286886
525 -79.18736241 0.04965658315
526 -79.41347896 0.04903464859
527 -79.62489894 0.04845952906
528 -79.82229813 0.04792807187
529 -80.00634575 0.04743731987
530 -80.17770061 0.04698450321
531 -80.33700784 0.04656703072
532 -80.48489621 0.04618248099
533 -80.62197595 0.04582859348
534 -80.74883705 0.04550325954
535 -80.86604798 0.04520451368
536 -80.97415479 0.04493052501
537 -81.07368053 0.04467958892
538 -81.16512491 0.0444501191
539 -81.24896431 0.04424063993
540 -81.32565187 0.04404977917
541 -81.39561785 0.04387626106
542 -81.45927006 0.04371889978
543 -81.51699444 0.0435765933
544 -81.56915571 0.04344831755
545 -81.61609812 0.04333312101
546 -81.65814619 0.0432301196
547 -81.69560556 0.04313849189
548 -81.72876377 0.04305747467
549 -81.75789116 0.0429863588
550 -81.78324164 0.04292448529
551 -81.80505357 0.04287124176
552 -81.82355057 0.04282605906
553 -81.83894229 0.04278840813
554 -81.85142521 0.04275779715
555 -81.86118337 0.04273376882
556 -81.86838913 0.04271589792
557 -81.87320381 0.0427037889
558 -81.87577836 0.04269707385
559 -81.87625402 0.04269541045
560 -81.8747629 0.04269848011
561 -81.87142853 0.04270598632
562 -81.86636643 0.04271765304
563 -81.8596846 0.04273322323
564 -81.85148399 0.0427524575
565 -81.84185896 0.04277513285
566 -81.83089774 0.04280104151
567 -81.81868274 0.04282998985
568 -81.80529103 0.0428617974
569 -81.79079461 0.04289629591
570 -81.7752608 0.04293332849
