0 -30.80062963 0.4785963731
1 -31.33169172 0.4695515481
2 -31.87935969 0.4603241231
3 -32.44377443 0.4509233872
4 -33.02498957 0.4413606189
5 -33.62296275 0.4316491184
6 -34.23754789 0.421804196
7 -34.86848888 0.411843114
8 -35.51541495 0.4017849745
9 -36.17783824 0.3916505554
10 -36.85515385 0.3814620909
11 -37.54664242 0.3712430036
12 -38.2514757 0.3610175912
13 -38.96872482 0.3508106783
14 -39.69737133 0.3406472435
15 -40.43632066 0.3305520349
16 -41.18441769 0.3205491877
17 -41.94046391 0.3106618576
18 -42.70323555 0.300911884
19 -43.47150222 0.291319493
20 -44.24404521 0.2819030511
21 -45.01967507 0.272678875
22 -45.79724771 0.2636611015
23 -46.5756788 0.2548616172
24 -47.35395589 0.2462900471
25 -48.13114814 0.2379537954
26 -48.9064135 0.2298581334
27 -49.6790033 0.2220063273
28 -50.44826434 0.2143997955
29 -51.21363848 0.2070382891
30 -51.9746602 0.1999200876
31 -52.730952 0.1930422009
32 -53.48221817 0.1864005728
33 -54.22823698 0.1799902807
34 -54.96885167 0.1738057259
35 -55.70396036 0.1678408135
36 -56.43350521 0.1620891163
37 -57.157461 0.1565440246
38 -57.87582332 0.1511988782
39 -58.5885967 0.1460470804
40 -59.29578273 0.1410821952
41 -59.99736861 0.1362980262
42 -60.69331618 0.1316886777
43 -61.38355188 0.1272485994
44 -62.0679577 0.1229726142
45 -62.74636352 0.1188559307
46 -63.41854111 0.1148941413
47 -64.08419986 0.1110832068
48 -64.74298462 0.10741943
49 -65.39447561 0.1038994194
50 -66.03819056 0.1005200448
51 -66.6735891 0.09727838868
52 -67.30007909 0.09417169318
53 -67.91702503 0.09119730767
54 -68.52375792 0.0883526371
55 -69.11958647 0.08563509431
56 -69.70380922 0.08304205765
57 -70.27572708 0.08057083525
58 -70.83465585 0.07821863701
59 -71.37993841 0.07598255452
60 -71.91095609 0.07385954925
61 -72.42713893 0.0718464484
62 -72.92797453 0.06993994778
63 -73.4130154 0.06813662097
64 -73.88188455 0.06643293334
65 -74.3342794 0.06482526011
66 -74.76997397 0.0633099071
67 -75.18881951 0.06188313301
68 -75.59074356 0.06054117246
69 -75.97574783 0.05928025875
70 -76.3439048 0.0580966456
71 -76.69535355 0.0569866276
72 -77.03029478 0.05594655858
73 -77.34898531 0.05497286806
74 -77.65173227 0.05406207527
75 -77.93888711 0.05321080099
76 -78.21083954 0.05241577713
77 -78.4680116 0.05167385412
78 -78.71085192 0.05098200638
79 -78.93983024 0.05033733599
80 -79.15543226 0.04973707467
81 -79.35815491 0.04917858447
82 -79.548502 0.04865935712
83 -79.72698026 0.04817701248
84 -79.89409586 0.04772929601
85 -80.05035136 0.04731407569
86 -80.19624296 0.04692933827
87 -80.33225826 0.04657318519
88 -80.45887428 0.04624382816
89 -80.57655589 0.04593958456
90 -80.68575452 0.04565887267
91 -80.78690708 0.04540020687
92 -80.88043528 0.0451621929
93 -80.96674499 0.04494352305
94 -81.04622597 0.04474297155
95 -81.11925162 0.04455939
96 -81.186179 0.044391703
97 -81.24734887 0.04423890387
98 -81.30308593 0.04410005063
99 -81.35369908 0.04397426203
100 -81.39948177 0.0438607139
101 -81.44071246 0.04375863557
102 -81.47765501 0.04366730655
103 -81.51055924 0.04358605332
104 -81.53966141 0.04351424636
105 -81.56518477 0.04345129732
106 -81.58734011 0.04339665635
107 -81.6063263 0.0433498096
108 -81.62233084 0.04331027687
109 -81.63553038 0.0432776095
110 -81.64609084 0.043251389
111 -81.65416488 0.04323123136
112 -81.65986454 0.04321684068
113 -81.66301507 0.04320849936
114 -81.6609626 0.04321143874
115 -81.62906236 0.04327478462
116 -81.34689811 0.04384180727
117 -78.85228656 0.04914041713
118 -56.9596467 0.123725764
119 32.62835651 0.9810820869
120 38.5914626 0.9999390016
121 37.64184949 0.9999329381
122 35.51316397 0.9999019846
123 32.48209761 0.9998299337
124 28.8575503 0.999669898
125 24.97219255 0.9993288686
126 21.07855819 0.9986420474
127 17.335599 0.997353025
128 13.83504448 0.9951207613
129 10.62728173 0.9915748797
130 7.736502513 0.9864187344
131 5.167909558 0.9795400265
132 2.911714046 0.9710672579
133 0.9468186034 0.9613382491
134 -0.7550975315 0.9508032872
135 -2.225597467 0.9399176034
136 -3.496284145 0.9290659638
137 -4.596683828 0.9185308769
138 -5.553138648 0.9084938283
139 -6.388441419 0.8990532836
140 -7.121927437 0.8902470747
141 -7.769800675 0.8820725931
142 -8.345549022 0.8745024814
143 -8.860365693 0.8674957715
144 -9.323535908 0.8610052979
145 -9.742772902 0.8549823659
146 -10.1245008 0.8493795294
147 -10.47408826 0.8441521185
148 -10.79603939 0.8392589763
149 -11.09414873 0.834662708
150 -11.37162682 0.8303296452
151 -11.63120189 0.8262296513
152 -11.87520229 0.822335849
153 -12.1056235 0.8186243168
154 -12.32418279 0.8150737839
155 -12.53236393 0.8116653378
156 -12.73145394 0.8083821546
157 -12.92257343 0.8052092529
158 -13.10670166 0.8021332742
159 -13.28469753 0.7991422875
160 -13.45731697 0.7962256161
161 -13.62522766 0.793373686
162 -13.78902132 0.7905778924
163 -13.94922422 0.787830482
164 -14.10630598 0.7851244508
165 -14.2606872 0.7824534538
166 -14.41274588 0.7798117257
167 -14.56282301 0.7771940112
168 -14.71122734 0.7745955041
169 -14.85823951 0.7720117929
170 -15.00411568 0.7694388134
171 -15.1490906 0.7668728063
172 -15.29338043 0.7643102797
173 -15.43718506 0.7617479756
174 -15.58069026 0.7591828404
175 -15.72406954 0.7566119981
176 -15.86748583 0.7540327263
177 -16.01109291 0.7514424346
178 -16.15503677 0.7488386452
179 -16.29945678 0.7462189753
180 -16.44448678 0.7435811202
181 -16.59025604 0.7409228394
182 -16.73689018 0.738241942
183 -16.88451196 0.7355362745
184 -17.03324207 0.7328037086
185 -17.18319984 0.7300421303
186 -17.33450388 0.7272494289
187 -17.48727276 0.7244234874
188 -17.6416256 0.7215621725
189 -17.79768264 0.7186633254
190 -17.95556581 0.7157247526
191 -18.11539933 0.7127442172
192 -18.27731021 0.70971943
193 -18.44142881 0.7066480409
194 -18.60788942 0.7035276302
195 -18.77683078 0.7003557001
196 -18.94839665 0.697129666
197 -19.12273638 0.6938468477
198 -19.30000551 0.6905044606
199 -19.48036637 0.6870996073
200 -19.66398869 0.6836292679
201 -19.85105024 0.6800902918
202 -20.04173751 0.676479388
203 -20.23624637 0.6727931164
204 -20.43478282 0.6690278789
205 -20.63756366 0.6651799104
206 -20.84481731 0.6612452702
207 -21.05678452 0.6572198337
208 -21.2737192 0.6530992851
209 -21.49588918 0.6488791099
210 -21.72357707 0.6445545896
211 -21.95708098 0.6401207963
212 -22.19671534 0.6355725906
213 -22.44281167 0.6309046201
214 -22.69571921 0.6261113212
215 -22.95580562 0.6211869245
216 -23.22345744 0.6161254632
217 -23.49908053 0.6109207866
218 -23.78310028 0.6055665795
219 -24.07596162 0.6000563874
220 -24.37812878 0.59438365
221 -24.69008471 0.5885417426
222 -25.01233014 0.5825240286
223 -25.34538215 0.5763239218
224 -25.68977225 0.5699349622
225 -26.04604382 0.5633509043
226 -26.41474887 0.5565658206
227 -26.79644407 0.5495742193
228 -27.19168586 0.5423711776
229 -27.60102478 0.5349524894
230 -28.02499877 0.5273148269
231 -28.46412559 0.519455914
232 -28.91889427 0.5113747083
233 -29.38975581 0.503071588
234 -29.877113 0.4945485378
235 -30.38130981 0.4858093285
236 -30.90262039 0.4768596815
237 -31.44123807 0.4677074107
238 -31.99726468 0.4583625323
239 -32.57070062 0.448837335
240 -33.16143605 0.4391463999
241 -33.76924378 0.4293065656
242 -34.39377406 0.4193368316
243 -35.03455198 0.4092581974
244 -35.69097747 0.399093439
245 -36.36232834 0.3888668247
246 -37.04776636 0.378603778
247 -37.74634638 0.3683304988
248 -38.45702823 0.3580735539
249 -39.17869119 0.3478594529
250 -39.91015048 0.3377142254
251 -40.65017523 0.3276630139
252 -41.39750745 0.3177296988
253 -42.15088113 0.3079365666
254 -42.90904108 0.2983040316
255 -43.67076075 0.2888504186
256 -44.43485861 0.2795918091
257 -45.20021266 0.2705419517
258 -45.96577271 0.2617122337
259 -46.73057029 0.2531117098
260 -47.49372605 0.2447471797
261 -48.25445466 0.2366233079
262 -49.01206731 0.2287427762
263 -49.76597187 0.2211064617
264 -50.51567099 0.2137136305
265 -51.26075827 0.206562141
266 -52.00091279 0.1996486507
267 -52.73589215 0.1929688193
268 -53.46552426 0.1865175054
269 -54.18969819 0.1802889531
270 -54.90835416 0.1742769645
271 -55.62147289 0.168475059
272 -56.3290646 0.1628766144
273 -57.03115778 0.157474993
274 -57.72778792 0.1522636494
275 -58.41898643 0.1472362206
276 -59.10477006 0.1423865995
277 -59.78513092 0.1377089907
278 -60.46002731 0.1331979503
279 -61.12937585 0.1288484092
280 -61.79304476 0.1246556818
281 -62.45084881 0.1206154614
282 -63.10254595 0.1167238024
283 -63.74783572 0.1129770927
284 -64.38635965 0.1093720166
285 -65.01770346 0.1059055121
286 -65.6414012 0.1025747227
287 -66.25694103 0.09937694793
288 -66.86377248 0.09630959333
289 -67.46131502 0.09337012272
290 -68.04896755 0.09055601412
291 -68.62611845 0.08786472103
292 -69.19215599 0.08529363988
293 -69.74647863 0.08284008456
294 -70.28850494 0.08050126812
295 -70.81768291 0.07827429179
296 -71.33349831 0.07615614065
297 -71.83548203 0.07414368561
298 -72.32321616 0.07223369058
299 -72.79633881 0.07042282413
300 -73.25454764 0.06870767449
301 -73.69760209 0.06708476703
302 -74.12532436 0.06555058317
303 -74.5375993 0.06410157999
304 -74.93437325 0.06273420976
305 -75.31565201 0.06144493888
306 -75.68149804 0.06023026562
307 -76.03202708 0.05908673644
308 -76.3674043 0.05801096062
309 -76.68784008 0.05699962302
310 -76.99358559 0.05604949503
311 -77.28492829 0.05515744352
312 -77.56218739 0.05432043813
313 -77.82570933 0.0535355568
314 -78.07586352 0.05279998971
315 -78.31303812 0.05211104184
