0 -40.06380948 0.3357401611
1 -40.86026472 0.3249765808
2 -41.66493118 0.3143537366
3 -42.47641596 0.3038964595
4 -43.29332675 0.2936274842
5 -44.11429434 0.2835671636
6 -44.93799357 0.2737332629
7 -45.76316208 0.2641408345
8 -46.58861638 0.2548021739
9 -47.41326476 0.245726849
10 -48.23611688 0.236921795
11 -49.05629006 0.2283914649
12 -49.87301215 0.2201380234
13 -50.68562133 0.2121615727
14 -51.49356302 0.2044603991
15 -52.29638419 0.1970312299
16 -53.09372538 0.1898694921
17 -53.88531094 0.1829695646
18 -54.67093756 0.1763250191
19 -55.45046169 0.1699288439
20 -56.22378605 0.1637736484
21 -56.99084554 0.1578518449
22 -57.75159297 0.1521558078
23 -58.50598479 0.1466780078
24 -59.25396732 0.1414111225
25 -59.99546367 0.1363481226
26 -60.73036171 0.1314823355
27 -61.45850355 0.1268074858
28 -62.17967665 0.122317716
29 -62.89360709 0.1180075876
30 -63.59995506 0.1138720651
31 -64.2983128 0.1099064866
32 -64.98820529 0.1061065207
33 -65.66909335 0.1024681168
34 -66.34037944 0.09898744791
35 -67.0014157 0.09566085212
36 -67.65151402 0.09248477363
37 -68.2899578 0.08945570747
38 -68.91601487 0.08657014962
39 -69.52895109 0.08382455435
40 -70.12804419 0.08121530035
41 -70.71259724 0.07873866614
42 -71.28195138 0.07639081491
43 -71.83549733 0.07416778849
44 -72.37268549 0.07206550968
45 -72.89303426 0.07007979163
46 -73.39613652 0.06820635325
47 -73.88166421 0.06644083906
48 -74.349371 0.06477884203
49 -74.79909317 0.06321592836
50 -75.23074888 0.06174766273
51 -75.6443359 0.06036963317
52 -76.03992816 0.0590774747
53 -76.41767125 0.05786689121
54 -76.77777711 0.05673367493
55 -77.12051815 0.05567372354
56 -77.44622096 0.05468305451
57 -77.75525989 0.05375781689
58 -78.04805048 0.0528943004
59 -78.32504313 0.0520889423
60 -78.58671685 0.05133833186
61 -78.8335734 0.05063921301
62 -79.06613175 0.0499884851
63 -79.28492294 0.04938320231
64 -79.49048545 0.04882057164
65 -79.68336094 0.04829794993
66 -79.86409053 0.04781284005
67 -80.03321143 0.04736288634
68 -80.19125415 0.0469458696
69 -80.33873994 0.04655970172
70 -80.47617879 0.04620242
71 -80.60406771 0.04587218141
72 -80.7228893 0.04556725673
73 -80.83311068 0.04528602473
74 -80.93518268 0.04502696642
75 -81.02953926 0.04478865941
76 -81.1165971 0.04456977244
77 -81.19675545 0.04436906006
78 -81.27039606 0.04418535753
79 -81.33788328 0.04401757594
80 -81.3995643 0.04386469753
81 -81.45576942 0.04372577128
82 -81.50681246 0.04359990862
83 -81.55299117 0.04348627954
84 -81.59458776 0.04338410874
85 -81.63186939 0.0432926721
86 -81.66508878 0.04321129335
87 -81.69448472 0.04313934091
88 -81.7202827 0.04307622496
89 -81.74269545 0.04302139461
90 -81.7619236 0.04297433539
91 -81.77815618 0.04293456677
92 -81.79157123 0.04290163991
93 -81.80233636 0.04287513552
94 -81.81060929 0.0428546619
95 -81.81653834 0.04283985307
96 -81.820263 0.04283036706
97 -81.82191435 0.04282588429
98 -81.82161558 0.04282610607
99 -81.81948243 0.0428307532
100 -81.81562356 0.04283956467
101 -81.81014101 0.04285229651
102 -81.80313014 0.04286872142
103 -81.79467681 0.04288863405
104 -81.78482875 0.04291190747
105 -81.77333646 0.04293900651
106 -81.7573294 0.04297559792
107 -81.71049435 0.04307393493
108 -81.39657175 0.04370765026
109 -78.70280336 0.04944027037
110 -55.1050237 0.1328389024
111 33.37727425 0.985951027
112 38.60855227 0.9999401066
113 37.62051585 0.999932698
114 35.48377329 0.9999014461
115 32.46168784 0.9998292307
116 28.86138984 0.9996699277
117 25.00980668 0.9993329185
118 21.15324712 0.998658929
119 17.44608526 0.9974015977
120 13.97726821 0.9952341807
121 10.79576913 0.9918013069
122 7.925379042 0.9868156507
123 5.371668949 0.9801629425
124 3.125746589 0.9719579877
125 1.167666615 0.962518518
126 -0.5297378985 0.95227556
127 -1.99704669 0.9416707158
128 -3.265122385 0.9310818127
129 -4.362990461 0.9207896829
130 -5.31668908 0.9109772615
131 -6.148850961 0.9017458126
132 -6.878747658 0.8931362
133 -7.522579111 0.8851485281
134 -8.093863107 0.8777576382
135 -8.603839699 0.8709242429
136 -9.061847269 0.8646024123
137 -9.47565227 0.8587443393
138 -9.851728635 0.8533032063
139 -10.19548974 0.8482347878
140 -10.51147863 0.8434982439
141 -10.80352304 0.8390564124
142 -11.07486122 0.834875803
143 -11.32824411 0.8309264246
144 -11.56601828 0.8271815266
145 -11.79019349 0.8236173059
146 -12.00249783 0.8202126074
147 -12.20442292 0.8169486365
148 -12.39726103 0.8138086908
149 -12.58213579 0.8107779163
150 -12.76002762 0.8078430875
151 -12.93179488 0.8049924126
152 -13.09819159 0.8022153605
153 -13.25988229 0.7995025084
154 -13.41745454 0.7968454079
155 -13.57142951 0.7942364679
156 -13.72227098 0.791668851
157 -13.87039296 0.7891363836
158 -14.01616628 0.7866334762
159 -14.15992421 0.7841550537
160 -14.30196725 0.7816964945
161 -14.44256736 0.7792535758
162 -14.58197156 0.776822427
163 -14.72040507 0.7743994865
164 -14.85807407 0.7719814655
165 -14.99516807 0.769565314
166 -15.13186208 0.7671481923
167 -15.26831839 0.764727444
168 -15.40468829 0.7623005732
169 -15.54111345 0.759865223
170 -15.67772726 0.7574191571
171 -15.81465598 0.754960242
172 -15.95201976 0.7524864325
173 -16.0899336 0.7499957568
174 -16.22850818 0.747486304
175 -16.36785064 0.7449562124
176 -16.50806529 0.7424036582
177 -16.64925426 0.739826846
178 -16.79151808 0.7372239987
179 -16.93495629 0.7345933491
180 -17.07966791 0.7319331314
181 -17.225752 0.7292415731
182 -17.37330811 0.7265168874
183 -17.52243671 0.7237572662
184 -17.67323972 0.7209608724
185 -17.82582084 0.7181258332
186 -17.98028608 0.7152502333
187 -18.13674412 0.7123321083
188 -18.29530675 0.7093694373
189 -18.45608931 0.7063601369
190 -18.61921111 0.7033020542
191 -18.78479589 0.7001929599
192 -18.95297225 0.6970305419
193 -19.1238741 0.6938123978
194 -19.29764118 0.6905360283
195 -19.4744195 0.6871988303
196 -19.65436189 0.6837980894
197 -19.83762848 0.6803309729
198 -20.02438729 0.6767945226
199 -20.21481476 0.6731856475
200 -20.40909636 0.6695011167
201 -20.60742716 0.6657375523
202 -20.81001251 0.6618914221
203 -21.01706862 0.6579590338
204 -21.22882326 0.6539365278
205 -21.44551642 0.6498198723
206 -21.66740098 0.6456048579
207 -21.89474343 0.6412870936
208 -22.12782448 0.6368620041
209 -22.36693978 0.6323248284
210 -22.61240057 0.6276706203
211 -22.86453421 0.6228942512
212 -23.12368479 0.6179904156
213 -23.39021356 0.61295364
214 -23.6644993 0.6077782953
215 -23.94693857 0.6024586144
216 -24.23794575 0.5969887143
217 -24.53795289 0.5913626254
218 -24.84740937 0.5855743267
219 -25.16678118 0.5796177902
220 -25.4965499 0.5734870328
221 -25.83721123 0.5671761797
222 -26.18927307 0.5606795373
223 -26.55325307 0.5539916783
224 -26.92967551 0.5471075393
225 -27.31906754 0.5400225299
226 -27.7219547 0.5327326561
227 -28.1388556 0.525234654
228 -28.57027578 0.5175261361
229 -29.0167008 0.5096057461
230 -29.47858839 0.5014733203
231 -29.95635988 0.4931300528
232 -30.45039098 0.484578659
233 -30.96100193 0.4758235321
234 -31.48844734 0.4668708871
235 -32.03290595 0.4577288833
236 -32.59447056 0.4484077201
237 -33.17313852 0.4389196961
238 -33.76880317 0.4292792255
239 -34.38124668 0.4195028049
240 -35.0101346 0.4096089253
241 -35.65501269 0.3996179265
242 -36.31530611 0.3895517935
243 -36.99032156 0.3794338976
244 -37.67925216 0.369288687
245 -38.38118545 0.3591413365
246 -39.09511409 0.3490173671
247 -39.81994925 0.3389422476
248 -40.55453613 0.3289409954
249 -41.2976712 0.319037788
250 -42.04812063 0.309255602
251 -42.80463911 0.2996158908
252 -43.56598863 0.2901383117
253 -44.33095642 0.2808405098
254 -45.09837165 0.2717379623
255 -45.86712034 0.2628438856
256 -46.63615811 0.254169202
257 -47.40452057 0.2457225626
258 -48.17133121 0.2375104195
259 -48.93580668 0.2295371401
260 -49.69725962 0.2218051554
261 -50.45509904 0.2143151337
262 -51.20882855 0.2070661709
263 -51.95804256 0.2000559914
264 -52.7024207 0.1932811523
265 -53.44172071 0.1867372443
266 -54.17577002 0.1804190874
267 -54.90445623 0.1743209151
268 -55.62771675 0.168436546
269 -56.34552779 0.1627595404
270 -57.05789284 0.1572833412
271 -57.76483097 0.1520013971
272 -58.46636508 0.1469072687
273 -59.16251033 0.141994717
274 -59.85326305 0.1372577747
275 -60.53859027 0.1326907994
276 -61.21842023 0.1282885112
277 -61.89263411 0.1240460134
278 -62.56105918 0.119958798
279 -63.22346364 0.1160227382
280 -63.87955338 0.1122340668
281 -64.52897075 0.1085893453
282 -65.17129545 0.1050854232
283 -65.80604758 0.101719391
284 -66.4326927 0.09848852871
285 -67.05064886 0.09539025313
286 -67.65929521 0.09242206466
287 -68.2579821 0.08958149741
288 -68.84604207 0.08686607358
289 -69.42280153 0.0842732639
290 -69.98759262 0.08180045529
291 -70.53976493 0.07944492632
292 -71.07869659 0.07720383071
293 -71.60380456 0.0750741888
294 -72.11455368 0.07305288628
295 -72.6104644 0.07113667963
296 -73.09111881 0.06932220762
297 -73.5561636 0.06760601171
298 -74.00529994 0.06598459274
299 -74.43818303 0.06445471933
300 -74.85363933 0.06301561471
301 -75.24367662 0.06168524757
302 -75.54777129 0.0606227283
303 -75.30478163 0.06106505732
304 -71.02038099 0.07351818584
305 -37.49562578 0.262381826
306 33.10030907 0.99619949
307 37.10374776 0.999922204
308 35.63281116 0.9999034247
309 32.69855321 0.9998367205
310 28.90784007 0.9996746283
311 24.70166197 0.9993006255
312 20.41999902 0.9984866155
313 16.28422741 0.9968497333
314 12.42409433 0.9938563722
315 8.909810618 0.9889239465
316 5.772331246 0.9816180721
317 3.014036804 0.9718471641
318 0.6159451171 0.9599225117
319 -1.455185431 0.9464457218
320 -3.239778039 0.9321111865
321 -4.779574104 0.9175394093
322 -6.113744103 0.9031947073
323 -7.276904653 0.8893758866
324 -8.298514291 0.8762452023
325 -9.203072667 0.8638674526
326 -10.01069277 0.8522447811
327 -10.73778479 0.8413426984
328 -11.39771683 0.8311076748
329 -12.00139566 0.8214782235
330 -12.55775204 0.8123914731
331 -13.07413531 0.8037868111
332 -13.55662898 0.795607711
333 -14.0103013 0.7878024774
334 -14.4394035 0.780324371
335 -14.8475266 0.7731314004
336 -15.23772579 0.7661859486
337 -15.61261931 0.7594543351
338 -15.97446758 0.7529063672
339 -16.32523669 0.7465149114
340 -16.66664977 0.740255499
341 -17.00022867 0.7341059703
342 -17.32732811 0.7280461588
343 -17.64916375 0.7220576134
344 -17.96683541 0.7161233547
345 -18.28134647 0.7102276628
346 -18.59362009 0.7043558915
347 -18.90451299 0.6984943074
348 -19.21482705 0.6926299493
349 -19.52531928 0.6867505063
350 -19.83671043 0.680844212
351 -20.14969236 0.6748997527
352 -20.46493447 0.6689061892
353 -20.78308936 0.6628528896
354 -21.10479767 0.656729473
355 -21.43069241 0.6505257641
356 -21.76140264 0.6442317571
357 -22.09755668 0.6378375896
358 -22.43978488 0.631333527
359 -22.78872179 0.6247099562
360 -23.14500797 0.6179573916
361 -23.50929127 0.6110664912
362 -23.88222753 0.6040280858
363 -24.26448077 0.5968332218
364 -24.65672274 0.5894732172
365 -25.05963178 0.5819397343
366 -25.47389086 0.5742248666
367 -25.90018492 0.5663212446
368 -26.33919716 0.5582221571
369 -26.79160444 0.5499216905
370 -27.25807155 0.5414148843
371 -27.73924451 0.5326979019
372 -28.23574262 0.5237682139
373 -28.7481495 0.5146247909
374 -29.2770031 0.5052683002
375 -29.8227847 0.4957013021
376 -30.38590731 0.4859284368
377 -30.96670347 0.4759565933
378 -31.56541295 0.4657950524
379 -32.18217069 0.4554555914
380 -32.81699547 0.4449525426
381 -33.4697798 0.4343027929
382 -34.14028165 0.4235257197
383 -34.82811844 0.4126430541
384 -35.53276399 0.4016786704
385 -36.25354865 0.3906583008
386 -36.9896631 0.3796091825
387 -37.74016587 0.3685596436
388 -38.5039946 0.3575386433
389 -39.27998079 0.3465752809
390 -40.0668677 0.3356982938
391 -40.86333074 0.3249355642
392 -41.66799959 0.3143136541
393 -42.47948141 0.3038573857
394 -43.29638402 0.293589484
395 -44.1173384 0.2835302917
396 -44.94101967 0.2736975631
397 -45.7661658 0.2641063399
398 -46.59159368 0.2547689073
399 -47.41621198 0.245694823
400 -48.23903081 0.2368910129
401 -49.05916791 0.2283619216
402 -49.87585156 0.2201097062
403 -50.68842037 0.2121344622
404 -51.49632014 0.2044344705
405 -52.29909819 0.1970064537
406 -53.09639543 0.1898458353
407 -53.88793645 0.1829469916
408 -54.67351821 0.1763034923
409 -55.45299737 0.1699083247
410 -56.22627678 0.1637540977
411 -56.99329147 0.1578332238
412 -57.75399429 0.1521380779
413 -58.50834174 0.1466611317
414 -59.25628012 0.141395064
415 -59.99773248 0.1363328472
416 -60.73258661 0.13146781
417 -61.46068451 0.1267936789
418 -62.18181353 0.1223045981
419 -62.89569961 0.1179951306
420 -63.60200278 0.1138602428
421 -64.30031517 0.1098952739
422 -64.99016158 0.106095894
423 -65.67100275 0.1024580537
424 -66.34224103 0.09897792708
425 -67.00322847 0.09565185295
426 -67.65327692 0.09247627627
427 -68.29166977 0.08944769264
428 -68.91767485 0.0865625985
429 -69.53055809 0.08381744846
430 -70.12959728 0.08120862152
431 -70.71409562 0.07873239642
432 -71.28339435 0.07638493656
433 -71.83688436 0.07416228398
434 -72.37401623 0.07206036169
435 -72.89430852 0.07007498308
436 -73.39735432 0.06820186736
437 -73.88282576 0.06643665931
438 -74.35047669 0.06477495231
439 -74.80014358 0.06321231295
440 -75.23174477 0.06174430634
441 -75.6452782 0.060366521
442 -76.04081794 0.05907459248
443 -76.41850973 0.05786422519
444 -76.77856562 0.05673121196
445 -77.12125812 0.05567145103
446 -77.44691392 0.05468096047
447 -77.75590742 0.05375588991
448 -78.04865423 0.05289252967
449 -78.32560478 0.05208731759
450 -78.58723811 0.05133684352
451 -78.83405598 0.05063785193
452 -79.06657736 0.04998724273
453 -79.28533329 0.04938207061
454 -79.49086222 0.04881954308
455 -79.68370579 0.04829701745
456 -79.86440507 0.04781199705
457 -80.03349724 0.04736212665
458 -80.19151275 0.04694518747
459 -80.33897281 0.04655909177
460 -80.47638736 0.04620187723
461 -80.60425335 0.04587170115
462 -80.72305332 0.04556683464
463 -80.83325433 0.04528565677
464 -80.93530717 0.04502664883
465 -81.02964572 0.0447883887
466 -81.11668663 0.04456954535
467 -81.19682907 0.04436887357
468 -81.27045475 0.04418520884
469 -81.33792796 0.04401746244
470 -81.39959585 0.04386461681
471 -81.45578866 0.04372572108
472 -81.50682017 0.04359988686
473 -81.55298807 0.04348628427
474 -81.59457455 0.04338413817
475 -81.63184672 0.04329272455
476 -81.66505725 0.04321136727
477 -81.6944449 0.04313943487
478 -81.72023512 0.0430763376
479 -81.74264063 0.0430215247
480 -81.76186199 0.04297448177
481 -81.77808823 0.04293472838
482 -81.79149735 0.04290181574
483 -81.80225694 0.04287532465
484 -81.81052468 0.04285486346
485 -81.81644889 0.04284006627
486 -81.82016901 0.04283059116
487 -81.82181612 0.0428261186
488 -81.82151339 0.04282634995
489 -81.81937653 0.04283100605
490 -81.8155142 0.04283982593
491 -81.81002841 0.04285256568
492 -81.8030145 0.04286899801
493 -81.79455833 0.04288891763
494 -81.78470759 0.04291219766
495 -81.77321266 0.0429393032
496 -81.75720185 0.04297590328
497 -81.7103518 0.04307427167
498 -81.39631111 0.04370822978
499 -78.70149407 0.04944326524
500 -55.09470741 0.1328916784
501 33.3807771 0.9859723339
502 38.60852698 0.9999401102
503 37.62024278 0.9999326948
504 35.48334188 0.9999014384
505 32.46115232 0.9998292139
506 28.8608178 0.9996698929
507 25.00925302 0.9993328507
508 21.15274564 0.9986588067
509 17.44565291 0.9974013963
510 13.97691129 0.9952338813
511 10.79548777 0.9918009096
512 7.925169599 0.9868151858
513 5.371525546 0.9801624727
514 3.125662118 0.9719575975
515 1.167633598 0.962518296
516 -0.5297266442 0.9522755823
517 -1.996997626 0.9416710369
518 -3.265041053 0.9310824645
519 -4.362881459 0.9207906784
520 -5.316556142 0.9109786003
521 -6.148697083 0.9017474858
522 -6.87857523 0.8931381943
523 -7.522390043 0.8851508283
524 -8.093658933 0.8777602287
525 -8.603621657 0.8709271087
526 -9.061616371 0.8646055395
527 -9.475409354 0.8587477153
528 -9.851474399 0.8533068194
529 -10.19522477 0.8482386276
530 -10.51120345 0.8435023012
531 -10.80323808 0.8390606788
532 -11.07456686 0.8348802711
533 -11.32794069 0.8309310875
534 -11.56570611 0.8271863783
535 -11.78987282 0.8236223409
536 -12.00216892 0.8202178208
537 -12.20408597 0.8169540239
538 -12.39691624 0.8138142483
539 -12.58178334 0.8107836402
540 -12.75966765 0.8078489747
541 -12.93142754 0.8049984603
542 -13.097817 0.802221566
543 -13.25950057 0.7995088696
544 -13.41706577 0.7968519229
545 -13.57103378 0.794243135
546 -13.72186835 0.791675669
547 -13.86998349 0.7891433513
548 -14.01575002 0.7866405927
549 -14.15950118 0.7841623184
550 -14.30153748 0.781703907
551 -14.44213085 0.7792611361
552 -14.58152831 0.776830135
553 -14.71995506 0.7744073427
554 -14.85761727 0.7719894702
555 -14.99470445 0.7695734681
556 -15.13139159 0.7671564967
557 -15.26784097 0.7647358999
558 -15.40420386 0.7623091819
559 -15.54062193 0.7598739863
560 -15.67722856 0.7574280767
561 -15.81414998 0.75496932
562 -15.95150634 0.7524956712
563 -16.08941263 0.7500051588
564 -16.22797951 0.747495872
565 -16.36731412 0.7449659493
566 -16.50752075 0.7424135675
567 -16.6487015 0.739836931
568 -16.79095691 0.7372342633
569 -16.93438648 0.7346037974
570 -17.07908924 0.7319437677
571 -17.22516422 0.7292524019
572 -17.37271094 0.7265279139
573 -17.52182989 0.7237684954
574 -17.67262293 0.72097231
575 -17.82519377 0.7181374851
576 -17.97964839 0.7152621059
577 -18.13609543 0.7123442081
578 -18.29464669 0.7093817715
579 -18.45541746 0.7063727129
580 -18.61852705 0.7033148799
581 -18.78409915 0.7002060437
582 -18.95226234 0.6970438926
583 -19.12315051 0.6938260246
584 -19.29690336 0.6905499412
585 -19.47366687 0.6872130396
