0 -18.55819208 0.7044239671
1 -18.71701811 0.7014442756
2 -18.87847488 0.698410747
3 -19.04267538 0.6953213391
4 -19.2097387 0.6921739079
5 -19.37979039 0.6889662015
6 -19.55296284 0.6856958555
7 -19.72939572 0.6823603867
8 -19.90923641 0.6789571876
9 -20.09264043 0.6754835208
10 -20.27977195 0.6719365126
11 -20.4708043 0.6683131477
12 -20.66592046 0.6646102627
13 -20.86531364 0.6608245408
14 -21.06918782 0.6569525064
15 -21.27775837 0.6529905196
16 -21.49125259 0.6489347717
17 -21.70991037 0.6447812814
18 -21.93398474 0.6405258917
19 -22.16374255 0.6361642675
20 -22.39946498 0.6316918955
21 -22.64144816 0.6271040852
22 -22.89000371 0.6223959718
23 -23.14545917 0.6175625223
24 -23.40815848 0.6125985438
25 -23.67846222 0.6074986964
26 -23.9567479 0.6022575092
27 -24.2434099 0.5968694015
28 -24.53885945 0.5913287102
29 -24.84352418 0.5856297227
30 -25.15784756 0.5797667176
31 -25.48228791 0.5737340132
32 -25.81731713 0.567526025
33 -26.16341893 0.5611373329
34 -26.52108663 0.554562759
35 -26.89082037 0.5477974562
36 -27.27312375 0.5408370084
37 -27.66849976 0.5336775421
38 -28.07744606 0.5263158489
39 -28.50044943 0.5187495183
40 -28.93797957 0.5109770802
41 -29.39048196 0.5029981525
42 -29.85837021 0.494813594
43 -30.34201753 0.4864256562
44 -30.84174782 0.4778381313
45 -31.35782624 0.4690564894
46 -31.89044968 0.4600879995
47 -32.43973723 0.4509418277
48 -33.00572107 0.4416291053
49 -33.58833801 0.4321629595
50 -34.18742215 0.422558502
51 -34.80269901 0.4128327681
52 -35.43378142 0.403004605
53 -36.08016769 0.3930945061
54 -36.74124208 0.3831243929
55 -37.41627806 0.3731173482
56 -38.10444419 0.3630973069
57 -38.80481281 0.3530887133
58 -39.51637118 0.3431161554
59 -40.23803502 0.3332039905
60 -40.96866381 0.3233759729
61 -41.7070776 0.3136549001
62 -42.45207455 0.3040622877
63 -43.20244886 0.2946180843
64 -43.95700824 0.2853404357
65 -44.71459055 0.276245503
66 -45.47407915 0.2673473384
67 -46.23441631 0.258657818
68 -46.99461473 0.2501866296
69 -47.75376661 0.2419413109
70 -48.5110505 0.2339273316
71 -49.26573561 0.2261482121
72 -50.01718391 0.2186056721
73 -50.76484998 0.2112997996
74 -51.50827883 0.2042292346
75 -52.24710191 0.1973913605
76 -52.98103152 0.1907824961
77 -53.70985382 0.1843980854
78 -54.43342063 0.1782328794
79 -55.15164028 0.1722811081
80 -55.86446771 0.16653664
81 -56.57189391 0.1609931269
82 -57.27393502 0.155644134
83 -57.97062117 0.1504832544
84 -58.66198536 0.1455042065
85 -59.34805243 0.1407009161
86 -60.0288285 0.1360675817
87 -60.70429101 0.1315987245
88 -61.37437962 0.1272892223
89 -62.03898822 0.1231343294
90 -62.69795826 0.1191296814
91 -63.35107372 0.1152712879
92 -63.99805772 0.1115555131
93 -64.63857117 0.1079790458
94 -65.27221331 0.1045388616
95 -65.89852441 0.1012321781
96 -66.51699029 0.09805640599
97 -67.12704886 0.09500909791
98 -67.72809818 0.09208789731
99 -68.31950599 0.08929048954
100 -68.90062026 0.08661455671
101 -69.47078039 0.08405773808
102 -70.02932874 0.08161759705
103 -70.57562211 0.07929159537
104 -71.10904269 0.07707707518
105 -71.62900829 0.07497124849
106 -72.1349815 0.07297119397
107 -72.6264776 0.07107386017
108 -73.103071 0.0692760744
109 -73.56440026 0.06757455618
110 -74.01017153 0.06596593424
111 -74.4401605 0.06444676596
112 -74.85421302 0.06301355827
113 -75.25224431 0.06166278915
114 -75.63423715 0.06039092889
115 -76.000239 0.05919446049
116 -76.35035838 0.05806989881
117 -76.68476054 0.05701380792
118 -77.00366275 0.05602281666
119 -77.30732919 0.05509363205
120 -77.59606572 0.05422305064
121 -77.87021461 0.0534079679
122 -78.13014923 0.05264538554
123 -78.37626905 0.0519324171
124 -78.60899469 0.05126629181
125 -78.82876333 0.05064435697
126 -79.03602445 0.05006407907
127 -79.23123585 0.04952304368
128 -79.41486005 0.04901895438
129 -79.58736104 0.04854963097
130 -79.74920142 0.04811300686
131 -79.90083985 0.04770712605
132 -80.04272885 0.0473301396
133 -80.1753129 0.04698030187
134 -80.29902686 0.04665596643
135 -80.41429464 0.04635558195
136 -80.52152814 0.04607768789
137 -80.6211264 0.04582091023
138 -80.71347499 0.04558395719
139 -80.79894548 0.04536561505
140 -80.87789522 0.045164744
141 -80.95066716 0.04498027412
142 -81.01758977 0.04481120151
143 -81.07897717 0.04465658453
144 -81.13512927 0.04451554019
145 -81.18633198 0.04438724071
146 -81.2328575 0.04427091025
147 -81.27496472 0.04416582174
148 -81.31289953 0.04407129396
149 -81.34689529 0.04398668867
150 -81.37717321 0.04391140799
151 -81.40394286 0.04384489186
152 -81.4274026 0.04378661569
153 -81.44774004 0.04373608809
154 -81.46513252 0.04369284881
155 -81.47974759 0.04365646672
156 -81.49174342 0.043626538
157 -81.50126929 0.04360268435
158 -81.50846603 0.04358455138
159 -81.51346642 0.0435718071
160 -81.51639562 0.04356414044
161 -81.51737157 0.04356125994
162 -81.51650536 0.04356289247
163 -81.51390163 0.04356878207
164 -81.50965888 0.04357868883
165 -81.50386984 0.0435923879
166 -81.49662179 0.04360966847
167 -81.48799686 0.04363033291
168 -81.47807232 0.04365419591
169 -81.46692085 0.04368108371
170 -81.45461084 0.04371083336
171 -81.44120659 0.04374329201
172 -81.42676859 0.0437783163
173 -81.4113537 0.04381577174
174 -81.39501541 0.04385553217
175 -81.377804 0.0438974792
176 -81.35976674 0.04394150177
177 -81.34094808 0.04398749566
178 -81.32138981 0.04403536305
179 -81.30113119 0.04408501216
180 -81.28020916 0.04413635686
181 -81.2586584 0.04418931631
182 -81.23651155 0.04424381464
183 -81.21379925 0.04429978067
184 -81.1905503 0.04435714756
185 -81.16679179 0.04441585264
186 -81.14254914 0.04447583707
187 -81.11784624 0.04453704567
188 -81.09270555 0.04459942665
189 -81.06714816 0.04466293147
190 -81.04119385 0.04472751459
191 -81.01486123 0.04479313331
192 -80.98816775 0.04485974763
193 -80.96112979 0.04492732007
194 -80.93376273 0.04499581551
195 -80.90608098 0.04506520108
196 -80.87809807 0.04513544603
197 -80.84982667 0.0452065216
198 -80.82127867 0.0452784009
199 -80.79246519 0.04535105884
200 -80.76339664 0.04542447198
201 -80.73408277 0.04549861849
202 -80.70453268 0.04557347803
203 -80.6747549 0.04564903167
204 -80.64475736 0.04572526186
205 -80.61454748 0.0458021523
206 -80.58413215 0.04587968788
207 -80.5535178 0.04595785469
208 -80.52271039 0.04603663986
209 -80.49171546 0.04611603158
210 -80.46053814 0.04619601905
211 -80.42918303 0.04627659263
212 -80.39765345 0.04635774559
213 -80.36594331 0.04643949118
214 -80.33396138 0.04652202324
215 -80.30082036 0.04660722629
216 -80.25816651 0.04671287054
217 -80.12762436 0.0470063798
218 -79.17477571 0.04909832562
219 -70.5622509 0.07175698524
220 1.362085706 0.6511245515
221 38.26682046 0.9998312185
222 38.35939023 0.9999406269
223 36.85670898 0.9999228848
224 34.46120277 0.9998810228
225 31.41385706 0.9997920994
226 28.01133044 0.9996116167
227 24.50468008 0.9992623159
228 21.06019611 0.9986227986
229 17.77529622 0.9975224901
230 14.70464296 0.9957517691
231 11.87840821 0.9930942549
232 9.311617598 0.9893784733
233 7.008142555 0.9845317464
234 4.962589322 0.9786116162
235 3.161936042 0.9717988769
236 1.587532568 0.964356494
237 0.2173330153 0.9565744763
238 -0.9720141167 0.9487219407
239 -2.003512807 0.9410177909
240 -2.898709531 0.9336204592
241 -3.677080213 0.9266310787
242 -4.355795134 0.9201034724
243 -4.94973317 0.9140560042
244 -5.471639133 0.9084824986
245 -5.932348882 0.9033610905
246 -6.341034436 0.8986608359
247 -6.705441827 0.8943463621
248 -7.032108033 0.8903809775
249 -7.326551642 0.8867286453
250 -7.59343662 0.8833551591
251 -7.836710931 0.8802287774
252 -8.059722824 0.8773205018
253 -8.265317862 0.8746041298
254 -8.455919652 0.8720561714
255 -8.633596971 0.8696556872
256 -8.800119567 0.8673840878
257 -8.957004623 0.8652249183
258 -9.105555501 0.8631636431
259 -9.246894121 0.8611874399
260 -9.381988088 0.8592850075
261 -9.511673472 0.8574463904
262 -9.636673986 0.85566282
263 -9.757617175 0.8539265721
264 -9.875048117 0.8522308407
265 -9.989441048 0.8505696256
266 -10.10120924 0.8489376335
267 -10.21071341 0.8473301913
268 -10.31826895 0.845743169
269 -10.42415203 0.844172913
270 -10.52860491 0.842616187
271 -10.63184047 0.8410701203
272 -10.73404609 0.8395321627
273 -10.83538703 0.838000045
274 -10.93600932 0.8364717441
275 -11.03604229 0.8349454525
276 -11.1356007 0.833419552
277 -11.23478667 0.8318925899
278 -11.33369129 0.8303632585
279 -11.43239604 0.8288303775
280 -11.53097404 0.8272928777
281 -11.62949111 0.8257497872
282 -11.72800673 0.8242002191
283 -11.82657485 0.8226433609
284 -11.92524461 0.8210784645
285 -12.02406098 0.8195048384
286 -12.12306532 0.8179218396
287 -12.22229582 0.8163288674
288 -12.321788 0.8147253575
289 -12.42157502 0.8131107767
290 -12.52168806 0.8114846181
291 -12.62215661 0.8098463973
292 -12.72300869 0.8081956485
293 -12.82427116 0.8065319212
294 -12.92596984 0.804854777
295 -13.02812977 0.8031637873
296 -13.13077535 0.8014585305
297 -13.23393048 0.7997385896
298 -13.33761872 0.7980035507
299 -13.4418634 0.7962530006
300 -13.54668774 0.7944865253
301 -13.65211496 0.7927037081
302 -13.75816838 0.7909041283
303 -13.86487149 0.7890873596
304 -13.97224807 0.7872529689
305 -14.08032224 0.7854005145
306 -14.18911857 0.7835295454
307 -14.29866213 0.7816395996
308 -14.40897857 0.7797302031
309 -14.52009421 0.7778008685
310 -14.63203609 0.7758510938
311 -14.74483205 0.7738803614
312 -14.85851078 0.7718881366
313 -14.97310193 0.7698738664
314 -15.08863617 0.7678369782
315 -15.20514524 0.7657768788
316 -15.32266205 0.7636929526
317 -15.44122075 0.7615845604
318 -15.56085682 0.7594510381
319 -15.68160716 0.7572916949
320 -15.80351013 0.7551058121
321 -15.92660572 0.752892641
322 -16.05093559 0.7506514016
323 -16.17654318 0.7483812808
324 -16.30347383 0.7460814301
325 -16.43177491 0.7437509642
326 -16.5614959 0.7413889584
327 -16.69268852 0.7389944468
328 -16.82540691 0.7365664197
329 -16.95970772 0.7341038214
330 -17.09565029 0.7316055475
331 -17.2332968 0.7290704423
332 -17.37271244 0.7264972958
333 -17.51396559 0.7238848409
334 -17.65712802 0.72123175
335 -17.80227506 0.7185366318
336 -17.94948589 0.7157980279
337 -18.09884368 0.7130144089
338 -18.25043588 0.7101841705
339 -18.40435452 0.7073056296
340 -18.56069639 0.70437702
341 -18.71956341 0.7013964877
342 -18.88106293 0.6983620864
343 -19.04530803 0.6952717725
344 -19.21241789 0.6921234004
345 -19.38251816 0.6889147164
346 -19.55574137 0.6856433543
347 -19.73222728 0.6823068289
348 -19.9121234 0.6789025309
349 -20.0955854 0.6754277204
350 -20.28277758 0.6718795218
351 -20.47387342 0.6682549174
352 -20.66905606 0.6645507413
353 -20.86851888 0.6607636744
354 -21.07246604 0.6568902384
355 -21.28111308 0.6529267907
356 -21.4946875 0.64886952
357 -21.7134294 0.6447144423
358 -21.93759203 0.6404573975
359 -22.16744245 0.636094048
360 -22.40326208 0.6316198775
361 -22.6453473 0.6270301926
362 -22.89400996 0.6223201259
363 -23.14957788 0.6174846417
364 -23.41239524 0.6125185448
365 -23.68282292 0.607416493
366 -23.96123865 0.6021730134
367 -24.24803713 0.5967825239
368 -24.54362982 0.5912393602
369 -24.84844463 0.5855378093
370 -25.16292525 0.5796721501
371 -25.48753025 0.5736367018
372 -25.82273172 0.567425882
373 -26.16901354 0.561034274
374 -26.52686917 0.5544567042
375 -26.89679883 0.5476883317
376 -27.27930614 0.5407247482
377 -27.67489405 0.5335620896
378 -28.08406008 0.5261971591
379 -28.50729081 0.5186275603
380 -28.94505558 0.510851839
381 -29.39779946 0.5028696317
382 -29.86593545 0.4946818182
383 -30.34983608 0.4862906734
384 -30.84982436 0.4777000151
385 -31.36616446 0.4689153411
386 -31.89905209 0.4599439499
387 -32.44860505 0.4507950384
388 -33.01485404 0.4414797696
389 -33.59773429 0.4320113024
390 -34.19707824 0.4224047797
391 -34.81260962 0.4126772667
392 -35.44393947 0.4028476382
393 -36.09056424 0.392936412
394 -36.75186643 0.3829655304
395 -37.42711776 0.3729580922
396 -38.11548521 0.3629380433
397 -38.81603965 0.352929833
398 -39.52776711 0.3429580487
399 -40.24958228 0.3330470407
400 -40.98034388 0.3232205511
401 -41.71887148 0.3135013594
402 -42.46396304 0.3039109582
403 -43.21441282 0.2944692692
404 -43.96902889 0.285194408
405 -44.72664975 0.2761025028
406 -45.48615955 0.2672075717
407 -46.24650162 0.2585214559
408 -47.00668986 0.2500538085
409 -47.76581779 0.2418121337
410 -48.52306538 0.233801869
411 -49.27770331 0.2260265052
412 -50.02909502 0.2184877344
413 -50.77669654 0.2111856202
414 -51.52005431 0.2041187813
415 -52.2588011 0.1972845824
416 -52.99265045 0.1906793271
417 -53.72138962 0.1842984468
418 -54.44487142 0.1781366831
419 -55.16300499 0.172188259
420 -55.87574592 0.1664470384
421 -56.5830857 0.1609066706
422 -57.28504077 0.1555607208
423 -57.9816414 0.1504027829
424 -58.67292055 0.1454265783
425 -59.35890284 0.1406260365
426 -60.03959401 0.1359953608
427 -60.71497098 0.1315290779
428 -61.38497275 0.1272220714
429 -62.04949241 0.1230696016
430 -62.70837055 0.1190673101
431 -63.3613902 0.1152112125
432 -64.00827351 0.1114976782
433 -64.64868039 0.107923401
434 -65.28220916 0.1044853606
435 -65.90839914 0.1011807781
436 -66.52673537 0.09800706686
437 -67.13665505 0.09496178131
438 -67.73755569 0.09204256598
439 -68.32880464 0.0892471065
440 -68.90974964 0.08657308461
441 -69.47973005 0.08401813863
442 -70.03808839 0.08157983051
443 -70.58418176 0.07925562026
444 -71.11739284 0.07704284802
445 -71.63714009 0.07493872372
446 -72.14288689 0.07294032394
447 -72.63414938 0.07104459523
448 -73.11050298 0.06924836311
449 -73.57158729 0.06754834553
450 -74.01710954 0.06594116995
451 -74.44684655 0.0644233928
452 -74.86064526 0.06299152041
453 -75.25842198 0.06164203048
454 -75.64016055 0.06037139336
455 -76.00590942 0.05917609243
456 -76.35577803 0.05805264321
457 -76.68993251 0.0569976107
458 -77.00859089 0.05600762489
459 -77.31201807 0.05507939413
460 -77.60052053 0.0542097165
461 -77.87444104 0.05339548911
462 -78.13415347 0.05263371542
463 -78.38005761 0.05192151076
464 -78.6125744 0.05125610623
465 -78.83214125 0.05063485105
466 -79.03920779 0.05005521357
467 -79.23423193 0.04951478125
468 -79.41767622 0.04901125956
469 -79.59000467 0.0485424701
470 -79.75167982 0.04810634807
471 -79.90316026 0.04770093919
472 -80.04489838 0.04732439621
473 -80.17733852 0.04697497507
474 -80.30091539 0.04665103092
475 -80.4160527 0.04635101387
476 -80.52316217 0.04607346479
477 -80.62264262 0.045817011
478 -80.71487939 0.04558036201
479 -80.80024385 0.04536230529
480 -80.8790931 0.04516170216
481 -80.95176987 0.0449774838
482 -81.0186024 0.04480864731
483 -81.07990459 0.044654252
484 -81.13597611 0.0445134158
485 -81.18710266 0.04438531177
486 -81.23355624 0.04426916487
487 -81.2755955 0.04416424878
488 -81.31346615 0.04406988297
489 -81.34740134 0.04398542988
490 -81.37762211 0.04391029223
491 -81.40433784 0.04384391056
492 -81.42774671 0.04378576081
493 -81.44803617 0.04373535211
494 -81.4653834 0.04369222467
495 -81.47995579 0.04365594782
496 -81.49191138 0.04362611815
497 -81.50139931 0.04360235775
498 -81.50856027 0.04358431262
499 -81.51352692 0.04357165108
500 -81.5164243 0.0435640624
501 -81.51737025 0.04356125541
502 -81.51647574 0.04356295727
503 -81.51384531 0.04356891228
504 -81.50957738 0.04357888078
505 -81.50376459 0.04359263813
506 -81.49649412 0.04360997376
507 -81.48784804 0.04363069023
508 -81.47790352 0.04365460243
509 -81.4667332 0.04368153676
510 -81.45440539 0.04371133044
