0 -14.28666452 0.7818468948
1 -14.39689748 0.7799396082
2 -14.50792687 0.7780124348
3 -14.61977965 0.7760648742
4 -14.73248357 0.7740964103
5 -14.84606725 0.7721065104
6 -14.96056022 0.7700946232
7 -15.07599305 0.7680601783
8 -15.19239737 0.7660025845
9 -15.30980596 0.7639212286
10 -15.42825286 0.7618154738
11 -15.5477734 0.7596846586
12 -15.66840433 0.7575280949
13 -15.79018387 0.7553450669
14 -15.91315183 0.7531348289
15 -16.0373497 0.7508966042
16 -16.16282075 0.7486295829
17 -16.28961012 0.7463329204
18 -16.41776497 0.7440057348
19 -16.54733455 0.7416471055
20 -16.67837039 0.7392560708
21 -16.81092636 0.7368316254
22 -16.94505885 0.7343727182
23 -17.08082695 0.7318782496
24 -17.21829254 0.7293470691
25 -17.35752051 0.7267779721
26 -17.49857892 0.7241696971
27 -17.6415392 0.7215209225
28 -17.78647634 0.7188302633
29 -17.93346911 0.7160962677
30 -18.0826003 0.7133174132
31 -18.23395695 0.7104921028
32 -18.38763061 0.7076186611
33 -18.54371763 0.7046953297
34 -18.70231941 0.7017202633
35 -18.86354279 0.6986915243
36 -19.02750027 0.6956070784
37 -19.19431045 0.6924647895
38 -19.36409837 0.6892624144
39 -19.53699588 0.685997597
40 -19.71314206 0.6826678634
41 -19.89268369 0.6792706155
42 -20.07577565 0.6758031257
43 -20.26258145 0.6722625303
44 -20.4532737 0.6686458245
45 -20.64803464 0.6649498556
46 -20.84705672 0.6611713179
47 -21.05054309 0.6573067468
48 -21.25870827 0.6533525138
49 -21.47177869 0.6493048219
50 -21.6899933 0.645159701
51 -21.91360419 0.6409130056
52 -22.14287722 0.6365604117
53 -22.37809255 0.6320974169
54 -22.61954528 0.6275193407
55 -22.86754596 0.6228213279
56 -23.12242108 0.617998354
57 -23.38451347 0.6130452334
58 -23.65418267 0.6079566315
59 -23.93180511 0.6027270811
60 -24.21777416 0.5973510029
61 -24.51250007 0.5918227319
62 -24.81640957 0.5861365505
63 -25.1299453 0.5802867283
64 -25.45356491 0.5742675699
65 -25.78773973 0.5680734719
66 -26.13295311 0.5616989894
67 -26.48969822 0.555138913
68 -26.85847532 0.5483883565
69 -27.23978841 0.5414428568
70 -27.63414125 0.5342984844
71 -28.04203265 0.5269519656
72 -28.463951 0.5194008148
73 -28.90036806 0.5116434763
74 -29.35173196 0.5036794726
75 -29.81845945 0.4955095569
76 -30.30092753 0.4871358656
77 -30.79946448 0.4785620673
78 -31.31434046 0.469793501
79 -31.84575794 0.4608372997
80 -32.39384218 0.45170249
81 -32.95863199 0.4424000632
82 -33.54007125 0.4329430096
83 -34.13800147 0.4233463093
84 -34.75215572 0.4136268766
85 -35.38215444 0.4038034504
86 -36.02750339 0.3938964329
87 -36.68759398 0.3839276749
88 -37.36170631 0.3739202113
89 -38.04901491 0.3638979547
90 -38.74859717 0.3538853533
91 -39.45944445 0.3439070266
92 -40.18047538 0.3339873896
93 -40.91055114 0.3241502802
94 -41.64849217 0.3144186024
95 -42.39309573 0.3048139982
96 -43.14315381 0.2953565596
97 -43.89747068 0.2860645881
98 -44.65487966 0.276954409
99 -45.4142585 0.2680402431
100 -46.17454304 0.2593341351
101 -46.93473882 0.2508459381
102 -47.69393034 0.2425833486
103 -48.45128805 0.2345519855
104 -49.2060729 0.226755507
105 -49.95763852 0.2191957571
106 -50.70543126 0.2118729343
107 -51.44898818 0.204785774
108 -52.18793314 0.1979317395
109 -52.92197138 0.1913072147
110 -53.65088263 0.1849076936
111 -54.37451302 0.1787279635
112 -55.09276605 0.1727622768
113 -55.80559276 0.1670045118
114 -56.5129813 0.1614483182
115 -57.21494609 0.1560872485
116 -57.91151676 0.1509148731
117 -58.60272707 0.1459248788
118 -59.28860397 0.1411111524
119 -59.96915706 0.1364678469
120 -60.6443686 0.1319894325
121 -61.31418443 0.1276707327
122 -61.97850588 0.1235069443
123 -62.63718305 0.1194936451
124 -63.29000956 0.115626787
125 -63.93671905 0.1119026784
126 -64.57698354 0.1083179559
127 -65.21041379 0.1048695474
128 -65.83656162 0.1015546287
129 -66.45492421 0.09837057533
130 -67.06495028 0.09531491229
131 -67.66604793 0.09238526328
132 -68.25759382 0.08957930188
133 -68.83894351 0.08689470626
134 -69.40944248 0.08432911915
135 -69.96843755 0.08188011414
136 -70.5152882 0.07954516913
137 -71.04937755 0.07732164725
138 -71.57012258 0.07520678538
139 -72.07698343 0.07319768979
140 -72.56947134 0.07129133835
141 -73.04715535 0.06948458832
142 -73.50966742 0.067774189
143 -73.95670613 0.06615679788
144 -74.38803883 0.06462899948
145 -74.80350245 0.06318732574
146 -75.20300292 0.06182827714
147 -75.5865136 0.06054834373
148 -75.9540725 0.05934402544
149 -76.30577887 0.0582118511
150 -76.64178901 0.057148396
151 -76.9623116 0.05615029742
152 -77.26760278 0.05521426827
153 -77.5579609 0.05433710868
154 -77.83372134 0.05351571552
155 -78.09525125 0.05274709003
156 -78.34294446 0.05202834358
157 -78.57721668 0.05135670179
158 -78.79850078 0.05072950717
159 -79.00724256 0.05014422034
160 -79.20389673 0.0495984202
161 -79.38892325 0.04908980302
162 -79.56278412 0.04861618073
163 -79.72594039 0.04817547856
164 -79.8788496 0.04776573203
165 -80.02196355 0.04738508363
166 -80.15572636 0.04703177903
167 -80.28057284 0.04670416321
168 -80.39692713 0.04640067627
169 -80.50520158 0.04611984925
170 -80.6057959 0.0458602999
171 -80.69909648 0.04562072842
172 -80.78547589 0.04539991331
173 -80.86529256 0.04519670723
174 -80.93889063 0.04501003302
175 -81.00659986 0.04483887979
176 -81.06873567 0.04468229923
177 -81.12559933 0.04453940194
178 -81.17747814 0.04440935406
179 -81.22464569 0.04429137391
180 -81.26736226 0.04418472889
181 -81.30587514 0.04408873251
182 -81.34041904 0.04400274155
183 -81.37121653 0.04392615337
184 -81.3984785 0.04385840345
185 -81.42240458 0.04379896292
186 -81.44318364 0.04374733639
187 -81.46099424 0.04370305982
188 -81.47600508 0.04366569848
189 -81.48837546 0.04363484517
190 -81.49825577 0.0436101184
191 -81.50578785 0.04359116078
192 -81.51110549 0.04357763747
193 -81.51433481 0.04356923473
194 -81.51559465 0.04356565857
195 -81.51499698 0.0435666335
196 -81.51264727 0.04357190132
197 -81.5086448 0.04358122003
198 -81.50308307 0.04359436278
199 -81.49605005 0.0436111169
200 -81.48762856 0.04363128302
201 -81.47789651 0.04365467417
202 -81.4669272 0.04368111505
203 -81.45478959 0.04371044122
204 -81.44154852 0.04374249849
205 -81.42726499 0.04377714218
206 -81.41199638 0.04381423661
207 -81.39579662 0.04385365445
208 -81.37871644 0.04389527625
209 -81.36080352 0.04393898993
210 -81.34210269 0.04398469031
211 -81.32265612 0.04403227868
212 -81.30250343 0.04408166242
213 -81.28168187 0.04413275459
214 -81.26022645 0.0441854736
215 -81.23817008 0.0442397429
216 -81.2155437 0.0442954906
217 -81.19237637 0.04435264929
218 -81.1686954 0.04441115566
219 -81.14452648 0.04447095034
220 -81.11989371 0.04453197762
221 -81.09481974 0.04459418522
222 -81.06932587 0.04465752413
223 -81.04343207 0.04472194836
224 -81.01715712 0.04478741482
225 -80.99051864 0.0448538831
226 -80.96353315 0.04492131535
227 -80.93621619 0.0449896761
228 -80.90858231 0.04505893217
229 -80.88064517 0.04512905248
230 -80.85241757 0.04520000798
231 -80.82391151 0.0452717715
232 -80.79513821 0.04534431768
233 -80.76610821 0.04541762285
234 -80.73683135 0.04549166493
235 -80.70731682 0.04556642335
236 -80.67757324 0.045641879
237 -80.64760862 0.04571801408
238 -80.61743047 0.04579481213
239 -80.58704574 0.04587225787
240 -80.55646095 0.04595033718
241 -80.52568213 0.04602903706
242 -80.49471487 0.04610834554
243 -80.46356436 0.04618825165
244 -80.4322353 0.04626874557
245 -80.40073125 0.04634982002
246 -80.36904809 0.04643148405
247 -80.33711261 0.04651389329
248 -80.30420621 0.04659857383
249 -80.26355762 0.04669992664
250 -80.15163227 0.04695357575
251 -79.37298835 0.04865831611
252 -72.3787892 0.06636010344
253 -12.31535654 0.500070881
254 38.01916641 0.9996910105
255 38.44657885 0.9999414098
256 37.03864374 0.9999253518
257 34.71809154 0.9998864651
258 31.71934909 0.9998034398
259 28.3382183 0.9996342314
260 24.83298767 0.999305175
261 21.37767155 0.9986993863
262 18.07498366 0.9976507769
263 14.98266324 0.9959523822
264 12.13266781 0.9933864773
265 9.541219348 0.9897749393
266 7.213141001 0.9850339685
267 5.143842401 0.9792085569
268 3.320938375 0.9724692727
269 1.72621275 0.9650736736
270 0.3378443593 0.957311502
271 -0.867474278 0.9494553994
272 -1.91283538 0.9417296787
273 -2.819955149 0.9342984655
274 -3.608518606 0.9272679052
275 -4.295914691 0.9206957568
276 -4.8972321 0.9146032194
277 -5.425406878 0.908986008
278 -5.891443583 0.9038234152
279 -6.304659944 0.8990851237
280 -6.67292615 0.8947360239
281 -7.002884058 0.890739449
282 -7.300140412 0.8870592409
283 -7.569433077 0.8836609882
284 -7.81477191 0.8805127018
285 -8.039557013 0.8775851214
286 -8.246677434 0.8748517842
287 -8.438593314 0.8722889518
288 -8.617404181 0.869875454
289 -8.784905723 0.8675924899
290 -8.942637056 0.8654234139
291 -9.091920134 0.8633535192
292 -9.233892668 0.8613698313
293 -9.369535707 0.8594609141
294 -9.499696794 0.8576166929
295 -9.625109449 0.855828294
296 -9.746409621 0.8540879011
297 -9.864149601 0.8523886269
298 -9.978809824 0.8507243999
299 -10.0908089 0.8490898647
300 -10.20051216 0.8474802932
301 -10.30823897 0.8458915075
302 -10.41426894 0.844319812
303 -10.51884731 0.8427619334
304 -10.62218954 0.8412149687
305 -10.72448526 0.8396763397
306 -10.82590166 0.838143752
307 -10.92658648 0.8366151609
308 -11.02667051 0.83508874
309 -11.1262698 0.8335628541
310 -11.22548758 0.8320360359
311 -11.32441592 0.8305069651
312 -11.42313714 0.82897445
313 -11.5217251 0.8274374115
314 -11.62024626 0.8258948691
315 -11.71876067 0.8243459285
316 -11.81732276 0.8227897705
317 -11.9159821 0.8212256414
318 -12.01478403 0.8196528445
319 -12.11377021 0.8180707327
320 -12.21297914 0.8164787015
321 -12.31244656 0.8148761834
322 -12.41220584 0.8132626423
323 -12.51228833 0.8116375691
324 -12.61272368 0.8100004774
325 -12.71354004 0.8083508997
326 -12.81476436 0.8066883842
327 -12.91642256 0.8050124914
328 -13.01853975 0.8033227918
329 -13.12114039 0.8016188631
330 -13.22424842 0.7999002882
331 -13.32788743 0.7981666526
332 -13.43208077 0.7964175432
333 -13.53685168 0.794652546
334 -13.64222336 0.7928712445
335 -13.74821913 0.7910732184
336 -13.85486247 0.789258042
337 -13.96217713 0.7874252826
338 -14.07018721 0.7855744995
339 -14.17891722 0.7837052422
340 -14.2883922 0.7818170499
341 -14.39863776 0.7799094496
342 -14.50968014 0.777981955
343 -14.62154633 0.7760340654
344 -14.73426408 0.7740652646
345 -14.84786204 0.7720750194
346 -14.96236975 0.7700627783
347 -15.0778178 0.7680279705
348 -15.19423783 0.7659700046
349 -15.31166266 0.7638882668
350 -15.43012633 0.7617821201
351 -15.5496642 0.7596509025
352 -15.67031303 0.7574939254
353 -15.79211109 0.7553104726
354 -15.9150982 0.753099798
355 -16.03931589 0.7508611242
356 -16.16480744 0.748593641
357 -16.29161805 0.7462965029
358 -16.41979488 0.7439688276
359 -16.54938724 0.741609694
360 -16.68044668 0.7392181394
361 -16.81302711 0.736793158
362 -16.94718498 0.7343336979
363 -17.0829794 0.7318386587
364 -17.22047231 0.7293068891
365 -17.35972864 0.7267371836
366 -17.50081652 0.7241282798
367 -17.64380741 0.7214788551
368 -17.78877637 0.7187875236
369 -17.93580223 0.7160528321
370 -18.08496785 0.7132732572
371 -18.23636034 0.7104472007
372 -18.39007132 0.7075729858
373 -18.54619721 0.7046488529
374 -18.70483951 0.7016729551
375 -18.86610512 0.6986433534
376 -19.03010667 0.695558012
377 -19.19696283 0.6924147931
378 -19.36679876 0.6892114517
379 -19.5397464 0.68594563
380 -19.71594498 0.6826148521
381 -19.89554138 0.679216518
382 -20.07869062 0.6757478978
383 -20.26555635 0.6722061259
384 -20.45631132 0.668588195
385 -20.65113794 0.66489095
386 -20.85022881 0.6611110829
387 -21.05378727 0.6572451265
388 -21.26202801 0.6532894497
389 -21.47517766 0.6492402526
390 -21.69347537 0.6450935626
391 -21.91717345 0.6408452313
392 -22.14653797 0.6364909319
393 -22.38184933 0.6320261591
394 -22.62340287 0.6274462298
395 -22.87150937 0.6227462859
396 -23.12649559 0.6179213004
397 -23.38870463 0.6129660851
398 -23.65849628 0.6078753033
399 -23.93624723 0.6026434859
400 -24.22235115 0.5972650518
401 -24.51721852 0.5917343351
402 -24.82127634 0.5860456176
403 -25.1349675 0.580193169
404 -25.45874986 0.574171295
405 -25.79309497 0.5679743941
406 -26.13848635 0.5615970245
407 -26.49541731 0.555033981
408 -26.86438818 0.5482803836
409 -27.245903 0.5413317766
410 -27.64046549 0.5341842396
411 -28.04857435 0.5268345105
412 -28.47071774 0.5192801173
413 -28.90736711 0.5115195201
414 -29.35897015 0.5035522595
415 -29.82594307 0.4953791094
416 -30.30866217 0.4870022292
417 -30.80745487 0.4784253129
418 -31.32259034 0.4696537268
419 -31.85426993 0.460694633
420 -32.40261757 0.4515570887
421 -32.96767066 0.4422521167
422 -33.54937152 0.4327927385
423 -34.14755999 0.4231939657
424 -34.76196738 0.4134727421
425 -35.39221234 0.4036478343
426 -36.03779882 0.3937396692
427 -36.69811645 0.3837701184
428 -37.37244359 0.3737622332
429 -38.05995318 0.3637399373
430 -38.75972116 0.3537276845
431 -39.47073763 0.343750094
432 -40.1919202 0.3338315747
433 -40.92212926 0.3239959523
434 -41.66018475 0.3142661135
435 -42.40488372 0.3046636779
436 -43.15501821 0.295208711
437 -43.90939281 0.2859194844
438 -44.66684145 0.2768122913
439 -45.42624267 0.2679013182
440 -46.18653335 0.2591985755
441 -46.94672018 0.2507138818
442 -47.70588898 0.2424549001
443 -48.46321162 0.2344272174
444 -49.21795047 0.226634462
445 -49.96946064 0.2190784508
446 -50.71718994 0.2117593575
447 -51.4606768 0.2046758962
448 -52.19954646 0.1978255115
449 -52.93350536 0.1912045718
450 -53.66233435 0.1848085588
451 -54.38588054 0.1786322497
452 -55.10404825 0.1726698901
453 -55.81678919 0.1669153534
454 -56.52409201 0.1613622869
455 -57.22597146 0.1560042425
456 -57.92245732 0.1508347916
457 -58.61358333 0.1458476238
458 -59.29937624 0.1410366294
459 -59.9798453 0.136395966
460 -60.65497226 0.1319201095
461 -61.32470231 0.1276038887
462 -61.98893604 0.1234425067
463 -62.64752268 0.1194315472
464 -63.30025493 0.1155669679
465 -63.94686546 0.1118450826
466 -64.58702534 0.1082625328
467 -65.22034436 0.1048162507
468 -65.84637342 0.1015034155
469 -66.46460892 0.09832140559
470 -67.07449886 0.09526774794
471 -67.67545076 0.09234006737
472 -68.26684087 0.08953603788
473 -68.84802451 0.08685333736
474 -69.41834709 0.0842896077
475 -69.97715554 0.08184242119
476 -70.52380963 0.07950925401
477 -71.05769294 0.07728746739
478 -71.57822306 0.07517429616
479 -72.08486088 0.07316684454
480 -72.5771185 0.0712620884
481 -73.05456592 0.06945688322
482 -73.51683612 0.06774797669
483 -73.96362876 0.06613202501
484 -74.39471228 0.0646056117
485 -74.8099247 0.06316526806
486 -75.20917305 0.06180749423
487 -75.59243171 0.06052878026
488 -75.9597397 0.05932562638
489 -76.31119719 0.05819456206
490 -76.64696134 0.05713216341
491 -76.96724165 0.05613506882
492 -77.27229493 0.0551999925
493 -77.56242017 0.05432373602
494 -77.8379533 0.05350319786
495 -78.0992619 0.05273538093
496 -78.34674022 0.0520173984
497 -78.58080424 0.05134647772
498 -78.80188709 0.05071996324
499 -79.01043474 0.05013531745
500 -79.20690199 0.04959012112
501 -79.39174889 0.04908207234
502 -79.56543741 0.04860898487
503 -79.72842858 0.04816878569
504 -79.88117987 0.04775951205
505 -80.02414297 0.04737930807
506 -80.15776186 0.04702642105
507 -80.2824712 0.04669919747
508 -80.39869494 0.04639607891
509 -80.50684525 0.04611559782
510 -80.60732163 0.04585637328
