0 -64.41031164 0.1092411865
1 -65.0451656 0.1057596098
2 -65.67284015 0.1024122243
3 -66.29284834 0.09919634466
4 -66.90465343 0.09610944804
5 -67.50767621 0.09314912334
6 -68.10130393 0.09031302193
7 -68.68490027 0.08759881154
8 -69.25781621 0.085004135
9 -69.81940128 0.08252657506
10 -70.36901486 0.08016362612
11 -70.90603725 0.07791267347
12 -71.42987995 0.07577097999
13 -71.9399952 0.07373568008
14 -72.43588415 0.07180378032
15 -72.91710387 0.06997216591
16 -73.38327277 0.06823761212
17 -73.83407466 0.06659679954
18 -74.26926122 0.0650463322
19 -74.68865312 0.0635827575
20 -75.09213983 0.06220258708
21 -75.47967821 0.06090231775
22 -75.8512901 0.05967845182
23 -76.20705906 0.05852751643
24 -76.54712639 0.05744608122
25 -76.87168663 0.05643077431
26 -77.1809827 0.05547829631
27 -77.47530081 0.05458543229
28 -77.75496525 0.05374906171
29 -78.02033322 0.05296616644
30 -78.27178977 0.05223383694
31 -78.50974287 0.05154927669
32 -78.7346188 0.05090980516
33 -78.94685779 0.05031285935
34 -79.14690996 0.04975599418
35 -79.33523165 0.04923688182
36 -79.51228206 0.04875331018
37 -79.67852028 0.0483031807
38 -79.8344026 0.04788450549
39 -79.98038026 0.04749540408
40 -80.11689738 0.04713409981
41 -80.24438931 0.04679891588
42 -80.3632812 0.04648827137
43 -80.47398684 0.04620067701
44 -80.5769077 0.04593473096
45 -80.67243223 0.04568911463
46 -80.76093534 0.04546258848
47 -80.84277799 0.04525398791
48 -80.91830702 0.04506221924
49 -80.98785501 0.04488625582
50 -81.05174033 0.04472513431
51 -81.11026726 0.044577951
52 -81.16372612 0.04444385837
53 -81.21239361 0.04432206179
54 -81.25653308 0.04421181633
55 -81.29639487 0.04411242379
56 -81.33221673 0.04402322982
57 -81.36422423 0.04394362125
58 -81.3926312 0.04387302353
59 -81.41764016 0.04381089833
60 -81.43944278 0.04375674123
61 -81.45822037 0.04371007967
62 -81.47414428 0.04367047085
63 -81.48737642 0.04363749991
64 -81.49806963 0.04361077812
65 -81.5063682 0.04358994122
66 -81.51240823 0.04357464786
67 -81.51631806 0.04356457817
68 -81.51821869 0.04355943234
69 -81.51822416 0.04355892935
70 -81.51644188 0.04356280582
71 -81.51297305 0.04357081479
72 -81.50791297 0.04358272477
73 -81.50135134 0.04359831867
74 -81.4933726 0.04361739299
75 -81.48405604 0.0436397572
76 -81.47347476 0.04366523569
77 -81.46168371 0.04369369154
78 -81.44860929 0.04372524854
79 -81.43304805 0.04376230811
80 -81.40359966 0.04382783647
81 -81.25661167 0.04413173925
82 -80.05451865 0.04663739468
83 -69.38768031 0.07471837284
84 13.45419775 0.773657876
85 38.41789956 0.9998869537
86 38.16782684 0.9999387041
87 36.44686641 0.999917101
88 33.77832756 0.9998655956
89 30.42598824 0.9997518477
90 26.71682251 0.9995105512
91 22.9232043 0.9990236353
92 19.22461196 0.9981010023
93 15.72656108 0.9964754442
94 12.48825819 0.9938295811
95 9.541028319 0.9898642471
96 6.897433272 0.9843919474
97 4.555488487 0.9774119989
98 2.501545161 0.9691249271
99 0.7134253389 0.9598791326
100 -0.8361286035 0.9500819446
101 -2.176254284 0.9401175694
102 -3.335508457 0.9302968372
103 -4.340301851 0.9208406127
104 -5.214118125 0.9118860579
105 -5.97729338 0.9035034025
106 -6.647136075 0.895714638
107 -7.238219956 0.8885098237
108 -7.762741192 0.881859623
109 -8.230877344 0.8757241959
110 -8.651116958 0.8700591397
111 -9.030547399 0.8648192515
112 -9.375098844 0.8599607782
113 -9.6897474 0.8554426583
114 -9.978682387 0.8512271164
115 -10.24544328 0.8472798563
116 -10.49303149 0.8435700143
117 -10.72400162 0.8400699796
118 -10.94053593 0.8367551459
119 -11.14450529 0.8336036376
120 -11.33751926 0.8305960323
121 -11.52096724 0.8277150959
122 -11.69605251 0.8249455358
123 -11.86382046 0.8222737759
124 -12.0251821 0.8196877544
125 -12.18093363 0.8171767437
126 -12.33177299 0.8147311902
127 -12.47831365 0.8123425737
128 -12.62109635 0.8100032829
129 -12.76059907 0.8077065065
130 -12.89724539 0.8054461372
131 -13.03141179 0.8032166878
132 -13.16343377 0.8010132172
133 -13.29361119 0.7988312656
134 -13.42221279 0.7966667974
135 -13.54948018 0.7945161509
136 -13.67563126 0.7923759944
137 -13.80086313 0.7902432868
138 -13.92535474 0.7881152435
139 -14.04926914 0.7859893056
140 -14.17275542 0.7838631129
141 -14.29595044 0.78173448
142 -14.41898043 0.7796013751
143 -14.54196223 0.7774619005
144 -14.66500459 0.775314276
145 -14.78820913 0.7731568233
146 -14.91167134 0.7709879528
147 -15.0354814 0.7688061506
148 -15.15972495 0.7666099678
149 -15.28448373 0.7643980103
150 -15.40983623 0.7621689293
151 -15.53585823 0.7599214131
152 -15.66262331 0.7576541794
153 -15.79020329 0.7553659678
154 -15.91866871 0.7530555334
155 -16.04808916 0.7507216406
156 -16.17853371 0.748363057
157 -16.31007121 0.7459785479
158 -16.44277066 0.7435668715
159 -16.57670147 0.7411267732
160 -16.71193382 0.738656981
161 -16.84853891 0.7361562008
162 -16.98658927 0.7336231119
163 -17.12615902 0.7310563619
164 -17.26732415 0.7284545629
165 -17.4101628 0.7258162864
166 -17.55475555 0.723140059
167 -17.70118567 0.7204243579
168 -17.84953943 0.7176676062
169 -17.99990639 0.7148681682
170 -18.15237969 0.7120243447
171 -18.30705634 0.7091343681
172 -18.46403761 0.7061963972
173 -18.62342927 0.7032085124
174 -18.785342 0.7001687102
175 -18.94989172 0.6970748978
176 -19.11720001 0.6939248876
177 -19.28739442 0.6907163913
178 -19.46060898 0.6874470143
179 -19.63698456 0.6841142496
180 -19.81666937 0.6807154716
181 -19.9998194 0.6772479301
182 -20.18659894 0.6737087439
183 -20.37718106 0.6700948947
184 -20.57174819 0.6664032207
185 -20.77049267 0.662630411
186 -20.97361726 0.6587729991
187 -21.18133585 0.6548273579
188 -21.39387394 0.6507896946
189 -21.61146936 0.6466560459
190 -21.83437282 0.6424222747
191 -22.06284856 0.6380840675
192 -22.29717496 0.633636933
193 -22.53764513 0.6290762025
194 -22.78456744 0.624397032
195 -23.03826607 0.6195944074
196 -23.29908144 0.6146631514
197 -23.56737057 0.6095979349
198 -23.84350732 0.6043932918
199 -24.12788251 0.5990436386
200 -24.42090387 0.5935432994
201 -24.72299574 0.5878865368
202 -25.03459854 0.5820675904
203 -25.35616797 0.5760807227
204 -25.68817379 0.5699202734
205 -26.03109825 0.5635807242
206 -26.38543401 0.5570567731
207 -26.75168151 0.5503434198
208 -27.13034585 0.5434360631
209 -27.52193287 0.5363306088
210 -27.92694465 0.5290235901
211 -28.34587418 0.5215122978
212 -28.77919935 0.5137949209
213 -29.22737605 0.5058706936
214 -29.69083061 0.4977400484
215 -30.16995153 0.4894047693
216 -30.66508058 0.480868143
217 -31.17650347 0.472135101
218 -31.70444025 0.4632123472
219 -32.24903573 0.4541084654
220 -32.81035007 0.4448339971
221 -33.38835011 0.4354014857
222 -33.98290158 0.4258254785
223 -34.59376268 0.4161224811
224 -35.22057938 0.4063108611
225 -35.8628829 0.3964106978
226 -36.52008939 0.3864435786
227 -37.19150244 0.376432345
228 -37.87631813 0.3664007927
229 -38.57363301 0.3563733368
230 -39.28245454 0.3463746488
231 -40.00171406 0.3364292813
232 -40.73028168 0.3265612918
233 -41.46698278 0.3167938799
234 -42.2106155 0.3071490501
235 -42.95996869 0.2976473133
236 -43.71383962 0.2883074336
237 -44.47105105 0.2791462296
238 -45.23046697 0.2701784327
239 -45.99100678 0.2614166026
240 -46.7516573 0.2528711001
241 -47.5114827 0.244550111
242 -48.26963194 0.2364597162
243 -49.02534387 0.2286040022
244 -49.77794997 0.2209852015
245 -50.52687482 0.2136038574
246 -51.27163447 0.2064590055
247 -52.01183303 0.1995483633
248 -52.74715747 0.1928685236
249 -53.47737103 0.186415146
250 -54.20230539 0.1801831418
251 -54.92185183 0.1741668493
252 -55.63595151 0.1683601973
253 -56.34458521 0.1627568545
254 -57.04776251 0.1573503647
255 -57.74551081 0.1521342646
256 -58.43786421 0.1471021875
257 -59.12485255 0.1422479494
258 -59.8064908 0.137565619
259 -60.4827689 0.1330495728
260 -61.15364251 0.1286945338
261 -61.81902472 0.1244955952
262 -62.47877898 0.1204482309
263 -63.13271358 0.1165482916
264 -63.78057771 0.1127919897
265 -64.42205949 0.1091758728
266 -65.05678579 0.1056967894
267 -65.68432417 0.1023518461
268 -66.30418672 0.09913836129
269 -66.91583584 0.09605381445
270 -67.51869162 0.0930957961
271 -68.11214077 0.09026195828
272 -68.69554666 0.08754996863
273 -69.26826013 0.08495746915
274 -69.82963078 0.08248204118
275 -70.3790183 0.08012117726
276 -70.91580344 0.07787226053
277 -71.4393984 0.07573255151
278 -71.94925623 0.07369918221
279 -72.44487906 0.07176915689
280 -72.92582504 0.0699393586
281 -73.39171377 0.0682065607
282 -73.84223028 0.06656744219
283 -74.27712751 0.06501860586
284 -74.69622742 0.06355659826
285 -75.09942073 0.06217793057
286 -75.48666552 0.06087909949
287 -75.8579848 0.05965660763
288 -76.21346323 0.05850698274
289 -76.55324314 0.05742679538
290 -76.87752001 0.05641267491
291 -77.18653759 0.05546132337
292 -77.48058286 0.05456952748
293 -77.75998074 0.05373416852
294 -78.02508901 0.05295223031
295 -78.27629316 0.05222080534
296 -78.51400157 0.05153709922
297 -78.7386408 0.05089843356
298 -78.9506513 0.05030224754
299 -79.15048334 0.04974609823
300 -79.33859333 0.04922765995
301 -79.51544052 0.04874472274
302 -79.68148394 0.04829519009
303 -79.83717983 0.04787707611
304 -79.9829793 0.0474885023
305 -80.11932633 0.04712769385
306 -80.24665611 0.04679297578
307 -80.36539357 0.04648276888
308 -80.47595228 0.04619558553
309 -80.57873349 0.04593002548
310 -80.6741254 0.04568477162
311 -80.76250266 0.04545858583
312 -80.84422598 0.04525030484
313 -80.91964193 0.04505883625
314 -80.98908283 0.04488315462
315 -81.0528668 0.04472229771
316 -81.11129784 0.04457536291
317 -81.16466604 0.04444150368
318 -81.21324783 0.04431992634
319 -81.25730632 0.04420988685
320 -81.29709163 0.04411068785
321 -81.33284127 0.04402167576
322 -81.3647806 0.04394223815
323 -81.39312323 0.04387180115
324 -81.41807146 0.04380982708
325 -81.4398168 0.04375581213
326 -81.45854034 0.0437092843
327 -81.47441327 0.04366980134
328 -81.48759732 0.04363694885
329 -81.49824519 0.04361033859
330 -81.50650098 0.04358960674
331 -81.51250067 0.04357441235
332 -81.51637245 0.04356443593
333 -81.5182372 0.04355937802
334 -81.51820881 0.04355895796
335 -81.5163946 0.04356291266
336 -81.51289565 0.04357099547
337 -81.50780714 0.04358297515
338 -81.50121869 0.04359863489
339 -81.49321463 0.04361777143
340 -81.48387417 0.04364019446
341 -81.47327033 0.04366572857
342 -81.46145795 0.04369423708
343 -81.44836327 0.04372584419
344 -81.43278172 0.04376295359
345 -81.40330349 0.04382855098
346 -81.25618909 0.04413272187
347 -80.05307399 0.04664060674
348 -69.37713422 0.07475223476
349 13.50889493 0.7742125383
350 38.41865631 0.9998871448
351 38.16742779 0.9999387001
352 36.44612011 0.9999170899
353 33.77735498 0.9998655716
354 30.42493917 0.9997517995
355 26.71583044 0.9995104611
356 22.92235472 0.9990234818
357 19.22394662 0.9981007697
358 15.72609265 0.9964751414
359 12.48798238 0.9938292652
360 9.540931305 0.9898640419
361 6.897496174 0.9843920403
362 4.5556904 0.9774126127
363 2.501865403 0.9691262778
364 0.7138450293 0.9598813922
365 -0.8356256511 0.9500852235
366 -2.175681297 0.9401219176
367 -3.334875869 0.9303022575
368 -4.339617697 0.9208470772
369 -5.213388508 0.9118935215
370 -5.976522915 0.9035118132
371 -6.646328262 0.8957239432
372 -7.237377476 0.8885199733
373 -7.761866138 0.881870571
374 -8.229971384 0.8757359009
375 -8.650181456 0.8700715646
376 -9.029583503 0.8648323633
377 -9.374107546 0.8599745473
378 -9.688729576 0.8554570583
379 -9.977638828 0.8512421236
380 -10.24437471 0.8472954491
381 -10.49193859 0.8435861733
382 -10.72288501 0.8400866869
383 -10.9393962 0.8367723854
384 -11.14334301 0.8336213944
385 -11.33633495 0.8306142927
386 -11.51976139 0.8277338475
387 -11.69482559 0.8249647672
388 -11.86257291 0.8222934766
389 -12.02391432 0.819707915
390 -12.179646 0.8171973555
391 -12.33046584 0.8147522454
392 -12.47698731 0.8123640653
393 -12.61975111 0.8100252047
394 -12.75923517 0.8077288529
395 -12.89586306 0.8054689034
396 -13.03001123 0.8032398697
397 -13.16201515 0.8010368113
398 -13.29217463 0.7988552691
399 -13.42075841 0.7966912081
400 -13.54800805 0.7945409672
401 -13.67414142 0.7924012154
402 -13.79935561 0.7902689122
403 -13.92382954 0.7881412734
404 -14.0477262 0.7860157407
405 -14.17119467 0.7838899546
406 -14.29437179 0.7817617303
407 -14.41738375 0.7796290364
408 -14.54034738 0.7774899758
409 -14.66337136 0.7753427689
410 -14.78655732 0.773185738
411 -14.9100007 0.7710172939
412 -15.03379166 0.7688359234
413 -15.1580158 0.7666401782
414 -15.28275484 0.7644286646
415 -15.40808724 0.7622000346
416 -15.53408873 0.759952977
417 -15.66083287 0.75768621
418 -15.78839145 0.755398474
419 -15.91683497 0.7530885248
420 -16.04623298 0.7507551272
421 -16.17665452 0.7483970496
422 -16.3081684 0.7460130581
423 -16.44084356 0.7436019115
424 -16.57474941 0.741162356
425 -16.70995606 0.7386931204
426 -16.84653468 0.7361929115
427 -16.98455773 0.7336604092
428 -17.1240993 0.7310942623
429 -17.26523532 0.7284930836
430 -17.40804389 0.7258554456
431 -17.55260551 0.7231798759
432 -17.69900341 0.7204648529
433 -17.84732379 0.7177088006
434 -17.99765614 0.7149100847
435 -18.15009353 0.712067007
436 -18.30473292 0.7091778012
437 -18.46167546 0.7062406277
438 -18.62102688 0.703253568
439 -18.78289775 0.7002146202
440 -18.94740391 0.6971216931
441 -19.11466682 0.6939726007
442 -19.28481396 0.6907650563
443 -19.45797922 0.6874966673
444 -19.63430339 0.6841649284
445 -19.81393452 0.6807672161
446 -19.9970285 0.6773007822
447 -20.18374946 0.6737627476
448 -20.37427035 0.6701500963
449 -20.56877344 0.6664596688
450 -20.7674509 0.6626881566
451 -20.97050534 0.6588320957
452 -21.17815044 0.6548878617
453 -21.39061154 0.6508516642
454 -21.60812627 0.6467195428
455 -21.83094512 0.6424873631
456 -22.05933213 0.6381508144
457 -22.29356545 0.6337054082
458 -22.53393795 0.6291464784
459 -22.78075776 0.624469184
460 -23.03434882 0.6196685133
461 -23.29505129 0.6147392915
462 -23.56322193 0.6096761919
463 -23.83923433 0.6044737504
464 -24.12347906 0.5991263851
465 -24.41636358 0.5936284213
466 -24.71831197 0.5879741224
467 -25.02976442 0.5821577282
468 -25.3511764 0.5761735003
469 -25.68301745 0.570015777
470 -26.02576964 0.5636790371
471 -26.37992549 0.5571579749
472 -26.74598535 0.5504475848
473 -27.12445425 0.5435432585
474 -27.51583807 0.5364408934
475 -27.92063897 0.529137012
476 -28.33935013 0.5216288927
477 -28.77244971 0.5139147093
478 -29.22039399 0.505993679
479 -29.68360982 0.4978662146
480 -30.16248635 0.4895340784
481 -30.65736612 0.4810005327
482 -31.16853579 0.4722704828
483 -31.69621648 0.4633506046
484 -32.24055421 0.4542494519
485 -32.80161055 0.444977536
486 -33.37935381 0.4355473693
487 -33.97365132 0.4259734683
488 -34.58426299 0.4162723091
489 -35.21083655 0.4064622316
490 -35.85290497 0.3965632902
491 -36.50988619 0.3865970507
492 -37.18108547 0.3765863372
493 -37.86570052 0.3665549335
494 -38.56282933 0.3565272474
495 -39.27148067 0.3465279493
496 -39.99058691 0.3365815964
497 -40.71901902 0.3267122566
498 -41.45560292 0.3169431452
499 -42.19913705 0.3072962874
500 -42.94841026 0.2977922189
501 -43.70221958 0.2884497324
502 -44.45938723 0.2792856777
503 -45.21877649 0.2703148189
504 -45.97930579 0.2615497496
505 -46.73996084 0.2530008643
506 -47.49980456 0.2446763816
507 -48.25798456 0.2365824145
508 -49.01373829 0.2287230789
509 -49.76639579 0.2211006346
510 -50.5153802 0.2137156499
511 -51.26020622 0.206567182
512 -52.00047661 0.1996529671
513 -52.73587712 0.1929696142
514 -53.46616987 0.1865127958
515 -54.19118556 0.1802774332
516 -54.91081461 0.1742578723
517 -55.62499751 0.1684480472
518 -56.33371449 0.1628416296
519 -57.03697478 0.1574321641
520 -57.73480558 0.1522131869
521 -58.42724099 0.1471783291
522 -59.114311 0.1423214031
523 -59.79603086 0.1376364736
524 -60.472391 0.133117912
525 -61.14334766 0.1287604355
526 -61.80881465 0.1245591318
527 -62.46865623 0.1205094687
528 -63.12268158 0.1166072914
529 -63.77064082 0.1128488067
530 -64.41222302 0.1092305574
531 -65.04705599 0.1057493878
532 -65.67470818 0.1024024007
533 -66.2946925 0.09918691169
534 -66.90647205 0.09610039818
535 -67.50946753 0.09314044936
536 -68.10306609 0.09030471672
537 -68.68663137 0.087590868
538 -69.25951431 0.08499654589
539 -69.82106446 0.08251933293
540 -70.37064126 0.08015672324
541 -70.90762505 0.07790610177
542 -71.43142748 0.07576473102
543 -71.94150089 0.07372974502
544 -72.43734661 0.07179814998
545 -72.91852186 0.06996683077
546 -73.38464527 0.06823256235
547 -73.83540082 0.06659202506
548 -74.27054041 0.06504182274
549 -74.68988491 0.06357850267
550 -75.09332399 0.0621985764
551 -75.48081471 0.06089854074
552 -75.8523791 0.05967489805
553 -76.2081009 0.05852417557
554 -76.54812157 0.0574429431
555 -76.8726358 0.05642782896
556 -77.18188665 0.055475534
557 -77.47616045 0.05458284355
558 -77.7557816 0.05374663736
559 -78.02110739 0.05296389764
560 -78.27252294 0.05223171516
561 -78.51043628 0.05154729376
562 -78.73527375 0.05090795325
563 -78.9474756 0.05031113098
564 -79.14749199 0.04975438222
565 -79.33577926 0.0492353795
566 -79.51279662 0.04875191107
567 -79.67900315 0.0483018787
568 -79.83485515 0.04788329482
569 -79.98080381 0.04749427929
570 -80.11729324 0.04713305573
571 -80.24475878 0.04679794766
572 -80.36362553 0.04648737442
573 -80.47430723 0.046199847
574 -80.57720534 0.04593396384
575 -80.67270826 0.04568840659
576 -80.76119085 0.04546193592
577 -80.84301405 0.04525338746
578 -80.91852463 0.04506166772
579 -80.98805516 0.04488575028
580 -81.05192394 0.04472467194
581 -81.11043522 0.04457752919
582 -81.16387928 0.04444347466
583 -81.21253278 0.04432171388
584 -81.25665901 0.04421150207
585 -81.2965083 0.04411214115
586 -81.33231836 0.04402297691
587 -81.36431472 0.04394339629
588 -81.39271116 0.04387282486
589 -81.41771019 0.04381072437
590 -81.43950344 0.04375659054
591 -81.45827218 0.04370995086
592 -81.47418774 0.04367036265
593 -81.487412 0.04363741111
594 -81.49809779 0.04361070759
595 -81.50638935 0.0435898879
596 -81.51242276 0.04357461077
597 -81.51632635 0.04356455637
598 -81.5182211 0.04355942496
599 -81.51822101 0.04355893559
600 -81.51643349 0.04356282489
601 -81.51295972 0.04357084599
602 -81.50789496 0.04358276741
603 -81.50132893 0.04359837213
604 -81.49334603 0.04361745668
605 -81.48402554 0.04363983056
606 -81.47344055 0.04366531819
607 -81.46164598 0.04369378271
608 -81.44856824 0.04372534795
609 -81.43300368 0.04376241567
610 -81.40355063 0.04382795488
611 -81.25654411 0.04413189718
612 -80.05430343 0.04663787558
613 -69.38614963 0.07472329059
614 13.46212844 0.7737383004
615 38.41801004 0.9998869814
616 38.16777048 0.9999387035
617 36.44676125 0.9999170994
618 33.77819184 0.9998655922
619 30.42584417 0.9997518411
620 26.71668961 0.9995105391
621 22.92309487 0.9990236154
622 19.22453179 0.998100974
623 15.72651162 0.9964754114
624 12.48823837 0.993829556
625 9.541035696 0.9898642525
626 6.897464667 0.9843920153
627 4.555540504 0.9774121655
628 2.501614523 0.969125226
629 0.7135091206 0.959879589
630 -0.8360328507 0.9500825735
631 -2.176148515 0.9401183762
632 -3.335394175 0.93029782
633 -4.340180184 0.9208417656
634 -5.213989905 0.9118873724
635 -5.977159219 0.9035048695
636 -6.646996422 0.8957162488
637 -7.238075145 0.8885115702
638 -7.762591479 0.8818614977
639 -8.230722929 0.8757261924
640 -8.650958003 0.8700612522
641 -9.030384041 0.8648214748
642 -9.374931202 0.8599631078
643 -9.689575582 0.85544509
644 -9.978506491 0.8512296467
645 -10.2452634 0.8472824818
646 -10.49284772 0.8435727322
647 -10.72381404 0.840072787
648 -10.94034461 0.8367580403
649 -11.14431032 0.8336066167
650 -11.33732071 0.8305990941
651 -11.52076518 0.8277182384
652 -11.69584702 0.8249487572
653 -11.8636116 0.8222770746
654 -12.02496992 0.8196911289
655 -12.18071819 0.8171801927
656 -12.33155434 0.8147347125
657 -12.47809184 0.8123461681
658 -12.62087143 0.8100069485
659 -12.76037106 0.8077102424
660 -12.89701434 0.8054499427
661 -13.03117773 0.8032205622
662 -13.16319672 0.80101716
663 -13.29337116 0.7988352764
664 -13.42196981 0.7966708757
665 -13.54923426 0.7945202967
666 -13.67538239 0.7923802075
667 -13.80061133 0.7902475672
668 -13.92510001 0.7881195912
669 -14.04901146 0.7859937207
670 -14.17249477 0.7838675956
671 -14.29568682 0.7817390308
672 -14.4187138 0.7796059944
673 -14.54169258 0.7774665887
674 -14.66473188 0.7753190338
675 -14.78793332 0.7731616514
676 -14.9113924 0.770992852
677 -15.03519928 0.7688111218
678 -15.15943959 0.7666150119
679 -15.28419508 0.7644031284
680 -15.40954423 0.7621741226
681 -15.53556281 0.7599266829
682 -15.66232439 0.7576595271
683 -15.78990081 0.7553713948
684 -15.91836257 0.7530610414
685 -16.04777928 0.7507272311
686 -16.17821999 0.7483687319
687 -16.30975355 0.7459843093
688 -16.44244895 0.7435727212
689 -16.57637559 0.7411327135
690 -16.71160365 0.7386630141
691 -16.84820433 0.7361623293
692 -16.98625014 0.7336293382
693 -17.12581518 0.7310626889
694 -17.26697546 0.7284609934
695 -17.40980909 0.7258228234
696 -17.55439664 0.7231467058
697 -17.70082139 0.7204311178
698 -17.84916958 0.7176744828
699 -17.99953076 0.7148751653
700 -18.15199807 0.7120314662
701 -18.30666851 0.7091416182
702 -18.46364331 0.7062037804
703 -18.62302826 0.7032160333
704 -18.784934 0.7001763736
705 -18.94947646 0.6970827089
706 -19.11677718 0.6939328518
707 -19.2869637 0.6907245143
708 -19.46017004 0.6874553021
709 -19.63653705 0.6841227085
710 -19.81621291 0.6807241082
711 -19.99935359 0.6772567514
712 -20.18612335 0.6737177573
713 -20.37669527 0.6701041078
714 -20.57125172 0.6664126417
715 -20.76998502 0.6626400484
716 -20.97309792 0.6587828617
717 -21.18080425 0.6548374552
718 -21.39332951 0.6508000362
719 -21.61091148 0.6466666421
720 -21.83380083 0.6424331362
721 -22.06226178 0.6380952055
722 -22.29657267 0.633648359
723 -22.53702656 0.6290879285
724 -22.78393179 0.6244090707
725 -23.03761249 0.6196067716
726 -23.29840905 0.6146758545
727 -23.56667844 0.6096109907
728 -23.84279447 0.6044067143
729 -24.12714794 0.5990574422
730 -24.4201465 0.5935574985
731 -24.72221447 0.5879011462
732 -25.03379223 0.5820826248
733 -25.35533544 0.5760961965
734 -25.68731383 0.569936201
735 -26.03020961 0.5635971194
736 -26.38451541 0.5570736491
737 -26.75073168 0.5503607889
738 -27.12936349 0.5434539364
739 -27.52091669 0.536348996
740 -27.92589337 0.5290424991
741 -28.34478657 0.5215317345
742 -28.7780742 0.5138148886
743 -29.22621223 0.5058911929
744 -29.68962708 0.4977610764
745 -30.16870734 0.4894263196
746 -30.66379493 0.4808902053
747 -31.1751757 0.4721576603
748 -31.70306989 0.4632353843
749 -32.2476225 0.4541319557
750 -32.80889393 0.4448579111
751 -33.38685127 0.435425789
752 -33.98136051 0.4258501313
753 -34.59218012 0.4161474388
754 -35.21895639 0.4063360745
755 -35.86122081 0.3964361136
756 -36.51838983 0.38646914
757 -37.18976731 0.3764579921
758 -37.87454963 0.366426464
759 -38.57183354 0.3563989692
760 -39.28062673 0.3464001792
761 -39.99986072 0.3364546474
762 -40.72840576 0.3265864331
763 -41.46508731 0.3168187384
764 -42.20870357 0.3071735713
765 -42.95804338 0.2976714468
766 -43.71190398 0.2883311337
767 -44.46910802 0.2791694558
768 -45.22851941 0.27020115
769 -45.98905735 0.2614387817
770 -46.74970849 0.2528927171
771 -47.5095368 0.2445711474
772 -48.267691 0.2364801591
773 -49.02340973 0.2286238434
774 -49.77602422 0.2210044373
775 -50.5249588 0.2136224884
776 -51.26972932 0.2064770357
777 -52.00993965 0.1995657999
778 -52.74527655 0.1928853765
779 -53.47550309 0.1864314272
780 -54.20045078 0.180198865
781 -54.92001077 0.1741820294
782 -55.6341241 0.16837485
783 -56.34277145 0.1627709963
784 -57.04596235 0.1573640119
785 -57.74372417 0.1521474336
786 -58.43609102 0.1471148943
787 -59.12309275 0.1422602093
788 -59.80474437 0.1375774467
789 -60.48103592 0.1330609823
790 -61.15192316 0.1287055379
791 -61.81731928 0.1245062059
792 -62.47708788 0.1204584592
793 -63.13103738 0.1165581476
794 -63.77891717 0.1128014824
795 -64.42041548 0.1091850107
