0 -23.64043944 0.6082459555
1 -23.92681962 0.6028538748
2 -24.22267292 0.5972949655
3 -24.52852703 0.5915616516
4 -24.84493404 0.5856462246
5 -25.17246935 0.579540905
6 -25.51172999 0.5732379185
7 -25.86333219 0.5667295903
8 -26.22790807 0.5600084562
9 -26.60610146 0.5530673953
10 -26.99856254 0.5458997825
11 -27.40594147 0.5384996629
12 -27.8288806 0.5308619465
13 -28.26800552 0.5229826219
14 -28.72391475 0.5148589864
15 -29.19716819 0.5064898872
16 -29.68827446 0.4978759684
17 -30.19767726 0.4890199149
18 -30.72574096 0.4799266857
19 -31.2727359 0.4706037242
20 -31.83882351 0.4610611365
21 -32.42404196 0.451311825
22 -33.02829268 0.4413715651
23 -33.65132861 0.4312590135
24 -34.29274478 0.4209956359
25 -34.95197226 0.4106055449
26 -35.62827604 0.4001152421
27 -36.32075767 0.3895532645
28 -37.02836292 0.3789497418
29 -37.74989454 0.3683358798
30 -38.48402971 0.3577433912
31 -39.22934158 0.3472038992
32 -39.98432383 0.3367483441
33 -40.74741716 0.3264064195
34 -41.51703658 0.3162060647
35 -42.29159812 0.3061730324
36 -43.06954422 0.2963305457
37 -43.8493667 0.2866990519
38 -44.6296268 0.277296073
39 -45.4089719 0.2681361491
40 -46.18614866 0.2592308645
41 -46.96001264 0.2505889462
42 -47.72953451 0.2422164199
43 -48.49380317 0.2341168098
44 -49.25202601 0.2262913698
45 -50.00352685 0.2187393328
46 -50.74774178 0.2114581675
47 -51.48421342 0.2044438348
48 -52.21258394 0.1976910355
49 -52.93258708 0.1911934453
50 -53.64403955 0.1849439329
51 -54.34683201 0.1789347586
52 -55.04091983 0.1731577534
53 -55.72631379 0.1676044767
54 -56.40307086 0.1622663549
55 -57.07128517 0.1571348004
56 -57.73107916 0.1522013123
57 -58.38259516 0.1474575608
58 -59.02598724 0.1428954563
59 -59.66141352 0.1385072048
60 -60.28902899 0.1342853498
61 -60.90897873 0.1302228044
62 -61.52139185 0.1263128721
63 -62.12637589 0.122549259
64 -62.72401206 0.1189260776
65 -63.3143511 0.1154378438
66 -63.89740994 0.1120794672
67 -64.47316932 0.1088462358
68 -65.04157213 0.1057337963
69 -65.60252281 0.1027381301
70 -66.15588759 0.09985552583
71 -66.70149573 0.0970825505
72 -67.2391416 0.09441601794
73 -67.76858765 0.09185295715
74 -68.28956816 0.08939058049
75 -68.80179362 0.08702625256
76 -69.30495571 0.08475746056
77 -69.79873276 0.08258178664
78 -70.28279538 0.08049688278
79 -70.75681231 0.07850044855
80 -71.22045629 0.0765902121
81 -71.67340962 0.07476391442
82 -72.11536963 0.07301929697
83 -72.54605357 0.07135409263
84 -72.96520309 0.06976601969
85 -73.37258808 0.06825277877
86 -73.76800992 0.06681205221
87 -74.151304 0.06544150575
88 -74.5223416 0.06413879187
89 -74.88103103 0.06290155478
90 -75.22731824 0.06172743628
91 -75.56118668 0.06061408251
92 -75.8826567 0.059559151
93 -76.19178444 0.05856031793
94 -76.48866031 0.05761528528
95 -76.77340703 0.05672178763
96 -77.04617754 0.05587759868
97 -77.30715253 0.05508053703
98 -77.55653795 0.05432847144
99 -77.79456235 0.05361932545
100 -78.0214742 0.05295108121
101 -78.23753924 0.05232178265
102 -78.44303786 0.05172953803
103 -78.63826256 0.0511725218
104 -78.82351553 0.05064897582
105 -78.99910637 0.05015721016
106 -79.16534994 0.04969560322
107 -79.32256436 0.0492626016
108 -79.47106922 0.04885671941
109 -79.61118392 0.04847653733
110 -79.74322618 0.04812070139
111 -79.86751073 0.04778792145
112 -79.98434816 0.04747696955
113 -80.09404388 0.04718667804
114 -80.19689729 0.04691593765
115 -80.29320105 0.04666369539
116 -80.38324042 0.04642895249
117 -80.46729287 0.04621076223
118 -80.54562758 0.04600822775
119 -80.61850525 0.04582049994
120 -80.68617781 0.04564677526
121 -80.74888836 0.04548629364
122 -80.80687105 0.04533833641
123 -80.86035111 0.04520222428
124 -80.90954488 0.0450773154
125 -80.95465989 0.04496300342
126 -80.99589502 0.04485871569
127 -81.03344064 0.04476391151
128 -81.06747879 0.04467808039
129 -81.09818336 0.04460074047
130 -81.1257204 0.04453143696
131 -81.15024825 0.04446974064
132 -81.17191785 0.04441524651
133 -81.190873 0.04436757237
134 -81.20725055 0.04432635762
135 -81.22118075 0.044291262
136 -81.23278744 0.0442619645
137 -81.24218833 0.0442381622
138 -81.24949525 0.04421956931
139 -81.25481442 0.04420591619
140 -81.25824668 0.04419694839
141 -81.25988773 0.04419242584
142 -81.25982835 0.044192122
143 -81.25815466 0.04419582307
144 -81.25494831 0.04420332733
145 -81.25028672 0.04421444438
146 -81.24424325 0.04422899453
147 -81.23688741 0.04424680819
148 -81.22828506 0.04426772529
149 -81.2184986 0.04429159475
150 -81.20758711 0.04431827394
151 -81.19560653 0.04434762822
152 -81.18260983 0.04437953053
153 -81.16864715 0.04441386086
154 -81.15376595 0.04445050597
155 -81.13801116 0.04448935893
156 -81.12142527 0.04453031878
157 -81.1040485 0.04457329024
158 -81.08591889 0.04461818333
159 -81.06707244 0.04466491313
160 -81.04754318 0.04471339946
161 -81.0273633 0.04476356665
162 -81.00656324 0.04481534327
163 -80.98517179 0.0448686619
164 -80.96321614 0.04492345893
165 -80.94072201 0.04497967432
166 -80.91771371 0.04503725145
167 -80.89421419 0.04509613689
168 -80.87024516 0.04515628027
169 -80.84582708 0.04521763408
170 -80.82097933 0.04528015355
171 -80.79572016 0.04534379648
172 -80.77006682 0.04540852313
173 -80.74403557 0.04547429606
174 -80.71764176 0.04554108004
175 -80.69089987 0.04560884193
176 -80.66382353 0.04567755058
177 -80.63642558 0.0457471767
178 -80.60871813 0.04581769283
179 -80.58071253 0.04588907322
180 -80.55241948 0.04596129377
181 -80.52384898 0.04603433198
182 -80.49501041 0.04610816689
183 -80.46591251 0.04618277903
184 -80.43656342 0.04625815042
185 -80.40697068 0.04633426455
186 -80.37714116 0.04641110647
187 -80.34708053 0.04648866398
188 -80.31678788 0.04656693905
189 -80.28620532 0.04664605492
190 -80.25474489 0.04672726321
191 -80.2168517 0.04682240535
192 -80.12038799 0.0470429823
193 -79.47648014 0.0484534153
194 -73.72249325 0.06262115669
195 -23.07072619 0.3817504899
196 37.73476286 0.9994010924
197 38.51764994 0.9999419642
198 37.20201415 0.999927491
199 34.95570525 0.999891267
200 32.00858473 0.99981359
201 28.65423494 0.9996548144
202 25.15674321 0.999344956
203 21.69698229 0.9987720486
204 18.38251598 0.9977754072
205 15.27393088 0.9961522359
206 12.40484764 0.9936853683
207 9.792629869 0.9901917603
208 7.443056982 0.9855773223
209 5.352401392 0.9798739876
210 3.509016386 0.973240383
211 1.895243995 0.9659263482
212 0.4896136305 0.9582191534
213 -0.7310261834 0.9503933157
214 -1.789765649 0.9426775853
215 -2.708423557 0.9352413849
216 -3.50684744 0.9281958631
217 -4.202614692 0.9216029197
218 -4.811005707 0.9154868811
219 -5.345138042 0.9098456577
220 -5.816180766 0.9046599785
221 -6.233596581 0.8999003918
222 -6.605381085 0.8955322474
223 -6.938283305 0.8915190633
224 -7.238000832 0.8878246879
225 -7.509348154 0.8844146072
226 -7.75639955 0.8812566689
227 -7.982609193 0.8783214195
228 -8.190911483 0.875582194
229 -8.383804595 0.8730150553
230 -8.563419962 0.8705986452
231 -8.73158006 0.8683139901
232 -8.889846507 0.8661442877
233 -9.039560176 0.8640746918
234 -9.181874701 0.8620921044
235 -9.317784543 0.8601849813
236 -9.448148547 0.8583431536
237 -9.573709768 0.8565576658
238 -9.695112203 0.8548206309
239 -9.812914935 0.853125101
240 -9.927604139 0.8514649525
241 -10.03960327 0.8498347855
242 -10.14928177 0.8482298337
243 -10.25696243 0.8466458872
244 -10.36292781 0.8450792227
245 -10.46742561 0.8435265439
246 -10.57067336 0.8419849284
247 -10.67286245 0.8404517813
248 -10.77416154 0.8389247948
249 -10.8747196 0.8374019126
250 -10.97466846 0.835881299
251 -11.07412504 0.834361311
252 -11.17319328 0.8328404751
253 -11.27196585 0.8313174658
254 -11.37052557 0.8297910876
255 -11.46894669 0.8282602581
256 -11.56729601 0.8267239947
257 -11.66563383 0.8251814013
258 -11.76401479 0.8236316575
259 -11.86248863 0.822074009
260 -11.9611008 0.820507759
261 -12.05989305 0.8189322603
262 -12.15890394 0.8173469089
263 -12.25816923 0.8157511377
264 -12.35772233 0.8141444117
265 -12.45759457 0.8125262226
266 -12.55781558 0.8108960852
267 -12.65841348 0.8092535333
268 -12.75941518 0.8075981162
269 -12.86084657 0.805929396
270 -12.96273268 0.8042469444
271 -13.06509793 0.8025503408
272 -13.16796619 0.8008391692
273 -13.27136098 0.7991130169
274 -13.3753056 0.7973714721
275 -13.4798232 0.795614122
276 -13.58493695 0.7938405517
277 -13.69067009 0.7920503419
278 -13.79704604 0.7902430681
279 -13.90408851 0.7884182985
280 -14.01182154 0.7865755934
281 -14.12026962 0.784714503
282 -14.22945775 0.7828345669
283 -14.33941152 0.7809353122
284 -14.45015718 0.7790162528
285 -14.56172171 0.7770768877
286 -14.67413292 0.7751166998
287 -14.78741946 0.7731351548
288 -14.90161099 0.7711316998
289 -15.01673817 0.7691057619
290 -15.13283277 0.767056747
291 -15.24992776 0.764984038
292 -15.36805738 0.7628869936
293 -15.48725724 0.760764947
294 -15.60756439 0.7586172037
295 -15.72901743 0.7564430401
296 -15.8516566 0.7542417021
297 -15.97552389 0.7520124025
298 -16.10066316 0.7497543196
299 -16.22712024 0.7474665948
300 -16.35494306 0.7451483307
301 -16.4841818 0.7427985885
302 -16.61488898 0.7404163854
303 -16.7471197 0.7380006924
304 -16.88093171 0.7355504313
305 -17.01638564 0.7330644714
306 -17.15354514 0.7305416269
307 -17.29247713 0.7279806529
308 -17.43325196 0.7253802425
309 -17.57594369 0.722739022
310 -17.72063026 0.7200555479
311 -17.86739384 0.7173283014
312 -18.01632103 0.7145556846
313 -18.16750322 0.711736015
314 -18.32103688 0.7088675204
315 -18.47702394 0.7059483332
316 -18.63557214 0.702976484
317 -18.79679544 0.6999498957
318 -18.96081446 0.6968663763
319 -19.12775695 0.6937236115
320 -19.29775828 0.6905191574
321 -19.470962 0.6872504319
322 -19.6475204 0.6839147062
323 -19.82759512 0.6805090958
324 -20.01135786 0.6770305509
325 -20.19899101 0.6734758463
326 -20.39068849 0.6698415713
327 -20.58665648 0.666124119
328 -20.7871143 0.6623196753
329 -20.9922953 0.6584242078
330 -21.20244778 0.6544334551
331 -21.41783599 0.6503429154
332 -21.63874111 0.6461478369
333 -21.86546232 0.6418432074
334 -22.09831783 0.6374237463
335 -22.33764592 0.6328838975
336 -22.58380603 0.6282178244
337 -22.83717968 0.6234194083
338 -23.09817143 0.6184822497
339 -23.36720971 0.6133996748
340 -23.64474742 0.608164747
341 -23.93126243 0.6027702858
342 -24.22725777 0.5972088938
343 -24.53326142 0.5914729935
344 -24.84982578 0.5855548756
345 -25.17752655 0.579446761
346 -25.51696101 0.5731408771
347 -25.86874559 0.5666295519
348 -26.23351258 0.559905326
349 -26.61190589 0.5529610852
350 -27.00457574 0.5457902136
351 -27.41217217 0.5383867678
352 -27.83533733 0.5307456721
353 -28.27469649 0.5228629326
354 -28.73084768 0.5147358672
355 -29.20435015 0.506363347
356 -29.69571172 0.4977460431
357 -30.20537506 0.4888866707
358 -30.73370337 0.4797902218
359 -31.28096559 0.4704641751
360 -31.8473216 0.4609186739
361 -32.43280785 0.4511666588
362 -33.03732389 0.4412239432
363 -33.66062067 0.4311092211
364 -34.30229118 0.4208439933
365 -34.9617644 0.4104524043
366 -35.63830324 0.3999609832
367 -36.33100725 0.389398289
368 -37.03882031 0.3787944675
369 -37.76054347 0.3681807337
370 -38.49485242 0.357588802
371 -39.24031906 0.3470502902
372 -39.99543612 0.3365961261
373 -40.75864368 0.3262559841
374 -41.52835641 0.3160577786
375 -42.30299034 0.3060272322
376 -43.0809882 0.2961875345
377 -43.86084239 0.2865590959
378 -44.64111495 0.2771594005
379 -45.4204543 0.2680029494
380 -46.19760828 0.2591012889
381 -46.97143381 0.2504631089
382 -47.74090296 0.2420944001
383 -48.5051061 0.2339986542
384 -49.26325213 0.2261770956
385 -50.01466632 0.2186289306
386 -50.7587862 0.211351605
387 -51.49515577 0.2043410597
388 -52.22341848 0.1975919787
389 -52.94330925 0.1910980241
390 -53.65464588 0.1848520537
391 -54.35732 0.1788463197
392 -55.05128781 0.1730726469
393 -55.73656082 0.1675225911
394 -56.41319661 0.1621875768
395 -57.08128976 0.1570590157
396 -57.7409631 0.1521284081
397 -58.39235918 0.1473874262
398 -59.03563222 0.1428279836
399 -59.67094036 0.1384422898
400 -60.29843851 0.1342228929
401 -60.91827161 0.1301627107
402 -61.5305685 0.1262550516
403 -62.13543643 0.122493627
404 -62.73295624 0.1188725545
405 -63.32317821 0.1153863553
406 -63.90611886 0.1120299439
407 -64.48175841 0.1087986132
408 -65.05003927 0.1056880141
409 -65.61086538 0.1026941322
410 -66.1641025 0.09981326006
411 -66.70957945 0.09704196772
412 -67.24709019 0.09437707197
413 -67.77639684 0.09181560424
414 -68.29723338 0.08935477889
415 -68.80931008 0.0869919621
416 -69.31231851 0.0847246423
417 -69.80593694 0.08255040248
418 -70.28983602 0.0804668952
419 -70.76368461 0.07847182032
420 -71.22715564 0.07656290609
421 -71.67993172 0.07473789342
422 -72.1217105 0.07299452359
423 -72.55220966 0.07133052923
424 -72.97117131 0.06974362835
425 -73.37836587 0.06823152131
426 -73.77359525 0.06679189022
427 -74.15669544 0.06542240066
428 -74.52753827 0.06412070505
429 -74.88603267 0.06288444762
430 -75.23212516 0.06171127034
431 -75.56579977 0.0605988196
432 -75.8870774 0.05954475332
433 -76.19601472 0.05854674817
434 -76.49270261 0.05760250674
435 -76.77726428 0.05670976433
436 -77.04985306 0.05586629543
437 -77.31065003 0.05506991951
438 -77.55986145 0.05431850632
439 -77.79771618 0.05360998037
440 -78.02446293 0.05294232487
441 -78.24036764 0.05231358486
442 -78.44571087 0.05172186971
443 -78.64078525 0.051165355
444 -78.82589305 0.05064228373
445 -79.00134393 0.05015096711
446 -79.16745277 0.04968978469
447 -79.3245377 0.04925718415
448 -79.47291827 0.04885168072
449 -79.61291384 0.04847185616
450 -79.74484206 0.04811635754
451 -79.86901756 0.04778389575
452 -79.98575084 0.0474732438
453 -80.09534719 0.047183235
454 -80.19810588 0.04691276099
455 -80.29431943 0.04666076966
456 -80.38427298 0.0464262631
457 -80.46824384 0.04620829537
458 -80.54650104 0.0460059704
459 -80.61930513 0.04581843982
460 -80.6869079 0.04564490076
461 -80.74955227 0.04548459385
462 -80.80747226 0.04533680102
463 -80.86089294 0.04520084361
464 -80.9100305 0.0450760803
465 -80.95509233 0.04496190531
466 -80.99627718 0.04485774649
467 -81.03377526 0.04476306361
468 -81.06776847 0.04467734664
469 -81.0984306 0.04460011415
470 -81.12592755 0.04453091174
471 -81.15041755 0.0444693106
472 -81.17205143 0.04441490606
473 -81.19097285 0.04436731626
474 -81.20731859 0.04432618094
475 -81.22121878 0.04429116012
476 -81.23279715 0.04426193307
477 -81.24217133 0.04423819715
478 -81.24945306 0.04421966681
479 -81.25474848 0.04420607264
480 -81.25815835 0.04419716043
481 -81.25977827 0.04419269029
482 -81.25969898 0.04419243589
483 -81.25800651 0.04419618361
484 -81.25478245 0.0442037319
485 -81.25010416 0.04421489052
486 -81.24404493 0.04422947994
487 -81.23667423 0.04424733071
488 -81.22805787 0.04426828289
489 -81.21825819 0.04429218551
490 -81.20733422 0.04431889608
491 -81.19534186 0.04434828007
492 -81.18233404 0.04438021051
493 -81.16836087 0.0444145675
494 -81.15346976 0.04445123788
495 -81.1377056 0.04449011481
496 -81.12111086 0.04453109743
497 -81.10372572 0.0445740905
498 -81.08558821 0.04461900414
499 -81.06673427 0.04466575348
500 -81.04719792 0.04471425842
501 -81.02701134 0.04476444333
502 -81.00620493 0.04481623684
503 -80.98480746 0.04486957159
504 -80.9628461 0.04492438402
505 -80.94034656 0.04498061413
506 -80.91733311 0.04503820535
507 -80.89382871 0.04509710428
508 -80.86985503 0.0451572606
509 -80.84543254 0.04521862683
510 -80.82058058 0.04528115823
