0 -44.6626765 0.2770645031
1 -45.5250317 0.2669529826
2 -46.38800529 0.2571159921
3 -47.2503924 0.2475644516
4 -48.11110133 0.2383062504
5 -48.96916078 0.2293464254
6 -49.82372284 0.2206873934
7 -50.67406223 0.2123292223
8 -51.51957192 0.2042699271
9 -52.35975567 0.1965057781
10 -53.19421784 0.1890316081
11 -54.02265092 0.1818411119
12 -54.84482136 0.1749271283
13 -55.66055395 0.1682818999
14 -56.46971538 0.1618973076
15 -57.27219742 0.1557650745
16 -58.06789997 0.1498769417
17 -58.85671469 0.1442248107
18 -59.63850953 0.1388008571
19 -60.41311459 0.1335976125
20 -61.18030981 0.1286080194
21 -61.9398149 0.1238254581
22 -62.69128188 0.1192437504
23 -63.43429048 0.1148571415
24 -64.16834667 0.1106602645
25 -64.89288433 0.1066480912
26 -65.60727011 0.1028158722
27 -66.31081128 0.09915907278
28 -67.00276608 0.0956733054
29 -67.68235649 0.09235426583
30 -68.34878244 0.0891976738
31 -69.00123731 0.08619922194
32 -69.63892365 0.08335453462
33 -70.26106891 0.08065913776
34 -70.86694025 0.07810844002
35 -71.45585815 0.07569772501
36 -72.02720833 0.07342215352
37 -72.58045168 0.07127677463
38 -73.11513199 0.06925654379
39 -73.63088144 0.06735634637
40 -74.1274239 0.06557102479
41 -74.60457603 0.06389540765
42 -75.06224643 0.06232433945
43 -75.50043267 0.06085271067
44 -75.91921406 0.05947549356
45 -76.31872093 0.05818783261
46 -76.6989295 0.05698557083
47 -77.05809684 0.0558691513
48 -77.38053279 0.05487362544
49 -77.54059947 0.05430209349
50 -76.54860605 0.0566193203
51 -66.68760903 0.08679993966
52 2.866682491 0.6985669612
53 36.95484392 0.9998046312
54 37.16857548 0.9999260724
55 35.01405802 0.9998926741
56 31.70052363 0.9998046654
57 27.66994498 0.9995929804
58 23.33206985 0.9991054129
59 18.99637599 0.9980528059
60 14.85932342 0.9959689011
61 11.03410456 0.9922419302
62 7.579582337 0.9862663973
63 4.51727341 0.9776788682
64 1.840818779 0.9665372697
65 -0.4763495078 0.9533146229
66 -2.473077251 0.9387216178
67 -4.193100764 0.923487752
68 -5.679496114 0.9082126265
69 -6.971400343 0.89331357
70 -8.102623674 0.8790390347
71 -9.101483238 0.8655088133
72 -9.991271469 0.8527561821
73 -10.79097006 0.840761716
74 -11.51599483 0.8294770256
75 -12.17887236 0.8188400703
76 -12.78981406 0.8087844171
77 -13.35718549 0.7992444938
78 -13.88788227 0.7901583335
79 -14.38762779 0.7814688117
80 -14.86120796 0.7731240146
81 -15.31265605 0.7650771295
82 -15.74539854 0.7572860932
83 -16.16237056 0.7497131348
84 -16.56610771 0.7423242894
85 -16.95881943 0.7350889251
86 -17.34244808 0.7279793039
87 -17.71871668 0.7209701838
88 -18.08916788 0.7140384667
89 -18.45519583 0.7071628877
90 -18.81807254 0.7003237448
91 -19.17896979 0.6935026645
92 -19.5389774 0.6866823997
93 -19.8991186 0.6798466557
94 -20.26036306 0.6729799428
95 -20.6236379 0.6660674513
96 -20.98983703 0.659094948
97 -21.35982914 0.6520486924
98 -21.73446443 0.6449153715
99 -22.11458024 0.6376820523
100 -22.50100571 0.6303361523
101 -22.89456548 0.6228654282
102 -23.29608244 0.6152579821
103 -23.70637966 0.6075022877
104 -24.12628121 0.599587236
105 -24.55661218 0.5915022013
106 -24.99819743 0.5832371303
107 -25.45185939 0.5747826524
108 -25.91841451 0.5661302134
109 -26.39866849 0.5572722324
110 -26.8934101 0.5482022802
111 -27.40340357 0.538915278
112 -27.9293796 0.5294077132
113 -28.4720249 0.5196778676
114 -29.03197038 0.5097260519
115 -29.60977828 0.4995548378
116 -30.2059283 0.4891692796
117 -30.82080317 0.4785771117
118 -31.45467414 0.46778891
119 -32.10768691 0.4568182056
120 -32.77984852 0.4456815337
121 -33.4710161 0.4343984097
122 -34.18088805 0.4229912192
123 -34.90899829 0.4114850177
124 -35.65471437 0.3999072369
125 -36.41723978 0.3882873004
126 -37.19562084 0.3766561596
127 -37.98875814 0.3650457619
128 -38.79542256 0.3534884735
129 -39.61427516 0.3420164773
130 -40.44389053 0.3306611737
131 -41.28278251 0.3194526085
132 -42.12943141 0.3084189531
133 -42.98231151 0.2975860553
134 -43.83991789 0.2869770798
135 -44.70079141 0.2766122447
136 -45.56354116 0.2665086596
137 -46.42686348 0.2566802645
138 -47.28955723 0.2471378593
139 -48.15053496 0.2378892169
140 -49.00882986 0.2289392638
141 -49.86359869 0.2202903146
142 -50.71412079 0.2119423451
143 -51.55979359 0.2038932892
144 -52.400125 0.196139348
145 -53.23472307 0.1886752968
146 -54.06328348 0.1814947847
147 -54.88557515 0.174590616
148 -55.70142469 0.1679550094
149 -56.51069981 0.1615798313
150 -57.31329247 0.1554567989
151 -58.10910191 0.1495776546
152 -58.89801834 0.1439343074
153 -59.6799074 0.1385189449
154 -60.45459613 0.1333241145
155 -61.22186076 0.1283427765
156 -61.98141669 0.1235683299
157 -62.73291117 0.1189946151
158 -63.47591888 0.1146158947
159 -64.20994056 0.110426817
160 -64.93440493 0.1064223662
161 -65.64867367 0.1025978022
162 -66.35204943 0.09894859561
163 -67.04378643 0.0954703607
164 -67.72310322 0.09215879133
165 -68.38919716 0.08900960198
166 -69.04125988 0.08601847709
167 -69.67849312 0.08318103042
168 -70.30012446 0.08049277542
169 -70.90542206 0.07794910714
170 -71.49370834 0.07554529493
171 -72.06437171 0.07327648538
172 -72.61687646 0.07113771384
173 -73.15077039 0.06912392301
174 -73.66569017 0.06722998677
175 -74.16136454 0.06545073759
176 -74.63761524 0.06378099581
177 -75.09435611 0.06221559947
178 -75.53159001 0.06074943436
179 -75.94940142 0.05937746977
180 -76.34792568 0.05809484898
181 -76.72714318 0.05689741602
182 -77.08530968 0.05578562368
183 -77.40668791 0.05479460283
184 -77.56519842 0.05422817376
185 -76.56729362 0.05655820833
186 -66.66308847 0.08686966134
187 3.152572981 0.7015567482
188 36.96980639 0.9998070789
189 37.17114592 0.999926117
190 35.0146155 0.9998926882
191 31.7004853 0.9998046655
192 27.66984334 0.9995929722
193 23.33218513 0.9991054259
194 18.99683998 0.9980529488
195 14.86017337 0.9959694525
196 11.03532234 0.9922434292
197 7.581120883 0.9862696522
198 4.519074679 0.9776848213
199 1.842826302 0.9665467645
200 -0.4741828332 0.9533282146
201 -2.470785947 0.9387395242
202 -4.190707086 0.9235099274
203 -5.677012251 0.9082388797
204 -6.968831122 0.8933436645
205 -8.099968959 0.8790727499
206 -9.098739758 0.8655459723
207 -9.988434086 0.8527966585
208 -10.78803258 0.8408054308
209 -11.51295053 0.8295239398
210 -12.17571425 0.8188901778
211 -12.78653503 0.8088377377
212 -13.3537784 0.7993010683
213 -13.88433995 0.7902182194
214 -14.38394302 0.7815320808
215 -14.85737344 0.7731907505
216 -15.30866436 0.7651474267
217 -15.74124207 0.7573600559
218 -16.15804149 0.7497908765
219 -16.56159793 0.7424059329
220 -16.95412052 0.7351746021
221 -17.33755121 0.7280691551
222 -17.71361261 0.7210643596
223 -18.08384686 0.7141371267
224 -18.44964759 0.7072662014
225 -18.81228622 0.7004318919
226 -19.17293388 0.6936158353
227 -19.53267971 0.686800795
228 -19.89254621 0.6799704874
229 -20.25350224 0.6731094337
230 -20.6164741 0.6662028352
231 -20.9823548 0.6592364701
232 -21.35201213 0.6521966084
233 -21.72629531 0.6450699477
234 -22.10604069 0.6378435645
235 -22.49207639 0.6305048852
236 -22.88522601 0.6230416739
237 -23.28631142 0.6154420384
238 -23.69615463 0.6076944563
239 -24.11557875 0.5997878192
240 -24.5454079 0.5917114996
241 -24.98646609 0.5834554379
242 -25.43957498 0.5750102527
243 -25.9055504 0.5663673742
244 -26.38519762 0.5575191993
245 -26.87930518 0.5484592704
246 -27.38863738 0.5391824724
247 -27.91392527 0.5296852486
248 -28.45585627 0.5199658281
249 -29.01506243 0.51002446
250 -29.59210757 0.4998636459
251 -30.18747343 0.4894883614
252 -30.8015453 0.4789062539
253 -31.43459751 0.4681278064
254 -32.08677934 0.4571664513
255 -32.75810189 0.4460386224
256 -33.44842681 0.4347637327
257 -34.15745731 0.4233640679
258 -34.88473245 0.4118645885
259 -35.62962504 0.4002926395
260 -36.39134385 0.3886775694
261 -37.1689403 0.3770502685
262 -37.96131984 0.3654426398
263 -38.76725776 0.3538870234
264 -39.58541895 0.3424155954
265 -40.41438113 0.3310597691
266 -41.25266052 0.3198496221
267 -42.09873891 0.3088133751
268 -42.95109125 0.297976941
269 -43.80821239 0.2873635621
270 -44.66864217 0.2769935441
271 -45.53098789 0.2668840911
272 -46.39394345 0.2570492408
273 -47.25630474 0.2474998917
274 -48.11698094 0.2382439129
275 -48.97500159 0.2292863226
276 -49.82951966 0.2206295207
277 -50.67981071 0.2122735604
278 -51.52526852 0.2042164441
279 -52.36539757 0.1964544316
280 -53.19980288 0.1889823475
281 -54.02817752 0.1817938804
282 -54.85028838 0.1748818643
283 -55.66596061 0.1682385395
284 -56.47506116 0.1618557851
285 -57.27748191 0.1557253246
286 -58.07312279 0.1498388997
287 -58.8618754 0.1441884141
288 -59.6436075 0.1387660455
289 -60.41814893 0.1335643287
290 -61.18527931 0.1285762092
291 -61.94471798 0.1237950705
292 -62.69611654 0.1192147376
293 -63.43905429 0.1148294586
294 -64.17303675 0.1106338695
295 -64.8974974 0.1066229442
296 -65.61180253 0.1027919355
297 -66.31525909 0.09913631
298 -67.00712509 0.09565168142
299 -67.68662234 0.09233374622
300 -68.35295072 0.08917822452
301 -69.00530363 0.08618080906
302 -69.64288376 0.08333712409
303 -70.26491877 0.08064269526
304 -70.8706761 0.07809293088
305 -71.45947664 0.07568311418
306 -72.03070653 0.07340840564
307 -72.58382715 0.07126385406
308 -73.11838281 0.06924441478
309 -73.63400626 0.06734497319
310 -74.13042191 0.06556037188
311 -74.60744698 0.06388543977
312 -75.06499061 0.0623150219
313 -75.50305089 0.06084400939
314 -75.92170761 0.05946737529
315 -76.32109153 0.05818026508
316 -76.7011791 0.05697852317
317 -77.06022618 0.05586259718
318 -77.38252973 0.05486756836
319 -77.54234125 0.05429678118
320 -76.54904285 0.05661718769
321 -66.67810926 0.08683316425
322 2.931870347 0.6992763189
323 36.95712643 0.9998051601
324 37.1683852 0.9999260716
325 35.01328834 0.9998926596
326 31.69945289 0.9998046274
327 27.66875733 0.999592892
328 23.33090168 0.9991052227
329 18.99531063 0.9980524335
330 14.85840303 0.9959682484
331 11.03334511 0.9922409215
332 7.578983984 0.9862650355
333 4.516826776 0.9776772743
334 1.84050909 0.9665356689
335 -0.4765391943 0.9533132849
336 -2.473163619 0.9387207898
337 -4.193098726 0.9234876189
338 -5.679418154 0.9082133041
339 -6.971256454 0.8933151174
340 -8.102421619 0.8790414727
341 -9.101228924 0.8655121401
342 -9.99096932 0.8527603849
343 -10.79062334 0.840766778
344 -11.51560591 0.8294829303
345 -12.17844292 0.8188468034
346 -12.78934522 0.8087919678
347 -13.35667796 0.7992528549
348 -13.88733642 0.7901675012
349 -14.38704369 0.781478786
350 -14.86058544 0.7731347986
351 -15.31199476 0.7650887295
352 -15.74469792 0.7572985183
353 -16.1616299 0.7497263969
354 -16.56532614 0.7423384029
355 -16.95799595 0.7351039071
356 -17.34158152 0.7279951738
357 -17.71780575 0.7209869635
358 -18.08821113 0.7140561805
359 -18.45419167 0.707181562
360 -18.81701925 0.7003434087
361 -19.17786547 0.6935233494
362 -19.53782001 0.6867041392
363 -19.89790594 0.6798694858
364 -20.25909275 0.673003902
365 -20.62230739 0.6660925801
366 -20.9884436 0.6591212894
367 -21.35836988 0.6520762916
368 -21.73293623 0.6449442756
369 -22.11297982 0.6377123102
370 -22.49932957 0.6303678149
371 -22.89280993 0.6228985473
372 -23.29424362 0.6152926109
373 -23.70445348 0.6075384797
374 -24.12426345 0.5996250447
375 -24.55449842 0.5915416797
376 -24.99598313 0.5832783298
377 -25.44953986 0.5748256219
378 -25.91598501 0.5661749984
379 -26.3961242 0.5573188736
380 -26.8907462 0.5482508124
381 -27.40061533 0.5389657282
382 -27.9264624 0.5294600994
383 -28.4689743 0.5197321968
384 -29.02878226 0.5097823183
385 -29.60644889 0.4996130216
386 -30.20245435 0.4892293449
387 -30.81718198 0.4786390049
388 -31.4509037 0.4678525591
389 -32.103766 0.4568835187
390 -32.77577679 0.445748399
391 -33.4667942 0.4344666953
392 -34.17651762 0.4230607737
393 -34.90448205 0.4115556718
394 -35.65005614 0.3999788046
395 -36.41244446 0.3883595823
396 -37.19069436 0.3767289453
397 -37.9837074 0.3651188339
398 -38.79025532 0.3535616108
399 -39.60899993 0.3420894594
400 -40.43851639 0.3307337846
401 -41.27731896 0.3195246407
402 -42.12388818 0.3084902103
403 -42.9766984 0.2976563563
404 -43.83424458 0.2870462602
405 -44.69506731 0.2766801589
