0 -71.30255915 0.0763203511
1 -71.88157743 0.07399770675
2 -72.44231166 0.07180840264
3 -72.98427173 0.06974730716
4 -73.5070496 0.06780924592
5 -74.01032137 0.06598902456
6 -74.4938729 0.06428138474
7 -74.95754589 0.0626811818
8 -75.40127894 0.0611833096
9 -75.82509267 0.05978273727
10 -76.2290792 0.05847455456
11 -76.61333137 0.05725415646
12 -76.9773534 0.05611871295
13 -77.31527151 0.055078943
14 -77.57770786 0.05425173113
15 -77.37038333 0.05459550531
16 -73.58531818 0.06448194179
17 -42.68531389 0.2166603916
18 33.40365566 0.9947378607
19 37.58370953 0.999928866
20 36.15636325 0.9999123515
21 33.30361223 0.9998539734
22 29.53983555 0.9997105066
23 25.29401413 0.9993729896
24 20.92661366 0.9986205757
25 16.68216219 0.9970683783
26 12.70696678 0.9941587955
27 9.081456874 0.9892570395
28 5.842444909 0.9818615484
29 2.995122835 0.9718293032
30 0.5210326095 0.9594612273
31 -1.614141352 0.9453895444
32 -3.452760207 0.9303596415
33 -5.03873834 0.9150413891
34 -6.413253471 0.899935209
35 -7.612586886 0.885361167
36 -8.667491325 0.8714912752
37 -9.603434859 0.858392806
38 -10.44124044 0.8460664309
39 -11.19783483 0.8344743933
40 -11.88696319 0.8235593142
41 -12.51981086 0.8132558824
42 -13.10551892 0.8034976847
43 -13.65160022 0.7942209244
44 -14.16427035 0.7853662359
45 -14.64870883 0.7768793812
46 -15.1092649 0.768711317
47 -15.5496197 0.7608179302
48 -15.97291438 0.7531596145
49 -16.38185182 0.7457007908
50 -16.77877768 0.7384094244
51 -17.16574547 0.7312565685
52 -17.54456904 0.7242159478
53 -17.91686521 0.7172635852
54 -18.28408866 0.7103774728
55 -18.64756057 0.7035372839
56 -19.00849243 0.6967241227
57 -19.36800585 0.6899203072
58 -19.72714918 0.6831091829
59 -20.08691155 0.6762749635
60 -20.44823474 0.6694025945
61 -20.81202334 0.6624776399
62 -21.17915327 0.6554861885
63 -21.55047917 0.6484147786
64 -21.92684058 0.6412503412
65 -22.30906706 0.6339801605
66 -22.69798245 0.6265918518
67 -23.09440816 0.6190733574
68 -23.49916557 0.6114129608
69 -23.91307755 0.6035993203
70 -24.33696896 0.595621522
71 -24.77166624 0.5874691553
72 -25.21799579 0.5791324094
73 -25.67678127 0.570602193
74 -26.14883963 0.5618702774
75 -26.63497577 0.5529294623
76 -27.13597585 0.5437737637
77 -27.65259902 0.5343986213
78 -28.18556785 0.5248011217
79 -28.73555716 0.5149802334
80 -29.30318168 0.504937045
81 -29.88898246 0.4946749996
82 -30.49341253 0.4842001128
83 -31.11682208 0.4735211641
84 -31.75944365 0.4626498474
85 -32.421378 0.4516008659
86 -33.10258128 0.4403919597
87 -33.80285425 0.4290438527
88 -34.52183422 0.4175801108
89 -35.25899055 0.4060269047
90 -36.0136241 0.3944126782
91 -36.78487133 0.3827677273
92 -37.571713 0.3711237003
93 -38.37298769 0.3595130374
94 -39.18740971 0.3479683706
95 -40.01359091 0.3365219088
96 -40.8500656 0.3252048358
97 -41.69531755 0.3140467463
98 -42.54780808 0.3030751428
99 -43.40600391 0.292315015
100 -44.26840389 0.2817885124
101 -45.13356346 0.2715147205
102 -46.00011609 0.2615095395
103 -46.86679095 0.2517856637
104 -47.73242662 0.2423526509
105 -48.59598042 0.2332170695
106 -49.45653348 0.2243827097
107 -50.3132917 0.2158508424
108 -51.16558286 0.2076205108
109 -52.01285027 0.19968884
110 -52.85464342 0.1920513531
111 -53.6906061 0.1847022811
112 -54.52046239 0.1776348603
113 -55.34400115 0.1708416081
114 -56.16105939 0.1643145742
115 -56.97150494 0.1580455623
116 -57.77521913 0.1520263211
117 -58.57207969 0.1462487034
118 -59.36194456 0.1407047925
119 -60.14463693 0.1353869974
120 -60.91993215 0.1302881173
121 -61.68754682 0.125401378
122 -62.44713055 0.120720442
123 -63.19826064 0.1162393958
124 -63.94043996 0.1119527179
125 -64.67309817 0.1078552317
126 -65.39559611 0.1039420466
127 -66.10723341 0.1002084931
128 -66.80725878 0.09665005527
129 -67.49488271 0.09326230487
130 -68.16929194 0.09004084053
131 -68.82966505 0.08698123499
132 -69.47518867 0.08407899231
133 -70.10507345 0.08132951644
134 -70.71856938 0.07872809143
135 -71.31497978 0.07626987308
136 -71.89364751 0.07394997848
137 -72.4540185 0.07176332876
138 -72.99560446 0.06970478953
139 -73.51799932 0.06776918414
140 -74.02088118 0.0659513166
141 -74.50403794 0.06424592765
142 -74.96731333 0.0626478723
143 -75.41064793 0.06115204475
144 -75.83406425 0.05975341507
145 -76.23765619 0.05844707449
146 -76.62151828 0.05722841988
147 -76.98515628 0.05609462288
148 -77.32269681 0.05505640205
149 -77.5847458 0.05423064546
150 -77.37680947 0.05457599901
151 -73.58860089 0.06446840683
152 -42.66119988 0.2168209104
153 33.41556236 0.9947576045
154 37.58539508 0.999928896
155 36.15727016 0.9999123671
156 33.30451189 0.9998539978
157 29.54086321 0.9997105608
158 25.2951822 0.9993731212
159 20.9279001 0.9986208894
160 16.68353505 0.9970690741
161 12.70839202 0.9941601934
162 9.082902263 0.9892595541
163 5.843883531 0.9818655959
164 2.996535865 0.9718351828
165 0.5224103887 0.9594690515
166 -1.612800254 0.9453992551
167 -3.4514512 0.9303710818
168 -5.037453255 0.9150543775
169 -6.41198255 0.8999495878
170 -7.611320112 0.8853768209
171 -8.666219166 0.8715081322
172 -9.602148608 0.8584108299
173 -10.4399323 0.8460856123
174 -11.19649791 0.8344947417
175 -11.88559133 0.8235808518
176 -12.51839859 0.81327864
177 -13.10406128 0.8035216989
178 -13.65009269 0.7942462359
179 -14.16270872 0.7853928884
180 -14.64708912 0.7769074207
181 -15.10758331 0.7687407918
182 -15.54787251 0.7608488905
183 -15.97109794 0.7531921129
184 -16.37996244 0.7457348821
185 -16.77681165 0.7384451659
186 -17.163699 0.7312940204
187 -17.54243821 0.7242551729
188 -17.91464596 0.7173046498
189 -18.28177676 0.7104204464
190 -18.64515157 0.7035822397
191 -19.00598166 0.6967711376
192 -19.36538839 0.6899694621
193 -19.72441983 0.6831605629
194 -20.08406482 0.6763286577
195 -20.44526482 0.6694586965
196 -20.80892406 0.6625362475
197 -21.17591812 0.6555474037
198 -21.54710126 0.6484787075
199 -21.92331263 0.6413170937
200 -22.30538139 0.6340498501
201 -22.69413098 0.6266645949
202 -23.0903824 0.6191492728
203 -23.49495662 0.6114921688
204 -23.90867613 0.6036819416
205 -24.33236544 0.5957076765
206 -24.76685063 0.5875589605
207 -25.21295781 0.5792259785
208 -25.67151042 0.5706996328
209 -26.14332527 0.5619716858
210 -26.6292072 0.5530349256
211 -27.12994241 0.5438833534
212 -27.64629026 0.5345123905
213 -28.17897367 0.5249191017
214 -28.72866798 0.5151024299
215 -29.29598863 0.5050634342
216 -29.88147764 0.4948055242
217 -30.48558918 0.4843346788
218 -31.10867483 0.4736596376
219 -31.75096877 0.4627920519
220 -32.4125736 0.4517465808
221 -33.09344751 0.4405409197
222 -33.79339348 0.4291957484
223 -34.51205117 0.4177345905
224 -35.24889234 0.4061835779
225 -36.00322032 0.3945711205
226 -36.77417391 0.3829274863
227 -37.56073615 0.3712843029
228 -38.36174767 0.3596739981
229 -39.17592459 0.3481292
230 -40.00188026 0.3366821229
231 -40.83815011 0.3253639644
232 -41.68321867 0.3142043413
233 -42.53554756 0.3032307854
234 -43.39360346 0.2924683219
235 -44.25588478 0.2819391403
236 -45.12094616 0.2716623695
237 -45.98741996 0.2616539548
238 -46.85403401 0.2519266361
239 -47.71962536 0.2424900155
240 -48.58314963 0.2333507039
241 -49.44368625 0.2245125309
242 -50.30043935 0.2159768034
243 -51.15273502 0.2077425962
244 -52.000015 0.1998070619
245 -52.84182733 0.1921657464
246 -53.67781455 0.1848128993
247 -54.5076997 0.1777417711
248 -55.33127087 0.1709448896
249 -56.1483645 0.1644143112
250 -56.95884822 0.1581418431
251 -57.76260334 0.1521192352
252 -58.55950792 0.1463383386
253 -59.34942042 0.1407912337
254 -60.13216483 0.1354703248
255 -60.90751748 0.130368406
256 -61.67519615 0.1254786973
257 -62.43485171 0.1207948554
258 -63.18606284 0.1163109616
259 -63.92833377 0.1120214897
260 -64.66109548 0.1079212591
261 -65.38371007 0.1040053764
262 -66.09547825 0.1002691704
263 -66.79564963 0.09670812458
264 -67.48343537 0.09331781123
265 -68.15802261 0.09009383044
266 -68.81859007 0.08703175725
267 -69.4643242 0.08412709871
268 -70.09443522 0.08137526215
269 -70.70817241 0.0787715353
270 -71.30483813 0.07631107766
271 -71.88377406 0.07398900995
272 -72.4444248 0.0718002566
273 -72.98630056 0.06973968617
274 -73.50899366 0.0678021245
275 -74.01218054 0.06598237753
276 -74.49564743 0.06427518735
277 -74.95923635 0.06267540981
278 -75.40288622 0.06117793936
279 -75.82661798 0.05977774579
280 -76.23052401 0.05846991962
281 -76.6146974 0.0572498566
282 -76.97864257 0.05611472758
283 -77.31648535 0.05507525286
284 -77.57884171 0.05424832652
285 -77.3713674 0.05459248771
286 -73.58545012 0.06448089104
287 -42.67832878 0.216708827
288 33.40643556 0.9947429906
289 37.58400968 0.9999288718
290 36.15646935 0.9999123534
291 33.30370063 0.9998539758
292 29.53995374 0.9997105127
293 25.29418283 0.9993730081
294 20.92683944 0.9986206295
295 16.68244265 0.9970685178
296 12.70729428 0.9941591118
297 9.081821372 0.9892576653
298 5.842836115 0.9818626366
299 2.995531889 0.9718309882
300 0.5214530528 0.9594635938
301 -1.613713354 0.9453926192
302 -3.452326228 0.9303634084
303 -5.038298305 0.9150458102
304 -6.412806268 0.899940243
305 -7.612130842 0.8853667784
306 -8.667024529 0.8714974383
307 -9.602955351 0.8583995051
308 -10.44074631 0.8460736583
309 -11.19732428 0.8344821478
310 -11.88643453 0.8235675997
311 -12.51926249 0.8132647062
312 -13.10494933 0.8035070571
313 -13.65100801 0.7942308576
314 -14.16365413 0.7853767439
315 -14.64806727 0.7768904795
316 -15.10859667 0.7687230225
317 -15.54892348 0.7608302607
318 -15.97218884 0.7531725894
319 -16.3810956 0.7457144305
320 -16.77798937 0.7384237507
321 -17.16492362 0.7312716044
322 -17.54371214 0.7242317178
323 -17.91597168 0.7172801152
324 -18.28315683 0.7103947903
325 -18.64658867 0.7035554179
326 -19.00747862 0.6967431037
327 -19.36694815 0.6899401676
328 -19.7260455 0.683129957
329 -20.08575969 0.6762966871
330 -20.44703235 0.6694253053
331 -20.81076793 0.6625013774
332 -21.1778422 0.6555109941
333 -21.54910966 0.6484406952
334 -21.92540967 0.6412774135
335 -22.30757163 0.6340084345
336 -22.6964192 0.6266213749
337 -23.09277364 0.619104178
338 -23.49745616 0.611445128
339 -23.91128947 0.6036328831
340 -24.33509828 0.5956565295
341 -24.76970887 0.5875056556
342 -25.21594754 0.5791704486
343 -25.67463785 0.570641815
344 -26.14659669 0.5619115223
345 -26.63262893 0.5529723656
346 -27.13352073 0.5438183549
347 -27.65003135 0.5344449224
348 -28.18288348 0.524849146
349 -28.73275215 0.5150299837
350 -29.30025237 0.5049885122
351 -29.88592559 0.4947281609
352 -30.49022531 0.4842549304
353 -31.11350226 0.4735775843
354 -31.75598966 0.4627077988
355 -32.417789 0.4516602592
356 -33.09885728 0.4404526875
357 -33.79899615 0.4291057895
358 -34.51784388 0.4176431138
359 -35.2548708 0.4060908153
360 -36.00937879 0.3944773239
361 -36.78050525 0.382832924
362 -37.56723189 0.3711892554
363 -38.3683981 0.3595787532
364 -39.18271896 0.3480340476
365 -40.00880692 0.3365873497
366 -40.84519676 0.3252698487
367 -41.69037256 0.3141111481
368 -42.54279577 0.3031387624
369 -43.40093311 0.2923776956
370 -44.26328323 0.2818501134
371 -45.12840129 0.2715751189
372 -45.99492027 0.2615686307
373 -46.86156883 0.2518433617
374 -47.72718492 0.2424088875
375 -48.59072518 0.2332717939
376 -49.45127004 0.2244358873
377 -50.30802469 0.2159024532
378 -51.16031621 0.2076705476
379 -52.00758729 0.199737307
380 -52.84938682 0.1920982636
381 -53.68535808 0.1847476563
382 -54.51522475 0.177678727
383 -55.33877535 0.1708839975
384 -56.15584667 0.1643555201
385 -56.96630647 0.1580851001
386 -57.77003608 0.1520644866
387 -58.56691335 0.1462855319
388 -59.35679645 0.1407403179
389 -60.13950889 0.1354212519
390 -60.91482644 0.130321131
391 -61.68246619 0.1254331785
392 -62.44207826 0.1207510547
393 -63.19324052 0.1162688439
394 -63.93545642 0.1119810228
395 -64.66815614 0.1078824131
396 -65.39070106 0.1039681231
397 -66.10239125 0.1002334826
398 -66.8024758 0.09667397557
399 -67.49016548 0.09328517395
400 -68.16464718 0.09006267701
401 -68.82509955 0.08700205847
402 -69.47070915 0.08409882366
403 -70.10068645 0.08134837795
404 -70.71428115 0.07874600693
405 -71.31079617 0.07628686796
