0 -21.87121427 0.6417185879
1 -22.09959444 0.6373826949
2 -22.33390153 0.6329365518
3 -22.57443364 0.6283754056
4 -22.82150508 0.6236943137
5 -23.07544694 0.6188881473
6 -23.33660763 0.613951597
7 -23.60535337 0.6088791833
8 -23.88206856 0.6036652695
9 -24.16715597 0.5983040801
10 -24.46103685 0.5927897248
11 -24.76415073 0.5871162285
12 -25.07695503 0.5812775688
13 -25.39992435 0.575267722
14 -25.73354934 0.5690807177
15 -26.07833519 0.5627107049
16 -26.43479961 0.556152028
17 -26.80347014 0.5493993165
18 -27.18488097 0.5424475859
19 -27.57956888 0.5352923533
20 -27.98806847 0.5279297648
21 -28.41090651 0.5203567371
22 -28.84859544 0.5125711089
23 -29.30162592 0.5045718034
24 -29.7704585 0.4963589965
25 -30.25551456 0.4879342882
26 -30.75716634 0.4793008719
27 -31.27572662 0.4704636955
28 -31.81143789 0.4614296071
29 -32.36446157 0.4522074782
30 -32.93486745 0.442808296
31 -33.52262388 0.4332452152
32 -34.12758898 0.4235335639
33 -34.74950348 0.4136907951
34 -35.3879856 0.4037363788
35 -36.04252827 0.393691634
36 -36.71249921 0.3835794987
37 -37.39714401 0.373424243
38 -38.09559234 0.3632511316
39 -38.80686729 0.3530860461
40 -39.52989773 0.3429550802
41 -40.26353315 0.3328841212
42 -41.00656083 0.3228984365
43 -41.75772441 0.3130222771
44 -42.51574347 0.3032785164
45 -43.27933332 0.2936883339
46 -44.04722426 0.2842709563
47 -44.81817981 0.2750434594
48 -45.59101323 0.2660206368
49 -46.36460196 0.2572149328
50 -47.13789963 0.2486364368
51 -47.90994541 0.2402929344
52 -48.67987069 0.2321900056
53 -49.44690309 0.2243311635
54 -50.21036785 0.216718023
55 -50.96968687 0.2093504916
56 -51.72437558 0.2022269728
57 -52.47403795 0.195344576
58 -53.21835978 0.1886993253
59 -53.95710075 0.1822863625
60 -54.69008526 0.1761001403
61 -55.41719249 0.170134602
62 -56.1383458 0.1643833454
63 -56.85350181 0.1588397712
64 -57.56263924 0.153497212
65 -58.26574784 0.1483490444
66 -58.96281751 0.1433887821
67 -59.65382797 0.1386101527
68 -60.33873903 0.1340071554
69 -61.01748177 0.1295741043
70 -61.68995075 0.1253056541
71 -62.35599764 0.1211968136
72 -63.01542615 0.1172429441
73 -63.66798864 0.1134397474
74 -64.31338448 0.1097832433
75 -64.95126016 0.1062697388
76 -65.58121116 0.1028957909
77 -66.20278566 0.0996581655
78 -66.81548978 0.09655379336
79 -67.41879435 0.09357972585
80 -68.01214286 0.09073309212
81 -68.59496041 0.0880110592
82 -69.1666633 0.08541079642
83 -69.72666895 0.08292944513
84 -70.27440581 0.08056409446
85 -70.80932301 0.07831176345
86 -71.33089943 0.07616938955
87 -71.83865189 0.07413382324
88 -72.33214239 0.07220182829
89 -72.81098417 0.07037008691
90 -73.27484649 0.06863520906
91 -73.72345815 0.06699374502
92 -74.15660971 0.06544220037
93 -74.57415451 0.06397705243
94 -74.97600848 0.06259476763
95 -75.36214898 0.06129181884
96 -75.73261268 0.06006470235
97 -76.08749269 0.05890995387
98 -76.42693507 0.05782416335
99 -76.75113484 0.0568039882
100 -77.06033166 0.05584616498
101 -77.35480524 0.05494751931
102 -77.6348707 0.05410497412
103 -77.90087391 0.05331555614
104 -78.15318682 0.05257640099
105 -78.39220309 0.05188475661
106 -78.61833376 0.05123798554
107 -78.83200327 0.05063356587
108 -79.03364574 0.05006909129
109 -79.22370151 0.04954227015
110 -79.402614 0.04905092379
111 -79.57082694 0.04859298422
112 -79.72878183 0.04816649134
113 -79.87691574 0.04776958971
114 -80.01565939 0.04740052501
115 -80.14543553 0.04705764025
116 -80.26665753 0.04673937192
117 -80.37972826 0.04644424589
118 -80.48503911 0.04617087344
119 -80.58296931 0.04591794712
120 -80.67388535 0.0456842368
121 -80.7581406 0.04546858568
122 -80.83607503 0.04526990644
123 -80.9080151 0.04508717751
124 -80.97427371 0.04491943943
125 -81.03515033 0.04476579134
126 -81.09093108 0.04462538767
127 -81.14188897 0.04449743491
128 -81.18828419 0.04438118852
129 -81.23036438 0.04427595009
130 -81.26836504 0.04418106451
131 -81.30250985 0.04409591738
132 -81.3330111 0.04401993251
133 -81.36007011 0.0439525696
134 -81.38387763 0.043893322
135 -81.40461429 0.04384171461
136 -81.42245101 0.04379730196
137 -81.43754945 0.04375966632
138 -81.45006243 0.04372841599
139 -81.4601343 0.04370318361
140 -81.46790142 0.04368362472
141 -81.47349251 0.04366941621
142 -81.47702903 0.04366025506
143 -81.47862556 0.04365585701
144 -81.47839018 0.04365595542
145 -81.47642478 0.04366030013
146 -81.47282542 0.04366865643
147 -81.46768261 0.04368080407
148 -81.46108166 0.04369653636
149 -81.45310291 0.04371565934
150 -81.44382207 0.04373799093
151 -81.43331042 0.0437633602
152 -81.42163511 0.04379160671
153 -81.40885936 0.0438225798
154 -81.39504269 0.043856138
155 -81.38024115 0.04389214847
156 -81.36450749 0.04393048644
157 -81.34789139 0.04397103473
158 -81.33043958 0.04401368328
159 -81.31219607 0.04405832868
160 -81.29320229 0.04410487381
161 -81.2734972 0.04415322741
162 -81.25311749 0.04420330375
163 -81.23209768 0.0442550223
164 -81.21047025 0.04430830738
165 -81.18826578 0.04436308789
166 -81.16551302 0.04441929705
167 -81.14223903 0.04447687211
168 -81.11846926 0.04453575414
169 -81.09422767 0.04459588776
170 -81.06953676 0.04465722099
171 -81.04441773 0.04471970501
172 -81.01889048 0.04478329397
173 -80.99297375 0.04484794486
174 -80.96668512 0.0449136173
175 -80.94004116 0.04498027342
176 -80.91305739 0.0450478777
177 -80.88574843 0.04511639684
178 -80.85812797 0.04518579965
179 -80.83020889 0.04525605691
180 -80.80200327 0.04532714128
181 -80.77352243 0.04539902719
182 -80.744777 0.04547169073
183 -80.71577692 0.04554510959
184 -80.68653152 0.04561926295
185 -80.65704952 0.04569413142
186 -80.62733907 0.04576969694
187 -80.59740778 0.04584594274
188 -80.56726277 0.04592285327
189 -80.53691067 0.04600041411
190 -80.50635765 0.04607861194
191 -80.47560945 0.0461574345
192 -80.44467139 0.04623687051
193 -80.41354842 0.04631690962
194 -80.3822451 0.0463975424
195 -80.35076564 0.04647876028
196 -80.31911392 0.04656055552
197 -80.2872935 0.04664292115
198 -80.25530762 0.04672585098
199 -80.22315918 0.04680933962
200 -80.19085046 0.0468933832
201 -80.15837984 0.04697798617
202 -80.12571167 0.04706322601
203 -80.09249099 0.04714986494
204 -80.05535251 0.0472451316
205 -79.98254014 0.04741741094
206 -79.57469439 0.04831889774
207 -76.01812887 0.0566878814
208 -43.73871417 0.2021071528
209 36.08643992 0.9963991791
210 38.6443321 0.9999423651
211 37.58508652 0.9999322396
212 35.53945191 0.9999021859
213 32.74489034 0.9998370764
214 29.48406504 0.9997034435
215 26.03160624 0.9994413295
216 22.58406533 0.9989532019
217 19.26071577 0.9980960453
218 16.12906633 0.9966839568
219 13.22671633 0.994509091
220 10.57377756 0.991383123
221 8.178485651 0.9871892618
222 6.039554427 0.9819237924
223 4.147658569 0.9757069847
224 2.487117121 0.9687581888
225 1.037924659 0.9613479602
226 -0.2221614655 0.9537478671
227 -1.315817487 0.9461936159
228 -2.264826428 0.9388666671
229 -3.089252796 0.9318913981
230 -3.807036555 0.9253417639
231 -4.433886885 0.9192519279
232 -4.98336355 0.9136272316
233 -5.467059518 0.9084536822
234 -5.894826247 0.9037053693
235 -6.275005817 0.8993498732
236 -6.614650216 0.8953520005
237 -6.91971849 0.891676239
238 -7.195248723 0.8882882853
239 -7.445505198 0.8851559261
240 -7.674102811 0.8822494861
241 -7.884111476 0.8795419935
242 -8.078143336 0.8770091686
243 -8.258425493 0.8746293064
244 -8.426860593 0.8723831024
245 -8.585077336 0.8702534498
246 -8.734472638 0.8682252296
247 -8.876246881 0.866285105
248 -9.011433441 0.8644213264
249 -9.140923491 0.8626235507
250 -9.265486876 0.8608826776
251 -9.385789717 0.8591907012
252 -9.502409309 0.8575405779
253 -9.615846739 0.8559261091
254 -9.726537617 0.8543418371
255 -9.834861197 0.8527829537
256 -9.941148173 0.8512452195
257 -10.04568733 0.8497248933
258 -10.14873124 0.84821867
259 -10.25050118 0.8467236263
260 -10.35119128 0.8452371732
261 -10.45097219 0.8437570142
262 -10.54999418 0.8422811089
263 -10.6483898 0.840807641
264 -10.74627626 0.8393349906
265 -10.84375739 0.8378617093
266 -10.94092542 0.8363864993
267 -11.03786246 0.834908194
268 -11.13464185 0.8334257419
269 -11.23132926 0.8319381922
270 -11.32798373 0.8304446814
271 -11.4246585 0.8289444232
272 -11.52140178 0.8274366977
273 -11.61825741 0.8259208432
274 -11.71526546 0.8243962485
275 -11.8124627 0.8228623459
276 -11.90988306 0.8213186057
277 -12.00755804 0.8197645305
278 -12.10551703 0.8181996507
279 -12.20378761 0.8166235202
280 -12.30239585 0.8150357128
281 -12.40136653 0.8134358188
282 -12.50072333 0.8118234421
283 -12.60048905 0.8101981974
284 -12.70068576 0.8085597079
285 -12.80133497 0.806907603
286 -12.90245774 0.8052415165
287 -13.00407482 0.8035610846
288 -13.10620674 0.8018659441
289 -13.20887396 0.8001557313
290 -13.31209691 0.7984300801
291 -13.41589609 0.7966886211
292 -13.52029217 0.7949309797
293 -13.62530607 0.7931567756
294 -13.73095898 0.7913656213
295 -13.83727248 0.7895571206
296 -13.9442686 0.7877308685
297 -14.05196984 0.7858864491
298 -14.1603993 0.7840234353
299 -14.26958068 0.7821413872
300 -14.37953836 0.7802398516
301 -14.49029747 0.7783183606
302 -14.60188395 0.7763764305
303 -14.7143246 0.774413561
304 -14.82764714 0.7724292339
305 -14.94188028 0.7704229119
306 -15.0570538 0.7683940378
307 -15.17319859 0.7663420328
308 -15.29034674 0.7642662955
309 -15.40853161 0.7621662007
310 -15.52778789 0.7600410978
311 -15.64815172 0.7578903094
312 -15.76966071 0.7557131301
313 -15.89235411 0.7535088245
314 -16.01627282 0.7512766257
315 -16.14145955 0.7490157339
316 -16.26795891 0.7467253139
317 -16.39581748 0.7444044939
318 -16.52508399 0.7420523629
319 -16.65580941 0.7396679688
320 -16.78804706 0.7372503161
321 -16.92185279 0.7347983635
322 -17.05728513 0.7323110213
323 -17.19440539 0.7297871489
324 -17.33327791 0.7272255517
325 -17.47397015 0.7246249784
326 -17.61655298 0.7219841177
327 -17.76110077 0.7193015947
328 -17.90769172 0.7165759681
329 -18.05640799 0.7138057256
330 -18.20733602 0.7109892809
331 -18.36056674 0.7081249686
332 -18.51619586 0.7052110408
333 -18.67432419 0.702245662
334 -18.83505793 0.6992269044
335 -18.99850898 0.6961527431
336 -19.16479536 0.6930210506
337 -19.33404153 0.6898295917
338 -19.50637879 0.6865760176
339 -19.68194576 0.6832578601
340 -19.86088875 0.6798725258
341 -20.04336228 0.6764172895
342 -20.22952958 0.6728892883
343 -20.41956308 0.6692855148
344 -20.61364501 0.6656028112
345 -20.81196791 0.6618378626
346 -21.01473531 0.6579871908
347 -21.22216226 0.6540471482
348 -21.43447605 0.6500139124
349 -21.65191684 0.6458834811
350 -21.87473831 0.6416516675
351 -22.10320838 0.6373140968
352 -22.33760984 0.6328662042
353 -22.57824105 0.6283032339
354 -22.82541656 0.6236202407
355 -23.0794677 0.6188120927
356 -23.34074318 0.6138734782
357 -23.60960947 0.6087989152
358 -23.88645125 0.6035827648
359 -24.17167157 0.5982192498
360 -24.46569194 0.5927024785
361 -24.76895218 0.587026475
362 -25.08190996 0.5811852168
363 -25.40504011 0.5751726808
364 -25.73883352 0.5689828981
365 -26.08379557 0.5626100205
366 -26.44044411 0.5560483965
367 -26.80930681 0.549292661
368 -27.1909179 0.5423378367
369 -27.58581414 0.5351794497
370 -27.99453003 0.5278136574
371 -28.41759216 0.5202373897
372 -28.85551266 0.5124485013
373 -29.30878175 0.5044459336
374 -29.77785946 0.4962298836
375 -30.26316643 0.4878019746
376 -30.76507407 0.4791654262
377 -31.28389412 0.4703252144
378 -31.81986791 0.4612882177
379 -32.3731555 0.4520633395
380 -32.9438252 0.4426615996
381 -33.53184371 0.4330961861
382 -34.13706742 0.4233824598
383 -34.75923522 0.4135379049
384 -35.39796342 0.4035820206
385 -36.05274308 0.3935361519
386 -36.72294003 0.3834232585
387 -37.40779808 0.3732676274
388 -38.10644522 0.3630945347
389 -38.81790306 0.3529298674
390 -39.54109919 0.3427997179
391 -40.27488207 0.3327299663
392 -41.01803823 0.3227458662
393 -41.76931084 0.3128716493
394 -42.52741934 0.3031301645
395 -43.29107916 0.2935425627
396 -44.05902104 0.2841280384
397 -44.83000917 0.2749036329
398 -45.60285774 0.2658841041
399 -46.3764453 0.2570818599
400 -47.14972673 0.2485069541
401 -47.92174259 0.2401671378
402 -48.69162574 0.2320679583
403 -49.45860529 0.2242128987
404 -50.22200796 0.2166035467
405 -50.98125711 0.2092397856
406 -51.73586955 0.2021199978
407 -52.48545055 0.195241275
408 -53.22968709 0.1885996268
409 -53.96833988 0.1821901833
410 -54.70123423 0.1760073886
411 -55.42825002 0.1700451798
412 -56.14931122 0.1642971511
413 -56.86437484 0.1587567014
414 -57.57341981 0.1534171636
415 -58.27643594 0.1482719158
416 -58.97341304 0.1433144751
417 -59.66433057 0.1385385727
418 -60.34914795 0.1339382128
419 -61.02779571 0.1295077144
420 -61.70016782 0.125241738
421 -62.3661152 0.1211352978
422 -63.02544079 0.1171837605
423 -63.67789613 0.1133828332
424 -64.32317979 0.1097285402
425 -64.96093741 0.1062171926
426 -65.59076375 0.1028453512
427 -66.21220627 0.09960978461
428 -66.8247705 0.09650742572
429 -67.42792678 0.09353532742
430 -68.02111827 0.0906906197
431 -68.60376985 0.08797046986
432 -69.17529778 0.08537204696
433 -69.73511956 0.08289249169
434 -70.28266391 0.08052889219
435 -70.81738036 0.07827826627
436 -71.33874829 0.07613755005
437 -71.8462852 0.07410359264
438 -72.33955382 0.07217315646
439 -72.81816822 0.07034292251
440 -73.28179857 0.06860949973
441 -73.73017459 0.06696943757
442 -74.16308783 0.06541924103
443 -74.58039257 0.06395538713
444 -74.98200571 0.06257434224
445 -75.36790554 0.06127257947
446 -75.73812961 0.06004659558
447 -76.09277188 0.05889292702
448 -76.43197919 0.05780816465
449 -76.75594728 0.05678896703
450 -77.06491645 0.05583207201
451 -77.35916699 0.05493430665
452 -77.63901454 0.0540925954
453 -77.90480537 0.05330396666
454 -78.15691183 0.05256555773
455 -78.39572786 0.0518746183
456 -78.62166472 0.05122851267
457 -78.83514705 0.05062472073
458 -79.03660907 0.05006083793
459 -79.22649119 0.04953457435
460 -79.40523686 0.04904375305
461 -79.57328979 0.04858630774
462 -79.73109142 0.04816027993
463 -79.87907874 0.04776381576
464 -80.01768235 0.04739516244
465 -80.14732488 0.04705266444
466 -80.26841953 0.04673475964
467 -80.381369 0.04643997527
468 -80.4865645 0.04616692386
469 -80.58438507 0.04591429921
470 -80.67519701 0.0456808723
471 -80.75935347 0.04546548746
472 -80.83719421 0.04526705839
473 -80.90904548 0.04508456451
474 -80.97522 0.04491704726
475 -81.036017 0.04476360668
476 -81.09172241 0.044623398
477 -81.14260904 0.04449562848
478 -81.18893688 0.04437955433
479 -81.2309534 0.04427447781
480 -81.26889389 0.04417974445
481 -81.30298186 0.04409474046
482 -81.33342944 0.04401889022
483 -81.36043778 0.04395165395
484 -81.38419746 0.0438925255
485 -81.40488896 0.04384103025
486 -81.42268307 0.04379672315
487 -81.4377413 0.0437591869
488 -81.45021633 0.04372803017
489 -81.4602524 0.04370288598
490 -81.46798574 0.04368341018
491 -81.47354495 0.04366928
492 -81.47705139 0.0436601927
493 -81.47861955 0.04365586432
494 -81.47835739 0.04365602846
495 -81.47636672 0.04366043521
496 -81.47274351 0.04366885008
497 -81.46757819 0.04368105305
498 -81.46095598 0.04369683764
499 -81.45295717 0.04371601005
500 -81.44365738 0.04373838838
501 -81.43312784 0.04376380188
502 -81.42143563 0.04379209026
503 -81.40864391 0.043823103
504 -81.39481214 0.04385669877
505 -81.37999633 0.04389274485
506 -81.36424918 0.0439311166
507 -81.34762031 0.04397169696
508 -81.33015643 0.04401437594
509 -81.3119015 0.04405905027
510 -81.29289689 0.04410562289
511 -81.27318156 0.04415400265
512 -81.25279214 0.04420410389
513 -81.23176313 0.04425584616
514 -81.21012698 0.04430915385
515 -81.18791423 0.04436395593
516 -81.16515361 0.04442018569
517 -81.14187216 0.04447778042
518 -81.1180953 0.04453668126
519 -81.09384697 0.04459683289
520 -81.06914965 0.04465818337
521 -81.04402452 0.04472068392
522 -81.01849146 0.04478428875
523 -80.99256919 0.04484895489
524 -80.96627528 0.04491464198
525 -80.93962627 0.04498131221
