0 -59.54028223 0.1393952003
1 -60.23591436 0.1346991899
2 -60.92590306 0.1301743926
3 -61.61015489 0.1258154914
4 -62.28852715 0.1216175559
5 -62.96082136 0.117576045
6 -63.62677851 0.1136867952
7 -64.28607625 0.1099459973
8 -64.93832823 0.1063501629
9 -65.5830855 0.1028960817
10 -66.21984018 0.09958077351
11 -66.84803117 0.09640143657
12 -67.46705175 0.09335539415
13 -68.07625887 0.0904400424
14 -68.67498375 0.08765280126
15 -69.26254342 0.08499107031
16 -69.83825287 0.08245219096
17 -70.4014372 0.08003341611
18 -70.95144365 0.0777318877
19 -71.48765281 0.07554462246
20 -72.00948891 0.07346850543
21 -72.51642885 0.07150029069
22 -73.00800973 0.06963660858
23 -73.48383483 0.06787397803
24 -73.94357789 0.06620882331
25 -74.38698583 0.06463749355
26 -74.81387985 0.0631562844
27 -75.22415511 0.06176146044
28 -75.61777911 0.06044927767
29 -75.99478892 0.05921600527
30 -76.35528749 0.0580579461
31 -76.69943921 0.05697145544
32 -77.02746489 0.05595295772
33 -77.33963636 0.05499896112
34 -77.63627085 0.05410606992
35 -77.91772527 0.05327099459
36 -78.1843905 0.05249055984
37 -78.43668593 0.05176171062
38 -78.67505405 0.05108151632
39 -78.89995549 0.05044717334
40 -79.11186431 0.04985600623
41 -79.31126369 0.0493054675
42 -79.49864196 0.04879313649
43 -79.67448908 0.04831671724
44 -79.83929353 0.04787403569
45 -79.99353948 0.04746303627
46 -80.13770444 0.04708177808
47 -80.2722572 0.04672843067
48 -80.39765609 0.04640126963
49 -80.5143476 0.04609867201
50 -80.62276518 0.04581911167
51 -80.7233284 0.04556115458
52 -80.81644224 0.04532345419
53 -80.90249661 0.04510474684
54 -80.98186607 0.04490384729
55 -81.05490969 0.04471964433
56 -81.121971 0.04455109662
57 -81.18337811 0.0443972286
58 -81.23944392 0.04425712662
59 -81.29046634 0.04412993523
60 -81.33672867 0.0440148536
61 -81.37849997 0.04391113224
62 -81.41603548 0.04381806973
63 -81.44957713 0.04373500975
64 -81.47935395 0.04366133823
65 -81.50558261 0.04359648066
66 -81.52846795 0.04353989954
67 -81.54820345 0.04349109204
68 -81.56497173 0.04344958772
69 -81.57894513 0.04341494647
70 -81.59028612 0.04338675653
71 -81.59914783 0.04336463263
72 -81.60567455 0.04334821428
73 -81.61000212 0.04333716417
74 -81.61225844 0.04333116662
75 -81.61256377 0.04332992632
76 -81.61103073 0.04333316801
77 -81.60776007 0.04334064428
78 -81.60280047 0.04335221564
79 -81.59578406 0.04336857885
80 -81.5826514 0.04339781821
81 -81.52624267 0.04351436065
82 -81.09229289 0.04439621391
83 -77.28651446 0.0527837744
84 -44.12205723 0.1977986192
85 36.12632435 0.9964087755
86 38.55515269 0.9999415295
87 37.34933048 0.9999294138
88 35.06351418 0.9998936471
89 31.93936174 0.9998120751
90 28.29580206 0.999633794
91 24.4487161 0.9992608938
92 20.62672185 0.9985250826
93 16.970282 0.9971723513
94 13.55965333 0.9948751737
95 10.4386396 0.9912898417
96 7.627743725 0.9861541479
97 5.130276731 0.9793856516
98 2.935837535 0.9711260124
99 1.023661908 0.961705647
100 -0.6336218001 0.9515525198
101 -2.06633289 0.9410943385
102 -3.304790303 0.9306910149
103 -4.377353481 0.9206065816
104 -5.309384967 0.9110107624
105 -6.122896491 0.9019956464
106 -6.836621161 0.8935963761
107 -7.466308514 0.8858098969
108 -8.025107775 0.8786096232
109 -8.523961257 0.871955927
110 -8.971968399 0.865803173
111 -9.376704315 0.8601041867
112 -9.744489565 0.8548129364
113 -10.08061418 0.8498860267
114 -10.38952152 0.8452834305
115 -10.67495823 0.8409687494
116 -10.94009612 0.8369091947
117 -11.18763126 0.8330754104
118 -11.41986449 0.8294412173
119 -11.63876715 0.825983324
120 -11.84603471 0.8226810342
121 -12.04313086 0.8195159644
122 -12.23132372 0.8164717822
123 -12.41171581 0.8135339673
124 -12.58526898 0.8106895969
125 -12.75282506 0.807927155
126 -12.91512325 0.8052363627
127 -13.07281468 0.8026080295
128 -13.22647466 0.800033922
129 -13.37661312 0.7975066488
130 -13.52368341 0.7950195594
131 -13.66808984 0.7925666557
132 -13.8101941 0.7901425141
133 -13.95032082 0.7877422172
134 -14.08876231 0.7853612936
135 -14.22578269 0.7829956649
136 -14.3616214 0.7806415995
137 -14.49649638 0.7782956705
138 -14.63060669 0.7759547201
139 -14.76413493 0.7736158266
140 -14.89724928 0.7712762759
141 -15.03010532 0.768933536
142 -15.16284766 0.7665852339
143 -15.29561136 0.7642291352
144 -15.42852317 0.7618631257
145 -15.5617027 0.7594851947
146 -15.6952634 0.7570934204
147 -15.82931348 0.7546859558
148 -15.96395674 0.7522610166
149 -16.0992933 0.7498168697
150 -16.23542029 0.7473518229
151 -16.37243247 0.7448642151
152 -16.51042281 0.7423524073
153 -16.64948303 0.7398147746
154 -16.78970408 0.7372496975
155 -16.93117663 0.7346555552
156 -17.07399152 0.7320307181
157 -17.21824015 0.729373541
158 -17.36401496 0.7266823564
159 -17.51140977 0.723955468
160 -17.66052018 0.7211911449
161 -17.81144399 0.7183876146
162 -17.96428157 0.7155430575
163 -18.11913621 0.7126556006
164 -18.27611457 0.7097233109
165 -18.43532701 0.7067441902
166 -18.59688802 0.7037161677
167 -18.76091664 0.7006370948
168 -18.92753687 0.697504738
169 -19.09687808 0.6943167727
170 -19.26907548 0.6910707765
171 -19.4442706 0.6877642228
172 -19.62261174 0.6843944737
173 -19.80425449 0.6809587732
174 -19.98936224 0.6774542406
175 -20.17810673 0.673877863
176 -20.3706686 0.6702264891
177 -20.56723799 0.6664968215
178 -20.76801511 0.662685411
179 -20.97321091 0.6587886492
180 -21.18304766 0.6548027632
181 -21.39775962 0.6507238096
182 -21.61759373 0.6465476698
183 -21.84281021 0.6422700458
184 -22.07368328 0.6378864579
185 -22.31050174 0.6333922424
186 -22.55356968 0.6287825527
187 -22.80320695 0.6240523615
188 -23.05974981 0.6191964656
189 -23.3235513 0.6142094948
190 -23.59498162 0.6090859231
191 -23.87442841 0.6038200853
192 -24.16229677 0.5984061986
193 -24.45900917 0.5928383896
194 -24.76500509 0.5871107284
195 -25.08074042 0.5812172703
196 -25.40668641 0.575152106
197 -25.7433284 0.5689094217
198 -26.09116391 0.5624835686
199 -26.45070036 0.555869145
200 -26.8224521 0.549061089
201 -27.20693687 0.5420547839
202 -27.60467148 0.5348461762
203 -28.01616678 0.5274319047
204 -28.44192183 0.5198094414
205 -28.8824172 0.5119772409
206 -29.33810758 0.5039348978
207 -29.80941347 0.495683307
208 -30.29671234 0.4872248239
209 -30.80032916 0.478563419
210 -31.32052654 0.4697048208
211 -31.85749475 0.4606566406
212 -32.41134193 0.4514284711
213 -32.98208466 0.4420319528
214 -33.56963945 0.4324807988
215 -34.17381549 0.4227907741
216 -34.79430894 0.4129796218
217 -35.4306993 0.4030669348
218 -36.08244817 0.3930739708
219 -36.74890056 0.3830234125
220 -37.42928903 0.3729390792
221 -38.12274066 0.362845594
222 -38.82828687 0.3527680213
223 -39.54487565 0.3427314819
224 -40.2713862 0.3327607644
225 -41.00664521 0.3228799426
226 -41.74944449 0.3131120159
227 -42.49855913 0.3034785842
228 -43.25276585 0.2939995669
229 -44.01086064 0.2846929755
230 -44.77167547 0.2755747442
231 -45.53409326 0.2666586192
232 -46.29706104 0.2579561085
233 -47.05960078 0.2494764855
234 -47.82081795 0.2412268436
235 -48.57990751 0.2332121937
236 -49.33615758 0.2254355967
237 -50.08895072 0.2178983235
238 -50.83776302 0.2106000346
239 -51.58216128 0.2035389712
240 -52.32179832 0.1967121522
241 -53.05640679 0.1901155708
242 -53.78579165 0.1837443862
243 -54.50982152 0.1775931064
244 -55.22841909 0.1716557605
245 -55.94155091 0.1659260559
246 -56.64921653 0.160397522
247 -57.35143746 0.1550636376
248 -58.04824583 0.1499179409
249 -58.73967328 0.1449541244
250 -59.42573997 0.1401661123
251 -60.10644423 0.1355481213
252 -60.7817528 0.131094706
253 -61.45159215 0.1268007881
254 -62.11584098 0.1226616711
255 -62.77432413 0.1186730409
256 -63.42680817 0.1148309539
257 -64.07299884 0.1111318131
258 -64.71254035 0.1075723357
259 -65.34501681 0.1041495116
260 -65.96995556 0.1008605573
261 -66.58683247 0.09770286546
262 -67.19507895 0.09467395417
263 -67.79409055 0.09177141615
264 -68.38323669 0.08899287143
265 -68.96187137 0.0863359245
266 -69.52934431 0.08379812723
267 -70.08501229 0.08137694893
268 -70.6282502 0.07906975369
269 -71.15846156 0.07687378546
270 -71.67508817 0.07478616047
271 -72.17761856 0.07280386655
272 -72.66559527 0.07092376855
273 -73.13862061 0.06914261889
274 -73.59636098 0.06745707229
275 -74.03854976 0.06586370344
276 -74.46498871 0.06435902682
277 -74.8755481 0.06293951753
278 -75.27016561 0.06160163238
279 -75.64884419 0.06034183052
280 -76.01164904 0.05915659302
281 -76.35870385 0.05804244104
282 -76.69018645 0.05699595219
283 -77.00632414 0.05601377501
284 -77.30738867 0.05509264133
285 -77.59369112 0.05422937669
286 -77.8655768 0.05342090875
287 -78.12342018 0.05266427378
288 -78.36762001 0.05195662146
289 -78.59859464 0.05129521813
290 -78.81677763 0.05067744858
291 -79.02261371 0.05010081661
292 -79.21655494 0.04956294459
293 -79.39905738 0.04906157208
294 -79.57057796 0.04859455368
295 -79.73157175 0.0481598564
296 -79.88248915 0.04775555726
297 -80.02377066 0.04737984657
298 -80.15581713 0.04703108399
299 -80.27874465 0.04670831342
300 -80.39026065 0.04641575795
301 -80.46716665 0.04620186258
302 -80.30426152 0.04650088139
303 -78.11437135 0.05132761006
304 -58.59483501 0.117195689
305 30.85623061 0.9702568314
306 38.37337637 0.9999341071
307 37.44414591 0.9999304621
308 35.19706825 0.9998962944
309 31.99469472 0.999814471
310 28.17733538 0.9996273548
311 24.09987663 0.9992168559
312 20.02975845 0.9983689997
313 16.13526549 0.9967480601
314 12.51346755 0.9939129174
315 9.216677318 0.9894056507
316 6.26763732 0.9829012832
317 3.667052057 0.9743463756
318 1.398606732 0.9639988688
319 -0.5658941488 0.9523456601
320 -2.261145807 0.939956525
321 -3.723631681 0.9273545569
322 -4.988274464 0.9149451752
323 -6.086541573 0.9030008246
324 -7.045694687 0.8916785333
325 -7.888768861 0.8810490179
326 -8.634935304 0.8711248679
327 -9.300017267 0.8618829084
328 -9.897027592 0.8532800917
329 -10.43666377 0.8452639844
330 -10.92773578 0.83777929
