0 -37.17929459 0.37666954
1 -37.88537393 0.3663243307
2 -38.60421509 0.3559911638
3 -39.33477007 0.3456960539
4 -40.07591136 0.3354648167
5 -40.82644861 0.3253226586
6 -41.58514674 0.315293784
7 -42.35074515 0.3054010352
8 -43.12197724 0.2956655752
9 -43.89758959 0.2861066267
10 -44.6763602 0.2767412703
11 -45.45711521 0.267584308
12 -46.2387436 0.2586481909
13 -47.02020959 0.2499430084
14 -47.80056247 0.2414765336
15 -48.57894374 0.2332543178
16 -49.3545916 0.2252798258
17 -50.12684277 0.2175546027
18 -50.89513196 0.210078464
19 -51.65898899 0.2028497005
20 -52.41803397 0.1958652897
21 -53.17197067 0.1891211083
22 -53.92057842 0.1826121396
23 -54.66370275 0.1763326717
24 -55.40124493 0.1702764828
25 -56.13315091 0.1644370123
26 -56.85939947 0.1588075145
27 -57.57999027 0.1533811944
28 -58.29493163 0.1481513257
29 -59.00422853 0.1431113498
30 -59.70787097 0.1382549565
31 -60.40582294 0.1335761459
32 -61.09801233 0.1290692728
33 -61.78432202 0.1247290747
34 -62.46458231 0.1205506824
35 -63.13856517 0.1165296164
36 -63.8059803 0.1126617704
37 -64.46647328 0.1089433817
38 -65.11962592 0.1053709932
39 -65.7649588 0.1019414072
40 -66.40193597 0.09865163452
41 -67.02997174 0.09549884112
42 -67.64843915 0.09248029407
43 -68.25668012 0.08959331027
44 -68.85401658 0.08683520905
45 -69.43976245 0.08420327067
46 -70.01323594 0.08169470199
47 -70.57377168 0.07930660997
48 -71.12073243 0.07703598346
49 -71.65351986 0.07487968309
50 -72.17158423 0.07283443886
51 -72.67443266 0.07089685454
52 -73.16163584 0.06906341803
53 -73.63283314 0.06733051636
54 -74.08773604 0.06569445438
55 -74.52612997 0.06415147574
56 -74.94787465 0.06269778529
57 -75.35290307 0.06132957182
58 -75.74121921 0.06004303037
59 -76.11289477 0.05883438346
60 -76.46806508 0.05769990077
61 -76.80692435 0.05663591678
62 -77.1297204 0.05563884644
63 -77.43674917 0.05470519842
64 -77.72834903 0.05383158618
65 -78.00489509 0.05301473691
66 -78.26679358 0.05225149825
67 -78.51447646 0.05153884322
68 -78.74839625 0.05087387338
69 -78.96902119 0.05025382046
70 -79.17683074 0.04967604662
71 -79.37231148 0.04913804358
72 -79.55595338 0.04863743082
73 -79.72824647 0.0481719529
74 -79.88967788 0.04773947623
75 -80.04072932 0.04733798526
76 -80.18187479 0.04696557835
77 -80.31357877 0.04662046331
78 -80.43629462 0.0463009528
79 -80.5504633 0.04600545961
80 -80.65651235 0.04573249188
81 -80.75485511 0.04548064835
82 -80.84589014 0.0452486137
83 -80.93000083 0.04503515394
84 -81.00755519 0.0448391119
85 -81.07890573 0.04465940292
86 -81.14438951 0.04449501069
87 -81.20432831 0.04434498319
88 -81.25902882 0.0442084289
89 -81.30878293 0.04408451311
90 -81.35386815 0.04397245443
91 -81.39454794 0.04387152155
92 -81.43107219 0.04378103002
93 -81.46367768 0.04370033939
94 -81.49258858 0.04362885037
95 -81.51801693 0.04356600221
96 -81.54016316 0.04351127024
97 -81.55921658 0.04346416353
98 -81.57535592 0.04342422276
99 -81.5887498 0.04339101811
100 -81.59955721 0.04336414737
101 -81.60792803 0.04334323416
102 -81.61400346 0.04332792622
103 -81.61791649 0.04331789387
104 -81.61979232 0.0433128285
105 -81.61974882 0.04331244121
106 -81.61789686 0.04331646153
107 -81.61434076 0.04332463623
108 -81.60917862 0.0433367282
109 -81.60250249 0.04335251576
110 -81.59439734 0.04337179443
111 -81.58492862 0.04339440154
112 -81.57402803 0.04342044451
113 -81.56046151 0.04345236727
114 -81.53252776 0.04351359746
115 -81.38426041 0.04381743757
116 -80.16135644 0.04635158898
117 -69.34204558 0.07478586289
118 14.0935088 0.779868807
119 38.42128779 0.9998890564
120 38.14689254 0.9999384855
121 36.40250332 0.9999164513
122 33.70204077 0.9998637607
123 30.31223795 0.9997467641
124 26.56417396 0.9994970914
125 22.73350518 0.9989904538
126 19.0019057 0.9980260906
127 15.47624817 0.9963218226
128 12.21645095 0.9935441317
129 9.253956159 0.9893828236
130 6.600862165 0.9836509678
131 4.254232762 0.9763620525
132 2.199178688 0.9677398488
133 0.4122371344 0.9581569293
134 -1.134978585 0.9480390117
135 -2.472473476 0.9377803811
136 -3.629393637 0.9276946871
137 -4.632500051 0.9180009232
138 -5.50544703 0.9088321528
139 -6.268619526 0.9002539755
140 -6.939299533 0.8922841347
141 -7.531992486 0.8849091867
142 -8.058806688 0.8780970889
143 -8.529826184 0.8718060012
144 -8.953448488 0.8659900874
145 -9.336676766 0.8606031415
146 -9.685365819 0.8556007197
147 -10.00442578 0.8509412906
148 -10.2979892 0.84658676
149 -10.56954732 0.8425026131
150 -10.82206109 0.8386578324
151 -11.05805148 0.8350246925
152 -11.27967312 0.8315784951
153 -11.48877452 0.8282972835
154 -11.68694731 0.8251615575
155 -11.87556685 0.8221540045
156 -12.05582568 0.8192592491
157 -12.22876125 0.8164636273
158 -12.39527902 0.8137549833
159 -12.55617169 0.8111224895
160 -12.71213541 0.8085564866
161 -12.86378331 0.8060483432
162 -13.01165708 0.8035903322
163 -13.15623661 0.8011755219
164 -13.29794836 0.7987976813
165 -13.43717239 0.7964511959
166 -13.57424844 0.7941309947
167 -13.70948112 0.7918324855
168 -13.84314441 0.7895514981
169 -13.97548557 0.7872842346
170 -14.10672843 0.7850272248
171 -14.23707641 0.782777288
172 -14.36671498 0.780531498
173 -14.49581396 0.7782871528
174 -14.62452945 0.7760417474
175 -14.75300556 0.7737929499
176 -14.8813759 0.7715385797
177 -15.00976498 0.7692765882
178 -15.13828934 0.7670050421
179 -15.26705866 0.7647221069
180 -15.39617669 0.762426034
181 -15.5257421 0.7601151469
182 -15.65584927 0.7577878307
183 -15.78658895 0.7554425205
184 -15.91804892 0.7530776928
185 -16.05031456 0.7506918558
186 -16.18346937 0.7482835416
187 -16.31759549 0.7458512981
188 -16.45277412 0.7433936822
189 -16.58908597 0.7409092531
190 -16.72661166 0.7383965652
191 -16.8654321 0.7358541626
192 -17.00562887 0.7332805728
193 -17.14728455 0.7306743014
194 -17.29048309 0.7280338258
195 -17.43531015 0.7253575905
196 -17.5818534 0.722644001
197 -17.73020291 0.719891419
198 -17.88045141 0.7170981565
199 -18.03269471 0.7142624709
200 -18.18703197 0.7113825591
201 -18.34356608 0.7084565525
202 -18.50240404 0.705482511
203 -18.66365726 0.7024584174
204 -18.82744202 0.6993821717
205 -18.99387981 0.6962515854
206 -19.16309774 0.6930643749
207 -19.33522899 0.6898181559
208 -19.51041326 0.686510437
209 -19.68879717 0.6831386129
210 -19.87053481 0.6796999586
211 -20.05578821 0.6761916224
212 -20.24472786 0.6726106194
213 -20.43753327 0.6689538252
214 -20.6343935 0.6652179692
215 -20.83550779 0.6613996286
216 -21.04108611 0.657495222
217 -21.25134983 0.6535010043
218 -21.46653229 0.649413061
219 -21.6868795 0.6452273045
220 -21.91265071 0.6409394698
221 -22.14411911 0.6365451131
222 -22.3815724 0.6320396102
223 -22.62531342 0.6274181578
224 -22.87566069 0.6226757766
225 -23.13294891 0.6178073167
226 -23.39752939 0.612807467
227 -23.6697704 0.6076707671
228 -23.95005734 0.602391625
229 -24.2387928 0.5969643384
230 -24.53639642 0.5913831229
231 -24.84330451 0.5856421464
232 -25.15996937 0.5797355712
233 -25.48685833 0.5736576044
234 -25.82445232 0.5674025577
235 -26.17324409 0.5609649171
236 -26.53373581 0.5543394243
237 -26.90643621 0.5475211684
238 -27.29185701 0.5405056903
239 -27.69050866 0.5332890988
240 -28.10289537 0.5258681977
241 -28.52950935 0.5182406239
242 -28.97082426 0.510404994
243 -29.42728783 0.5023610579
244 -29.89931386 0.4941098554
245 -30.38727337 0.485653872
246 -30.89148542 0.4769971894
247 -31.41220735 0.4681456243
248 -31.94962506 0.4591068489
249 -32.5038433 0.4498904862
250 -33.07487647 0.4405081736
251 -33.6626402 0.4309735863
252 -34.26694415 0.4213024155
253 -34.8874864 0.4115122955
254 -35.52384979 0.4016226772
255 -36.17550058 0.3916546468
256 -36.84178966 0.3816306905
257 -37.52195652 0.3715744108
258 -38.21513602 0.3615102012
259 -38.92036789 0.3514628886
260 -39.63660881 0.3414573567
261 -40.3627467 0.3315181618
262 -41.09761677 0.321669157
263 -41.84001891 0.3119331366
264 -42.58873573 0.3023315142
265 -43.34255065 0.2928840447
266 -44.10026553 0.2836085981
267 -44.86071726 0.2745209897
268 -45.62279276 0.2656348699
269 -46.38544211 0.2569616718
270 -47.14768951 0.2485106134
271 -47.90864182 0.2402887504
272 -48.66749471 0.2323010708
273 -49.42353638 0.2245506258
274 -50.17614895 0.2170386871
275 -50.92480767 0.2097649247
276 -51.66907816 0.2027275962
277 -52.40861178 0.1959237419
278 -53.14313957 0.1893493802
279 -53.87246476 0.1829996978
280 -54.59645414 0.1768692318
281 -55.3150286 0.1709520407
282 -56.02815286 0.1652418613
283 -56.73582472 0.1597322516
284 -57.43806397 0.1544167173
285 -58.13490114 0.1492888226
286 -58.82636631 0.1443422837
287 -59.51247817 0.139571047
288 -60.19323358 0.1349693494
289 -60.86859783 0.1305317641
290 -61.5384959 0.1262532297
291 -62.20280484 0.1221290658
292 -62.86134768 0.1181549733
293 -63.5138889 0.1143270231
294 -64.16013176 0.110641633
295 -64.79971761 0.1070955347
296 -65.43222717 0.1036857333
297 -66.05718385 0.100409461
298 -66.67405904 0.09726412729
299 -67.28227911 0.09424726708
300 -67.88123405 0.09135649077
301 -68.47028731 0.08858943627
302 -69.04878656 0.0859437258
303 -69.61607502 0.08341692862
304 -70.17150291 0.08100653058
305 -70.71443871 0.07870991121
306 -71.24427986 0.0765243284
307 -71.76046248 0.07444691064
308 -72.26247016 0.07247465616
309 -72.74984119 0.07060443817
310 -73.22217457 0.06883301551
311 -73.67913438 0.06715704729
312 -74.12045269 0.06557311081
313 -74.54593102 0.06407772147
314 -74.95544047 0.06266735381
315 -75.34892054 0.06133846288
316 -75.72637699 0.06008750501
317 -76.08787869 0.05891095776
318 -76.43355378 0.05780533821
319 -76.76358525 0.0567672196
320 -77.07820608 0.05579324598
321 -77.37769418 0.05488014473
322 -77.66236711 0.05402473718
323 -77.93257688 0.05322394702
324 -78.18870477 0.05247480703
325 -78.43115636 0.05177446384
326 -78.66035675 0.05112018127
327 -78.87674612 0.05050934216
328 -79.08077558 0.04993944894
329 -79.27290323 0.04940812339
330 -79.45359019 0.04891310646
