0 -81.26161098 0.0441820771
1 -77.6736374 0.05261859246
2 -72.97399767 0.06739757045
3 -66.40127098 0.09353868063
4 -41.59262062 0.2315214956
5 39.79162091 0.9987313508
6 38.72458077 0.9999447458
7 37.15660227 0.9999272015
8 34.58674304 0.9998843363
9 31.15348941 0.9997836998
10 27.23683614 0.9995569986
11 23.20752062 0.9990766967
12 19.30854969 0.9981359606
13 15.66611846 0.9964476015
14 12.33602508 0.9936792941
15 9.33821787 0.9895313022
16 6.673868843 0.9838354886
17 4.33204552 0.9766280263
18 2.292585257 0.9681532757
19 0.5285622784 0.9587970163
20 -0.9908374404 0.948988025
21 -2.297449686 0.939113951
22 -3.421845845 0.9294749816
23 -4.391882388 0.9202734912
24 -5.232022963 0.9116258819
25 -5.963218909 0.9035830227
26 -6.603122497 0.8961507384
27 -7.166459307 0.889306595
28 -7.665448334 0.8830121833
29 -8.110208065 0.8772214469
30 -8.509119692 0.8718859946
31 -8.869137965 0.8669582911
32 -9.196050318 0.8623934375
33 -9.494689501 0.8581500481
34 -9.769106526 0.8541905746
35 -10.02271071 0.8504813024
36 -10.25838289 0.8469921659
37 -10.47856713 0.8436964727
38 -10.68534494 0.84057059
39 -10.88049581 0.8375936267
40 -11.06554655 0.8347471281
41 -11.24181172 0.8320147924
42 -11.410427 0.8293822131
43 -11.57237667 0.8268366485
44 -11.7285165 0.8243668163
45 -11.87959283 0.8219627131
46 -12.02625847 0.8196154551
47 -12.16908616 0.8173171391
48 -12.30857985 0.8150607201
49 -12.44518425 0.8128399054
50 -12.57929299 0.8106490608
51 -12.71125552 0.8084831294
52 -12.84138303 0.8063375604
53 -12.96995353 0.8042082468
54 -13.09721621 0.8020914705
55 -13.2233952 0.7999838548
56 -13.34869281 0.7978823218
57 -13.47329239 0.7957840556
58 -13.59736071 0.7936864697
59 -13.72105019 0.791587178
60 -13.84450068 0.7894839693
61 -13.96784118 0.7873747847
62 -14.0911912 0.7852576973
63 -14.21466211 0.7831308944
64 -14.33835821 0.7809926613
65 -14.46237777 0.7788413669
66 -14.58681389 0.7766754506
67 -14.71175533 0.7744934108
68 -14.8372872 0.7722937939
69 -14.96349162 0.7700751844
70 -15.09044834 0.7678361965
71 -15.21823524 0.7655754651
72 -15.34692884 0.7632916387
73 -15.47660478 0.7609833715
74 -15.60733822 0.7586493173
75 -15.73920427 0.7562881225
76 -15.87227838 0.7538984201
77 -16.00663667 0.7514788236
78 -16.14235632 0.7490279213
79 -16.27951591 0.7465442707
80 -16.41819574 0.7440263923
81 -16.55847821 0.7414727647
82 -16.70044808 0.7388818185
83 -16.8441929 0.7362519308
84 -16.98980328 0.7335814194
85 -17.13737328 0.7308685367
86 -17.28700074 0.7281114643
87 -17.43878768 0.7253083061
88 -17.59284065 0.7224570824
89 -17.74927117 0.7195557231
90 -17.90819611 0.7166020609
91 -18.06973814 0.7135938242
92 -18.2340262 0.7105286297
93 -18.40119597 0.7074039747
94 -18.57139038 0.7042172292
95 -18.74476013 0.7009656277
96 -18.92146432 0.6976462602
97 -19.10167095 0.6942560642
98 -19.28555762 0.6907918146
99 -19.47331217 0.687250115
100 -19.66513339 0.6836273881
101 -19.86123171 0.6799198657
102 -20.06183001 0.6761235793
103 -20.2671644 0.6722343506
104 -20.47748505 0.6682477817
105 -20.69305705 0.6641592463
106 -20.91416129 0.6599638813
107 -21.14109536 0.6556565793
108 -21.37417446 0.6512319818
109 -21.61373232 0.6466844747
110 -21.86012207 0.6420081854
111 -22.11371712 0.6371969824
112 -22.37491196 0.6322444782
113 -22.64412293 0.6271440358
114 -22.92178878 0.6218887803
115 -23.20837119 0.6164716162
116 -23.50435508 0.6108852508
117 -23.81024859 0.6051222263
118 -24.12658291 0.5991749607
119 -24.45391158 0.5930357994
120 -24.7928095 0.586697079
121 -25.1438713 0.5801512048
122 -25.5077091 0.5733907428
123 -25.88494965 0.5664085293
124 -26.27623052 0.559197797
125 -26.68219544 0.5517523198
126 -27.10348863 0.5440665769
127 -27.54074798 0.5361359347
128 -27.99459709 0.5279568461
129 -28.46563611 0.5195270641
130 -28.95443137 0.5108458679
131 -29.46150384 0.5019142935
132 -29.98731659 0.4927353653
133 -30.53226143 0.4833143174
134 -31.09664491 0.4736587983
135 -31.68067425 0.463779044
136 -32.28444342 0.453688011
137 -32.90792008 0.4434014554
138 -33.55093391 0.432937947
139 -34.21316697 0.4223188081
140 -34.89414671 0.4115679705
141 -35.59324231 0.4007117462
142 -36.30966474 0.3897785113
143 -37.04247096 0.3787983112
144 -37.79057256 0.3678023947
145 -38.55274853 0.3568226941
146 -39.32766224 0.3458912704
147 -40.11388186 0.3350397454
148 -40.9099037 0.3242987451
149 -41.71417747 0.3136973764
150 -42.52513261 0.3032627592
151 -43.34120456 0.2930196305
152 -44.16086006 0.2829900332
153 -44.98262053 0.2731930977
154 -45.80508285 0.2636449165
155 -46.62693685 0.2543585103
156 -47.44697929 0.2453438768
157 -48.26412396 0.2366081123
158 -49.07740814 0.2281555921
159 -49.88599527 0.2199881981
160 -50.68917441 0.2121055768
161 -51.48635661 0.2045054178
162 -52.27706869 0.1971837389
163 -53.06094478 0.1901351706
164 -53.83771616 0.1833532293
165 -54.6071996 0.176830576
166 -55.36928472 0.1705592541
167 -56.12392061 0.1645309053
168 -56.87110205 0.1587369606
169 -57.61085553 0.1531688066
170 -58.34322547 0.1478179267
171 -59.06826066 0.1426760188
172 -59.78600141 0.1377350884
173 -60.49646744 0.1329875208
174 -61.19964687 0.128426132
175 -61.89548648 0.1240441998
176 -62.58388351 0.1198354777
177 -63.26467926 0.1157941924
178 -63.93765452 0.1119150269
179 -64.60252719 0.1081930919
180 -65.25895203 0.1046238865
181 -65.90652262 0.1012032513
182 -66.54477552 0.09792731647
183 -67.17319646 0.09479244666
184 -67.79122832 0.09179518514
185 -68.39828074 0.0889322
186 -68.99374088 0.08620023379
187 -69.57698505 0.08359605857
188 -70.14739071 0.08111643757
189 -70.70434849 0.07875809433
190 -71.24727379 0.07651768973
191 -71.7756176 0.07439180692
192 -72.28887627 0.07237694387
193 -72.78659989 0.07046951278
194 -73.26839925 0.06866584549
195 -73.73395111 0.06696220391
196 -74.18300187 0.06535479431
197 -74.61536963 0.06383978437
198 -75.03094477 0.06241332199
199 -75.42968903 0.06107155487
200 -75.81163342 0.05981065003
201 -76.17687512 0.05862681269
202 -76.52557342 0.05751630388
203 -76.85794504 0.05647545644
204 -77.17425895 0.05550068918
205 -77.47483085 0.05458851905
206 -77.76001754 0.05373557122
207 -78.0302112 0.05293858721
208 -78.28583383 0.05219443107
209 -78.52733177 0.05150009374
210 -78.75517061 0.05085269585
211 -78.96983032 0.05024948903
212 -79.1718008 0.04968785591
213 -79.36157778 0.04916530907
214 -79.5396591 0.04867948904
215 -79.70654148 0.04822816157
216 -79.86271757 0.04780921423
217 -80.00867348 0.04742065255
218 -80.14488657 0.04706059581
219 -80.27182368 0.04672727252
220 -80.38993962 0.0464190158
221 -80.49967595 0.04613425858
222 -80.60146005 0.04587152883
223 -80.69570438 0.04562944475
224 -80.78280598 0.0454067101
225 -80.86314616 0.04520210952
226 -80.93709036 0.0450145041
227 -81.00498805 0.04484282697
228 -81.06717294 0.04468607915
229 -81.12396307 0.04454332549
230 -81.17566116 0.04441369084
231 -81.22255493 0.04429635641
232 -81.2649175 0.04419055623
233 -81.30300787 0.04409557389
234 -81.33707133 0.0440107394
235 -81.36734004 0.04393542624
236 -81.39403351 0.04386904855
237 -81.41735909 0.04381105855
238 -81.43751259 0.04376094406
239 -81.45467873 0.04371822617
240 -81.4690317 0.04368245708
241 -81.48073564 0.04365321805
242 -81.48994522 0.04363011751
243 -81.49680602 0.04361278927
244 -81.50145511 0.04360089084
245 -81.50402143 0.04359410187
246 -81.50462628 0.04359212269
247 -81.50338373 0.04359467295
248 -81.50040099 0.04360149035
249 -81.49577887 0.04361232944
250 -81.48961207 0.0436269605
251 -81.48198961 0.04364516854
252 -81.47299508 0.04366675229
253 -81.46270703 0.04369152334
254 -81.45119922 0.04371930526
255 -81.43854094 0.04374993285
256 -81.42479724 0.04378325138
257 -81.41002922 0.04381911593
258 -81.39429424 0.04385739073
259 -81.37764618 0.04389794861
260 -81.36013559 0.04394067039
261 -81.34180996 0.0439854444
262 -81.32271388 0.04403216599
263 -81.30288918 0.0440807371
264 -81.28237516 0.04413106581
265 -81.26120871 0.04418306595
266 -77.67321454 0.05261980098
267 -72.97351822 0.06739926271
268 -66.40061241 0.09354166925
269 -41.58942966 0.2315444502
270 39.79164235 0.9987318144
271 38.72458222 0.9999447458
272 37.15662477 0.9999272018
273 34.58683095 0.999884338
274 31.15369593 0.9997837075
275 27.23719938 0.9995570266
276 23.2080537 0.9990767822
277 19.3092451 0.9981361836
278 15.66695599 0.9964481049
279 12.33697804 0.9936802904
280 9.339257342 0.9895330525
281 6.67496688 0.9838382529
282 4.333177664 0.9766320033
283 2.293732207 0.9681585635
284 0.5297104807 0.9588036081
285 -0.9896961869 0.9489958358
286 -2.296319247 0.9391228553
287 -3.420726963 0.9294848451
288 -4.390773791 0.9202841913
289 -5.23092224 0.9116373165
290 -5.962123124 0.9035951119
291 -6.602028593 0.8961634221
292 -7.165364345 0.8893198291
293 -7.664349619 0.8830259362
294 -8.109103206 0.8772356958
295 -8.508006615 0.8719007231
296 -8.868014904 0.8669734873
297 -9.194915787 0.8624090923
298 -9.493542269 0.8581661546
299 -9.767945583 0.854207127
300 -10.02153523 0.8504982957
301 -10.25719224 0.8470095959
302 -10.47736077 0.8437143353
303 -10.68412247 0.8405888814
304 -10.87925692 0.8376123434
305 -11.064291 0.8347662667
306 -11.24053935 0.8320343497
307 -11.40913768 0.8294021862
308 -11.57107031 0.8268570345
309 -11.72719304 0.8243876127
310 -11.87825223 0.8219839177
311 -12.0249007 0.8196370659
312 -12.16771121 0.8173391544
313 -12.30718769 0.8150831387
314 -12.44377485 0.8128627264
315 -12.57786633 0.8106722837
316 -12.70981155 0.8085067541
317 -12.8399217 0.8063615873
318 -12.96847477 0.8042326766
319 -13.09571994 0.8021163045
320 -13.22188131 0.8000090946
321 -13.34716118 0.7979079696
322 -13.47174286 0.7958101141
323 -13.59579313 0.793712942
324 -13.71946435 0.7916140678
325 -13.84289638 0.7895112809
326 -13.96621815 0.7874025227
327 -14.08954919 0.785285867
328 -14.21300081 0.7831595016
329 -14.3366773 0.7810217124
330 -14.46067689 0.7788708689
331 -14.58509265 0.7767054111
332 -14.7100133 0.774523838
333 -14.83552392 0.7723246966
334 -14.96170662 0.7701065722
335 -15.08864108 0.7678680796
336 -15.21640515 0.7656078544
337 -15.34507532 0.7633245458
338 -15.47472719 0.761016809
339 -15.60543587 0.7586832983
340 -15.73727644 0.7563226611
341 -15.87032427 0.7539335313
342 -16.00465547 0.7515145233
343 -16.14034714 0.7490642264
344 -16.27747782 0.7465811989
345 -16.41612776 0.7440639627
346 -16.55637927 0.7415109974
347 -16.69831708 0.7389207346
348 -16.84202865 0.7362915529
349 -16.98760452 0.7336217711
350 -17.13513868 0.7309096434
351 -17.2847289 0.7281533525
352 -17.43647709 0.725351004
353 -17.59048974 0.7225006199
354 -17.74687826 0.7196001318
355 -17.9057594 0.7166473741
356 -18.06725575 0.7136400772
357 -18.23149613 0.7105758599
358 -18.39861608 0.7074522216
359 -18.5687584 0.7042665347
360 -18.74207369 0.7010160358
361 -18.91872084 0.697697818
362 -19.09886774 0.6943088209
363 -19.28269181 0.6908458226
364 -19.47038072 0.6873054296
365 -19.66213304 0.6836840677
366 -19.85815902 0.679977972
367 -20.05868132 0.6761831776
368 -20.26393583 0.6722955096
369 -20.47417248 0.668310574
370 -20.68965609 0.6642237485
371 -20.91066728 0.6600301739
372 -21.13750338 0.6557247469
373 -21.37047926 0.6513021133
374 -21.60992835 0.6467566636
375 -21.85620344 0.6420825293
376 -22.10967761 0.6372735834
377 -22.37074499 0.6323234426
378 -22.63982154 0.6272254741
379 -22.91734563 0.6219728071
380 -23.20377858 0.6165583495
381 -23.49960488 0.610974812
382 -23.80533232 0.6052147394
383 -24.12149169 0.5992705515
384 -24.44863616 0.5931345948
385 -24.78734028 0.5867992058
386 -25.13819835 0.580256788
387 -25.50182224 0.5734999047
388 -25.87883844 0.566521387
389 -26.26988437 0.5593144603
390 -26.67560369 0.5518728889
391 -27.09664064 0.5441911395
392 -27.53363324 0.5362645627
393 -27.98720539 0.5280895924
394 -28.45795767 0.5196639591
395 -28.94645703 0.5109869155
396 -29.45322525 0.5020594673
397 -29.97872644 0.4928846049
398 -30.52335364 0.483467525
399 -31.08741492 0.4738158351
400 -31.67111918 0.4639397279
401 -32.27456235 0.4538521146
402 -32.89771423 0.4435687051
403 -33.54040684 0.4331080233
404 -34.2023247 0.4224913471
405 -34.88299783 0.4117425668
406 -35.58179801 0.400887957
407 -36.29793878 0.3899558626
408 -37.0304796 0.3789763042
409 -37.77833434 0.3679805143
410 -38.54028407 0.3570004173
411 -39.31499393 0.3460680758
412 -40.10103351 0.3352151223
413 -40.89690011 0.3244722025
414 -41.70104406 0.3138684511
415 -42.51189495 0.303431023
416 -43.32788795 0.2931846962
417 -44.14748915 0.2831515591
418 -44.96921894 0.2733507902
419 -45.79167283 0.2637985319
420 -46.61353907 0.2545078547
421 -47.43361259 0.2454888046
422 -48.25080524 0.236748524
423 -49.06415225 0.228291431
424 -49.87281503 0.2201194462
425 -50.67608061 0.2122322508
426 -51.47335811 0.204627564
427 -52.26417249 0.1973014293
428 -53.04815625 0.1902484975
429 -53.82503913 0.1834623015
430 -54.59463663 0.1769355145
431 -55.35683728 0.1706601887
432 -56.11158929 0.1646279709
433 -56.85888682 0.1588302944
434 -57.59875594 0.1532585454
435 -58.33124089 0.1479042053
436 -59.0563905 0.1427589674
437 -59.77424532 0.1378148321
438 -60.4848255 0.1330641781
439 -61.18811978 0.128499814
440 -61.88407568 0.1241150102
441 -62.57259133 0.1199035125
442 -63.25350899 0.1158595399
443 -63.92661049 0.1119777684
444 -64.59161478 0.108253302
445 -65.24817766 0.1046816339
446 -65.8958937 0.1012585996
447 -66.53430037 0.0979803252
448 -67.16288417 0.09484317189
449 -67.78108864 0.09184368063
450 -68.38832389 0.08897851797
451 -68.98397735 0.08624442576
452 -69.56742543 0.08363817602
453 -70.13804548 0.08115653252
454 -70.6952278 0.0787962198
455 -71.2383873 0.07655390001
456 -71.7669743 0.07442615782
457 -72.28048432 0.07240949273
458 -72.77846651 0.07050031845
459 -73.26053058 0.06869496818
460 -73.72635217 0.066989705
461 -74.17567649 0.06538073605
462 -74.60832046 0.06386422961
463 -75.02417322 0.06243633385
464 -75.42319534 0.06109319637
465 -75.80541672 0.05983098381
466 -76.17093345 0.05864590069
467 -76.51990381 0.05753420704
468 -76.85254359 0.05649223445
469 -77.16912094 0.05551640026
470 -77.46995081 0.05460321976
471 -77.75538937 0.0537493163
472 -78.02582824 0.05295142946
473 -78.28168895 0.05220642126
474 -78.52341749 0.05151128053
475 -78.75147914 0.0508631258
476 -78.96635368 0.05025920651
477 -79.16853086 0.04969690317
478 -79.35850633 0.04917372623
479 -79.53677794 0.04868731416
480 -79.70384242 0.04823543066
481 -79.86019252 0.04781596132
482 -80.00631446 0.04742690977
483 -80.14268576 0.04706639344
484 -80.26977345 0.04673263908
485 -80.38803255 0.04642397812
486 -80.49790483 0.04613884189
487 -80.59981792 0.04587575681
488 -80.69418451 0.04563333965
489 -80.78140191 0.04541029276
490 -80.86185171 0.04520539952
491 -80.93589957 0.04501751975
492 -81.00389526 0.04484558545
493 -81.06617272 0.04468859654
494 -81.12305028 0.04454561683
495 -81.17483088 0.04441577023
496 -81.2218025 0.04429823703
497 -81.2642385 0.04419225041
498 -81.30239809 0.04409709317
499 -81.33652681 0.04401209457
500 -81.36685702 0.04393662738
501 -81.39360843 0.04387010511
502 -81.4169886 0.04381197936
503 -81.43719352 0.04376173737
504 -81.45440809 0.04371889971
505 -81.46880667 0.04368301805
506 -81.48055357 0.04365367322
507 -81.4898036 0.04363047319
508 -81.4967025 0.04361305137
509 -81.50138747 0.04360106489
510 -81.50398759 0.04359419303
511 -81.50462427 0.04359213581
512 -81.5034117 0.04359461255
513 -81.50045721 0.04360136068
514 -81.49586171 0.04361213445
515 -81.48972 0.0436267039
516 -81.48212118 0.04364485381
517 -81.47314895 0.04366638269
518 -81.46288192 0.04369110191
519 -81.45139394 0.04371883485
520 -81.43875436 0.04374941614
521 -81.42502831 0.04378269087
522 -81.41027695 0.04381851396
523 -81.39455771 0.04385674951
524 -81.3779245 0.04389727019
525 -81.36042795 0.04393995669
526 -81.34211559 0.04398469724
527 -81.32303206 0.04403138708
528 -81.30321923 0.04407992801
529 -81.28271644 0.04413022803
530 -81.26156062 0.04418220088
531 -77.6735846 0.0526187434
532 -72.97393798 0.06739778118
533 -66.40118924 0.09353905168
534 -41.59222504 0.2315243418
535 39.79162344 0.9987314082
536 38.72458062 0.9999447458
537 37.15660437 0.9999272016
538 34.58675273 0.9998843365
539 31.15351316 0.9997837007
540 27.23687868 0.9995570019
541 23.20758363 0.9990767068
542 19.30863233 0.9981359871
543 15.66621834 0.9964476616
544 12.33613899 0.9936794132
545 9.338342341 0.9895315118
546 6.674000497 0.98383582
547 4.332181397 0.9766285035
548 2.292723013 0.9681539108
549 0.5287002623 0.9587978085
550 -0.9907002345 0.9489889641
551 -2.297313739 0.9391150219
552 -3.421711261 0.9294761681
553 -4.391749023 0.9202747785
554 -5.231890534 0.9116272577
555 -5.963087068 0.9035844773
556 -6.602990879 0.8961522646
557 -7.16632756 0.8893081874
558 -7.665316136 0.8830138381
559 -8.110075127 0.8772231615
560 -8.508985764 0.8718877668
561 -8.869002835 0.8669601197
562 -9.195913806 0.8623953212
563 -9.494551456 0.8581519863
564 -9.768966826 0.8541925665
565 -10.02256925 0.8504833474
566 -10.2582396 0.8469942636
567 -10.47842194 0.8436986225
568 -10.6851978 0.8405727916
569 -10.88034669 0.8375958797
570 -11.06539541 0.834749432
571 -11.24165855 0.8320171469
572 -11.41027177 0.8293846179
573 -11.57221937 0.8268391032
574 -11.72835713 0.8243693207
575 -11.87943138 0.8219652669
576 -12.02609494 0.819618058
577 -12.16892055 0.817319791
578 -12.30841214 0.8150634209
579 -12.44501445 0.8128426549
580 -12.57912109 0.810651859
581 -12.71108152 0.8084859763
582 -12.84120692 0.806340456
583 -12.9697753 0.8042111913
584 -13.09703585 0.8020944641
585 -13.2232127 0.7999868976
586 -13.34850815 0.797885414
587 -13.47310555 0.7957871977
588 -13.59717168 0.793689662
589 -13.72085894 0.791590421
590 -13.84430718 0.7894872635
591 -13.9676454 0.7873781307
592 -14.09099311 0.7852610957
593 -14.21446167 0.783134346
594 -14.33815538 0.7809961668
595 -14.46217251 0.7788449272
596 -14.58660615 0.7766790667
597 -14.71154506 0.7744970836
598 -14.83707434 0.7722975245
599 -14.96327612 0.770078974
600 -15.09023013 0.7678400463
601 -15.21801424 0.7655793765
602 -15.34670499 0.763295613
603 -15.47637799 0.7609874103
604 -15.60710841 0.7586534223
605 -15.73897136 0.7562922953
606 -15.87204226 0.7539026626
607 -16.00639725 0.7514831377
608 -16.14211349 0.7490323091
609 -16.27926956 0.7465487344
610 -16.41794575 0.7440309342
611 -16.55822443 0.7414773872
612 -16.7001904 0.7388865243
613 -16.84393117 0.7362567226
614 -16.98953734 0.7335863
615 -17.13710296 0.7308735093
616 -17.28672588 0.7281165321
617 -17.43850809 0.7253134726
618 -17.59255615 0.7224623513
619 -17.74898154 0.7195610982
620 -17.90790113 0.7166075463
621 -18.06943759 0.7135994241
622 -18.23371983 0.7105343488
623 -18.40088352 0.7074098178
624 -18.57107157 0.7042232014
625 -18.74443468 0.7009717344
626 -18.9211319 0.6976525072
627 -19.10133124 0.6942624575
628 -19.28521027 0.6907983606
629 -19.4729568 0.6872568205
630 -19.66476961 0.6836342602
631 -19.86085909 0.6799269119
632 -20.06144811 0.6761308077
633 -20.26677274 0.6722417696
634 -20.47708313 0.6682554001
635 -20.69264433 0.6641670736
636 -20.9137372 0.6599719273
637 -21.1406593 0.6556648544
638 -21.3737258 0.6512404968
639 -21.61327036 0.6466932411
640 -21.8596461 0.6420172152
641 -22.11322637 0.6372062881
642 -22.37440564 0.6322540728
643 -22.64360017 0.6271539328
644 -22.92124869 0.6218989938
645 -23.20781283 0.6164821607
646 -23.50377744 0.6108961412
647 -23.80965065 0.6051334777
648 -24.12596357 0.5991865886
649 -24.45326972 0.5930478194
650 -24.79214393 0.5867095066
651 -25.1431808 0.5801640553
652 -25.50699244 0.5734040313
653 -25.88420554 0.5664222702
654 -26.27545766 0.5592120037
655 -26.68139253 0.5517670048
656 -27.10265436 0.5440817509
657 -27.53988106 0.5361516066
658 -27.99369628 0.5279730224
659 -28.4647002 0.5195437487
660 -28.95345923 0.5108630612
661 -29.46049445 0.5019319925
662 -29.98626906 0.4927535626
663 -30.53117501 0.4833330013
664 -31.09551903 0.4736779518
665 -31.67950856 0.4637986449
666 -32.2832378 0.4537080315
667 -32.90667468 0.4434218622
668 -33.54964916 0.4329587011
669 -34.21184359 0.422339865
670 -34.89278576 0.4115892807
671 -35.59184515 0.4007332555
672 -36.30823305 0.3898001619
673 -37.04100674 0.3788200421
674 -37.78907806 0.3678241428
675 -38.55122627 0.3568443955
676 -39.32611496 0.3459128613
677 -40.11231247 0.3350611634
678 -40.90831524 0.3243199301
679 -41.71257304 0.3137182717
680 -42.52351534 0.3032833125
681 -43.33957754 0.2930397942
682 -44.15922631 0.2830097657
683 -44.98098294 0.2732123629
684 -45.80344414 0.2636636845
685 -46.62529956 0.2543767574
686 -47.44534571 0.2453615852
687 -48.26249617 0.2366252696
688 -49.07578795 0.2281721914
689 -49.88438425 0.2200042371
690 -50.68757389 0.2121210575
691 -51.48476767 0.2045203457
692 -52.27549219 0.1971981229
693 -53.05938138 0.1901490218
694 -53.83616633 0.183366561
695 -54.60566366 0.1768434029
696 -55.36776284 0.1705715921
697 -56.12241288 0.1645427708
698 -56.86960846 0.1587483703
699 -57.60937603 0.1531797772
700 -58.34175998 0.1478284747
701 -59.06680911 0.14268616
702 -59.78456376 0.137744838
703 -60.49504371 0.1329968934
704 -61.19823715 0.1284351411
705 -61.89409093 0.1240528581
706 -62.58250244 0.1198437968
707 -63.26331306 0.1158021831
708 -63.93630373 0.1119226992
709 -64.60119246 0.1082004548
710 -65.25763415 0.1046309484
711 -65.9052225 0.10121002
712 -66.54349418 0.09793379922
713 -67.17193502 0.0947986503
714 -67.78998796 0.09180111622
715 -68.39706272 0.08893786489
716 -68.99254649 0.08620563878
717 -69.57581559 0.08360120994
718 -70.14624745 0.08112134168
719 -70.70323268 0.07876275765
720 -71.24618661 0.07652211889
721 -71.77456016 0.07439600873
722 -72.28784956 0.07238092535
723 -72.7856048 0.07047328111
724 -73.26743653 0.06866940802
725 -73.73302137 0.06696556815
726 -74.18210558 0.06535796787
727 -74.61450713 0.06384277492
728 -75.03011622 0.06241613725
729 -75.42889446 0.06107420254
730 -75.81087273 0.05981313777
731 -76.17614807 0.05862914808
732 -76.52487965 0.05751849435
733 -76.85728407 0.0564775093
734 -77.1736302 0.05550261155
735 -77.47423366 0.05459031784
736 -77.75945116 0.05373725312
737 -78.02967482 0.05294015868
738 -78.28532657 0.0521958983
739 -78.52685272 0.0515014627
740 -78.75471882 0.05085397223
741 -78.96940482 0.05025067825
742 -79.17140059 0.04968896313
743 -79.36120185 0.0491663392
744 -79.53930646 0.04868044673
745 -79.70621112 0.04822905124
746 -79.86240851 0.04781004003
747 -80.00838473 0.04742141841
748 -80.14461718 0.04706130542
749 -80.27157272 0.04672792939
750 -80.38970618 0.0464196232
751 -80.49945915 0.0461348196
752 -80.60125904 0.04587204636
753 -80.69551833 0.04562992151
754 -80.7826341 0.04540714864
755 -80.86298771 0.04520251224
756 -80.93694459 0.04501487324
757 -81.00485428 0.04484316464
758 -81.0670505 0.0446863873
759 -81.12385133 0.04454360597
760 -81.17555952 0.04441394537
761 -81.22246283 0.04429658661
762 -81.26483439 0.0441907636
763 -81.30293323 0.04409575985
764 -81.33700469 0.04401090526
765 -81.36728093 0.04393557323
766 -81.39398149 0.04386917784
767 -81.41731376 0.04381117122
768 -81.43747356 0.04376104112
769 -81.45464563 0.04371830855
770 -81.46900418 0.04368252567
771 -81.48071339 0.04365327368
772 -81.48992792 0.04363016096
773 -81.49679339 0.04361282125
774 -81.50144687 0.04360091203
775 -81.50401734 0.04359411291
776 -81.50462609 0.04359212417
777 -81.50338721 0.04359466542
778 -81.50040793 0.04360147433
779 -81.49578907 0.04361230542
780 -81.48962535 0.04362692893
781 -81.48200579 0.04364512984
782 -81.47301399 0.04366670687
783 -81.46272852 0.04369147156
784 -81.45122314 0.04371924748
785 -81.43856715 0.04374986939
786 -81.42482561 0.04378318255
787 -81.41005964 0.04381904202
788 -81.39432659 0.04385731201
789 -81.37768034 0.04389786532
790 -81.36017148 0.04394058277
791 -81.34184748 0.04398535268
792 -81.32275293 0.04403207038
793 -81.30292969 0.04408063779
794 -81.28241705 0.04413096298
795 -81.2612519 0.04418295977
