0 -26.46146676 0.5559611661
1 -26.91438189 0.5476655318
2 -27.38171449 0.5391583819
3 -27.86411329 0.5304360185
4 -28.36219911 0.521496094
5 -28.8765554 0.5123378123
6 -29.40771756 0.5029621345
7 -29.95616155 0.4933719818
8 -30.5222916 0.4835724285
9 -31.10642753 0.4735708745
10 -31.7087921 0.4633771883
11 -32.32949853 0.4530038091
12 -32.96853909 0.4424657978
13 -33.62577495 0.4317808259
14 -34.30092818 0.4209690948
15 -34.9935762 0.4100531804
16 -35.70314941 0.3990577989
17 -36.42893232 0.3880094972
18 -37.17006838 0.376936273
19 -37.92556885 0.3658671361
20 -38.69432539 0.3548316245
21 -39.47512621 0.3438592947
22 -40.2666753 0.3329792051
23 -41.06761395 0.3222194143
24 -41.87654395 0.3116065139
25 -42.69205143 0.3011652142
26 -43.51273054 0.2909179967
27 -44.33720609 0.2808848449
28 -45.16415432 0.2710830578
29 -45.99232124 0.2615271473
30 -46.820538 0.2522288174
31 -47.64773291 0.2431970162
32 -48.4729401 0.234438053
33 -49.29530459 0.2259557682
34 -50.11408412 0.2177517439
35 -50.9286477 0.2098255441
36 -51.73847141 0.2021749717
37 -52.54313155 0.1947963333
38 -53.34229567 0.1876847032
39 -54.1357117 0.1808341781
40 -54.92319567 0.174238118
41 -55.70461819 0.1678893695
42 -56.4798903 0.1617804663
43 -57.24894868 0.1559038071
44 -58.01174093 0.1502518089
45 -58.768211 0.1448170347
46 -59.5182852 0.139592296
47 -60.26185927 0.134570731
48 -60.99878665 0.1297458585
49 -61.72886854 0.1251116092
50 -62.45184588 0.1206623367
51 -63.16739372 0.1163928083
52 -63.87511806 0.1122981808
53 -64.57455543 0.1083739615
54 -65.26517514 0.1046159591
55 -65.94638431 0.1010202272
56 -66.61753536 0.09758300393
57 -67.27793573 0.09430065077
58 -67.92685949 0.09116959384
59 -68.56356035 0.0881862702
60 -69.1872855 0.08534708129
61 -69.79728988 0.08264835518
62 -70.39285021 0.08008631845
63 -70.97327836 0.07765707799
64 -71.53793365 0.07535661259
65 -72.08623364 0.07318077349
66 -72.61766322 0.07112529272
67 -73.1317818 0.06918579811
68 -73.62822854 0.06735783324
69 -74.1067256 0.06563688095
70 -74.56707952 0.06401838907
71 -75.00918085 0.06249779692
72 -75.43300222 0.06107056162
73 -75.83859508 0.05973218318
74 -76.22608536 0.05847822787
75 -76.59566814 0.05730434918
76 -76.94760177 0.05620630632
77 -77.28220097 0.05517998101
78 -77.59982631 0.05422139993
79 -77.90084491 0.0533268228
80 -78.18535699 0.05249337928
81 -78.45100421 0.05172416527
82 -78.6750427 0.05106954412
83 -78.66723342 0.05096529934
84 -76.86330753 0.05517812734
85 -60.60379726 0.1100831755
86 26.57862803 0.938147306
87 37.89004433 0.9999197395
88 37.13002789 0.9999262087
89 34.76600142 0.9998879076
90 31.37563319 0.9997926771
91 27.35276084 0.9995682366
92 23.07890408 0.9990618693
93 18.83618013 0.997992231
94 14.80103726 0.9959181978
95 11.07445441 0.9922751927
96 7.70873224 0.9865167302
97 4.722641328 0.978323929
98 2.10970831 0.967760324
99 -0.1550663582 0.9552637566
100 -2.108162249 0.9414892034
101 -3.790859386 0.9271136104
102 -5.244105724 0.9127000201
103 -6.505388575 0.8986463968
104 -7.607329653 0.8851944858
105 -8.577430929 0.8724647438
106 -9.438443647 0.860494556
107 -10.20899718 0.8492697179
108 -10.9042796 0.8387470076
109 -11.53666888 0.8288690263
110 -12.11627627 0.8195733434
111 -12.65139536 0.8107977965
112 -13.14886475 0.8024833392
113 -13.61435741 0.7945753913
114 -14.05261005 0.7870243068
115 -14.46760458 0.7797853489
116 -14.86271181 0.7728184044
117 -15.24080558 0.766087578
118 -15.60435362 0.7595607461
119 -15.95549046 0.7532091137
120 -16.296076 0.7470067978
121 -16.62774303 0.7409304473
122 -16.95193586 0.734958903
123 -17.26994206 0.729072896
124 -17.58291854 0.7232547836
125 -17.89191332 0.7174883169
126 -18.19788358 0.7117584395
127 -18.50171095 0.7060511102
128 -18.8042144 0.7003531495
129 -19.10616121 0.6946521057
130 -19.40827641 0.6889361375
131 -19.71125089 0.683193912
132 -20.01574847 0.6774145167
133 -20.32241207 0.6715873822
134 -20.63186908 0.6657022165
135 -20.9447361 0.659748949
136 -21.26162314 0.653717684
137 -21.58313728 0.6475986634
138 -21.90988584 0.6413822376
139 -22.24247919 0.6350588465
140 -22.58153308 0.6286190094
141 -22.92767053 0.6220533246
142 -23.28152331 0.6153524801
143 -23.64373297 0.6085072752
144 -24.01495126 0.601508655
145 -24.39584009 0.5943477579
146 -24.78707081 0.5870159779
147 -25.18932279 0.5795050425
148 -25.60328122 0.5718071071
149 -26.02963405 0.563914867
150 -26.46906799 0.555821687
151 -26.92226348 0.5475217485
152 -27.38988857 0.5390102146
153 -27.87259165 0.530283409
154 -28.37099306 0.5213390095
155 -28.88567553 0.5121762493
156 -29.41717361 0.5027961229
157 -29.9659621 0.4932015886
158 -30.53244389 0.4833977616
159 -31.11693722 0.4733920858
160 -31.71966297 0.4631944763
161 -32.34073233 0.4528174207
162 -32.98013525 0.4422760289
163 -33.63773045 0.4315880209
164 -34.31323739 0.4207736451
165 -35.00623079 0.4098555205
166 -35.71613832 0.3988584023
167 -36.44224179 0.3878088697
168 -37.18368208 0.3767349458
169 -37.93946805 0.3656656567
170 -38.70848922 0.3546305483
171 -39.48953198 0.3436591748
172 -40.28129885 0.3327805831
173 -41.08243009 0.3220228111
174 -41.89152688 0.3114124212
175 -42.70717517 0.3009740871
176 -43.5279694 0.2907302479
177 -44.35253503 0.2807008401
178 -45.17954937 0.2709031126
179 -46.0077598 0.2613515259
180 -46.83599909 0.2520577325
181 -47.6631974 0.2430306302
182 -48.48839084 0.2342764809
183 -49.31072647 0.2257990804
184 -50.1294641 0.2175999707
185 -50.94397475 0.20967868
186 -51.75373643 0.20203298
187 -52.55832721 0.1946591514
188 -53.35741622 0.1875522471
189 -54.15075279 0.1807063471
190 -54.93815406 0.1741147992
191 -55.71949153 0.1677704414
192 -56.49467681 0.1616658028
193 -57.26364691 0.1557932805
194 -58.02634944 0.1501452926
195 -58.78272809 0.1447144054
196 -59.53270866 0.1394934354
197 -60.27618611 0.1344755272
198 -61.01301291 0.1296542067
199 -61.74298909 0.1250234124
200 -62.4658543 0.1205775053
201 -63.18128219 0.1163112601
202 -63.88887734 0.1122198403
203 -64.58817485 0.1082987589
204 -65.2786427 0.1045438295
205 -65.95968678 0.1009511093
206 -66.63065845 0.09751683878
207 -67.29086433 0.09423738069
208 -67.93957788 0.09110916121
209 -68.57605249 0.08812861647
210 -69.19953534 0.08529214614
211 -69.80928159 0.08259607588
212 -70.40456851 0.08003662935
213 -70.98470878 0.07760991029
214 -71.54906274 0.07531189426
215 -72.09704921 0.07313842935
216 -72.62815448 0.07108524474
217 -73.14193951 0.06914796572
218 -73.63804512 0.06732213379
219 -74.11619515 0.06560323027
220 -74.57619785 0.06398670197
221 -75.01794546 0.06246798778
222 -75.44141227 0.0610425449
223 -75.84665132 0.05970587399
224 -76.23378999 0.05845354239
225 -76.60302477 0.0572812051
226 -76.95461524 0.05618462323
227 -77.28887726 0.0551596807
228 -77.60617236 0.05420240669
229 -77.90686839 0.05330906388
230 -78.19106511 0.05247678739
231 -78.45639446 0.05170869832
232 -78.68002602 0.05105535095
233 -78.67098431 0.05095413579
234 -76.85878779 0.05518682102
235 -60.5328094 0.1103906072
236 26.66567954 0.9390543646
237 37.89275835 0.9999199986
238 37.12766374 0.9999261803
239 34.76159191 0.9998878188
240 31.36994103 0.9997924619
241 27.34649184 0.9995677423
242 23.07261659 0.9990608002
243 18.83022962 0.9979900989
244 14.79562013 0.9959143403
245 11.06966505 0.9922689268
246 7.704600639 0.9865076302
247 4.719153817 0.9783120846
248 2.106821171 0.9677463933
249 -0.1574148629 0.9552487698
250 -2.110040943 0.941474261
251 -3.79233576 0.927099647
252 -5.24524081 0.9126877028
253 -6.506234732 0.8986361315
254 -7.607930302 0.8851864742
255 -8.577821339 0.8724590486
256 -9.438652121 0.8604911556
257 -10.20904629 0.8492685455
258 -10.9041873 0.838747976
259 -11.53644945 0.8288720434
260 -12.11594107 0.8195783206
261 -12.65095341 0.8108046531
262 -13.14832322 0.8024920045
263 -13.613722 0.7945858047
264 -14.05188524 0.7870364181
265 -14.46679386 0.7797991174
266 -14.86181786 0.7728337984
267 -15.23983036 0.766104574
268 -15.60329853 0.7595793279
269 -15.95435638 0.7532292721
270 -16.29486337 0.7470285298
271 -16.62645189 0.7409537559
272 -16.95056588 0.7349837967
273 -17.26849258 0.7290993887
274 -17.58138859 0.7232828938
275 -17.89030161 0.7175180683
276 -18.19618856 0.7117898601
277 -18.49993078 0.7060842328
278 -18.80234694 0.7003880113
279 -19.10420406 0.6946887484
280 -19.40622688 0.6889746071
281 -19.709106 0.683234259
282 -20.01350496 0.677456796
283 -20.32006638 0.6716316529
284 -20.62941732 0.6657485423
285 -20.9421741 0.6597973977
286 -21.25894638 0.6537683279
287 -21.58034092 0.6476515787
288 -21.9069647 0.6414375048
289 -22.23942775 0.6351165497
290 -22.57834545 0.6286792363
291 -22.92434046 0.6221161662
292 -23.27804422 0.61541803
293 -23.6400979 0.6085756292
294 -24.01115292 0.6015799104
295 -24.39187085 0.5944220123
296 -24.78292274 0.5870933285
297 -25.18498767 0.5795855846
298 -25.59875059 0.5718909328
299 -26.02489926 0.5640020633
300 -26.46412026 0.5559123338
301 -26.91709398 0.5476159166
302 -27.38448851 0.539107963
303 -27.86695239 0.5303847824
304 -28.36510622 0.5214440353
305 -28.87953315 0.5122849348
306 -29.41076827 0.5029084519
307 -29.95928714 0.493317519
308 -30.52549354 0.4835172219
309 -31.1097068 0.4735149729
310 -31.71214909 0.4633206532
311 -32.33293302 0.4529467151
312 -32.9720502 0.4424082322
313 -33.62936109 0.4317228885
314 -34.30458702 0.4209108969
315 -34.9973047 0.4099948439
316 -35.70694379 0.3989994543
317 -36.43278809 0.387951282
318 -37.17398039 0.3768783295
319 -37.92953136 0.3658096088
320 -38.69833214 0.3547746578
321 -39.47917055 0.3438030299
322 -40.27075023 0.3329237784
323 -41.07171231 0.3221649541
324 -41.88065849 0.3115531388
325 -42.69617496 0.3011130311
326 -43.51685602 0.2908670999
327 -44.34132676 0.2808353147
328 -45.16826376 0.2710349601
329 -45.9964135 0.2614805338
330 -46.82460759 0.2521837255
331 -47.65177492 0.2431534698
332 -48.47695016 0.2343960635
333 -49.29927893 0.2259153353
334 -50.11801952 0.2177128572
335 -50.93254153 0.2097881841
336 -51.74232154 0.2021391113
337 -52.54693633 0.1947619394
338 -53.34605388 0.1876517376
339 -54.1394225 0.1808025989
340 -54.92685851 0.1742078809
341 -55.70823279 0.1678604285
342 -56.48345653 0.1617527747
343 -57.25246654 0.1558773185
344 -58.01521045 0.1502264777
345 -58.77163219 0.1447928163
346 -59.521658 0.1395691478
347 -60.26518348 0.1345486121
348 -61.00206191 0.1297247303
349 -61.73209425 0.1250914353
350 -62.45502123 0.1206430829
351 -63.17051763 0.1163744425
352 -63.8781892 0.1122806728
353 -64.5775722 0.108357283
354 -65.26813572 0.1046000833
355 -65.94928667 0.1010051286
356 -66.62037729 0.09756865809
357 -67.2807149 0.09428703399
358 -67.9295735 0.091156683
359 -68.56620675 0.08817404252
360 -69.18986191 0.08533551417
361 -69.79979398 0.08263742608
362 -70.39527983 0.08007600476
363 -70.97563153 0.07764735702
364 -71.54020863 0.07534746155
365 -72.08842894 0.07317216946
366 -72.61977766 0.07111721276
367 -73.13381451 0.06917821928
368 -73.63017899 0.0673507327
369 -74.10859357 0.06563023603
370 -74.56886513 0.06401217739
371 -75.01088453 0.06249199646
372 -75.43462472 0.0610651508
373 -75.84013743 0.05972714098
374 -76.22754884 0.05847353385
375 -76.59705429 0.05729998357
376 -76.94891232 0.05620225006
377 -77.28343785 0.0551762158
378 -77.6009916 0.05421790825
379 -77.90194079 0.05332358795
380 -78.18638561 0.05249038574
381 -78.45196628 0.05172140141
382 -78.67592645 0.05106702586
383 -78.66791895 0.05096327575
384 -76.86274939 0.0551790704
385 -60.59321207 0.1101288074
386 26.59209817 0.9382860592
387 37.89052119 0.9999197802
388 37.12973468 0.9999262053
389 34.76543005 0.9998878961
390 31.37490812 0.9997926496
391 27.35198926 0.9995681755
392 23.07816663 0.9990617431
393 18.83552477 0.9979919941
394 14.80048687 0.995917801
395 11.0740161 0.9922746092
396 7.708403681 0.9865159878
397 4.722414618 0.9783231274
398 2.109572582 0.9677596202
399 -0.1551229217 0.9552633252
400 -2.108150949 0.941489197
401 -3.790790128 0.9271141385
402 -5.243986684 0.9127011472
403 -6.505226229 0.8986481523
404 -7.607128984 0.8851968757
405 -8.577195701 0.8724677609
406 -9.438176662 0.8604981871
407 -10.2087005 0.8492739483
408 -10.90395472 0.8387518231
409 -11.53631687 0.8288744149
410 -12.11589786 0.8195792953
411 -12.65099103 0.8108043044
412 -13.14843476 0.8024903984
413 -13.61390188 0.7945829992
414 -14.05212896 0.7870324628
415 -14.46709778 0.7797940544
416 -14.86217907 0.7728276625
417 -15.24024656 0.7660973936
418 -15.60376792 0.7595711254
419 -15.95487758 0.7532200645
420 -16.29543539 0.7470183293
421 -16.62707405 0.7409425701
422 -16.9512378 0.734971629
423 -17.26921413 0.7290862386
424 -17.58215988 0.7232687574
425 -17.89112299 0.7175029381
426 -18.19706056 0.7117737254
427 -18.50085415 0.7060670798
428 -18.80332262 0.7003698232
429 -19.10523316 0.6946695053
430 -19.4073107 0.6889542864
431 -19.71024605 0.6832128353
432 -20.01470291 0.6774342408
433 -20.32132408 0.6716079353
434 -20.63073684 0.6657236283
435 -20.94355768 0.659771251
436 -21.26039647 0.6537409092
437 -21.58186015 0.6476228464
438 -21.90855593 0.6414074146
439 -22.24109402 0.6350850552
440 -22.58009003 0.6286462887
441 -22.92616683 0.6220817147
442 -23.27995607 0.6153820222
443 -23.64209912 0.6085380112
444 -24.01324762 0.6015406273
445 -24.39406333 0.5943810089
446 -24.78521749 0.5870505496
447 -25.18738933 0.5795409759
448 -25.60126397 0.5718444417
449 -26.02752928 0.5639536398
450 -26.46687192 0.5558619319
