0 -75.32721811 0.0614116688
1 -75.70705635 0.06015153165
2 -76.0708519 0.05896644138
3 -76.41872729 0.0578528916
4 -76.75086109 0.05680743022
5 -77.06748303 0.05582667455
6 -77.36886886 0.05490732427
7 -77.655335 0.05404617242
8 -77.92723327 0.05324011423
9 -78.18494558 0.0524861541
10 -78.42887891 0.0517814107
11 -78.65946041 0.05112312048
12 -78.87713286 0.05050863967
13 -79.08235042 0.04993544508
14 -79.27557473 0.04940113366
15 -79.45727138 0.04890342123
16 -79.62790671 0.04844014038
17 -79.78794503 0.04800923771
18 -79.9378461 0.04760877062
19 -80.07806302 0.04723690365
20 -80.20904041 0.04689190458
21 -80.33121285 0.04657214025
22 -80.44500362 0.04627607235
23 -80.55082371 0.04600225304
24 -80.64907098 0.04574932068
25 -80.74012958 0.04551599545
26 -80.82436957 0.04530107518
27 -80.90214658 0.04510343115
28 -80.97380174 0.04492200408
29 -81.03966167 0.04475580025
30 -81.10003856 0.04460388772
31 -81.15523032 0.04446539275
32 -81.2055209 0.04433949638
33 -81.25118052 0.04422543109
34 -81.2924661 0.04412247777
35 -81.32962158 0.04402996266
36 -81.36287841 0.04394725466
37 -81.39245595 0.04387376257
38 -81.41856194 0.0438089327
39 -81.44139297 0.04375224641
40 -81.46113493 0.04370321797
41 -81.4779635 0.04366139253
42 -81.49204429 0.0436263446
43 -81.50353112 0.04359768078
44 -81.51254631 0.0435750784
45 -81.51900096 0.04355864544
46 -81.52098168 0.04355215679
47 -81.50030151 0.04359206661
48 -81.29314947 0.04400909626
49 -79.43400709 0.04791804559
50 -62.98310294 0.09745049358
51 29.27274344 0.9450646595
52 38.5806265 0.9999319486
53 37.8465302 0.9999352598
54 35.86120224 0.9999079357
55 32.94694893 0.9998437391
56 29.39813552 0.9997009062
57 25.5498788 0.9993956453
58 21.66530639 0.9987775881
59 17.91284474 0.9976087808
60 14.39041242 0.9955652756
61 11.15231632 0.992283027
62 8.225704828 0.9874523839
63 5.618455488 0.9809284173
64 3.323250866 0.972798071
65 1.321053381 0.963363926
66 -0.4150038011 0.9530574029
67 -1.915675528 0.9423320026
68 -3.212300868 0.9315823585
69 -4.33452256 0.9211056832
70 -5.30902068 0.9110981046
71 -6.159026156 0.9016702231
72 -6.90433364 0.8928688383
73 -7.561583043 0.8846974211
74 -8.144653494 0.8771324204
75 -8.665077679 0.8701350383
76 -9.132429232 0.8636591716
77 -9.554663211 0.8576564791
78 -9.938404843 0.8520794372
79 -10.28918922 0.8468830561
80 -10.6116578 0.8420257381
81 -10.90971833 0.8374696031
82 -11.18667458 0.8331804988
83 -11.44533156 0.8291278329
84 -11.68808084 0.8252843136
85 -11.91696994 0.8216256527
86 -12.13375892 0.8181302606
87 -12.33996671 0.8147789537
88 -12.53690911 0.8115546801
89 -12.72573024 0.8084422711
90 -12.90742847 0.8054282169
91 -13.08287806 0.8025004673
92 -13.25284721 0.7996482557
93 -13.41801323 0.7968619433
94 -13.57897524 0.794132883
95 -13.73626497 0.7914532995
96 -13.89035593 0.7888161845
97 -14.04167113 0.7862152042
98 -14.19058981 0.7836446188
99 -14.33745309 0.7810992114
100 -14.48256892 0.7785742257
101 -14.62621631 0.7760653109
102 -14.76864903 0.7735684733
103 -14.91009874 0.7710800335
104 -15.05077786 0.7685965882
105 -15.19088198 0.766114977
106 -15.33059197 0.7636322518
107 -15.47007591 0.7611456507
108 -15.60949075 0.7586525737
109 -15.74898377 0.7561505611
110 -15.88869393 0.7536372748
111 -16.02875303 0.75111048
112 -16.16928677 0.7485680301
113 -16.31041573 0.7460078517
114 -16.4522562 0.7434279317
115 -16.59492103 0.7408263052
116 -16.73852029 0.738201044
117 -16.883162 0.7355502463
118 -17.02895272 0.7328720271
119 -17.17599812 0.7301645085
120 -17.3244036 0.7274258118
121 -17.47427472 0.7246540484
122 -17.62571778 0.7218473126
123 -17.77884025 0.7190036732
124 -17.93375125 0.7161211668
125 -18.09056203 0.71319779
126 -18.24938641 0.7102314923
127 -18.4103412 0.7072201696
128 -18.57354673 0.7041616563
129 -18.73912719 0.7010537194
130 -18.9072112 0.6978940505
131 -19.07793219 0.6946802597
132 -19.25142893 0.6914098681
133 -19.42784598 0.6880803009
134 -19.60733424 0.6846888805
135 -19.79005138 0.6812328192
136 -19.97616247 0.6777092125
137 -20.16584045 0.6741150315
138 -20.35926674 0.6704471167
139 -20.5566318 0.6667021706
140 -20.75813572 0.662876751
141 -20.96398887 0.6589672653
142 -21.1744125 0.6549699638
143 -21.38963936 0.6508809348
144 -21.60991439 0.6466960995
145 -21.83549534 0.6424112087
146 -22.06665341 0.6380218392
147 -22.30367389 0.6335233935
148 -22.54685674 0.6289110994
149 -22.7965172 0.6241800129
150 -23.05298629 0.619325023
151 -23.31661124 0.6143408597
152 -23.58775586 0.6092221057
153 -23.86680079 0.6039632119
154 -24.15414357 0.5985585178
155 -24.45019855 0.5930022779
156 -24.75539661 0.5872886942
157 -25.07018454 0.5814119552
158 -25.39502415 0.5753662848
159 -25.73039107 0.5691459978
160 -26.07677297 0.5627455675
161 -26.43466747 0.5561597019
162 -26.80457939 0.5493834324
163 -27.1870174 0.5424122132
164 -27.58249007 0.5352420328
165 -27.99150112 0.5278695367
166 -28.41454397 0.5202921608
167 -28.85209551 0.5125082736
168 -29.30460904 0.504517326
169 -29.77250653 0.4963200053
170 -30.25617016 0.4879183891
171 -30.75593331 0.4793160957
172 -31.2720711 0.4705184245
173 -31.8047907 0.4615324806
174 -32.35422178 0.4523672767
175 -32.92040714 0.4430338056
176 -33.50329419 0.433545075
177 -34.10272732 0.4239161002
178 -34.71844185 0.414163848
179 -35.35005975 0.4043071274
180 -35.99708748 0.3943664277
181 -36.65891636 0.3843637016
182 -37.33482556 0.3743220997
183 -38.02398789 0.3642656607
184 -38.72547827 0.3542189666
185 -39.43828493 0.3442067749
186 -40.1613228 0.3342536392
187 -40.89344895 0.3243835328
188 -41.63347941 0.3146194883
189 -42.38020691 0.3049832671
190 -43.13241894 0.2954950673
191 -43.88891546 0.2861732825
192 -44.64852578 0.2770343138
193 -45.41012411 0.2680924408
194 -46.17264329 0.2593597501
195 -46.93508644 0.2508461204
196 -47.69653635 0.2425592577
197 -48.4561624 0.2345047768
198 -49.21322514 0.2266863196
199 -49.9670784 0.2191057035
200 -50.71716931 0.2117630922
201 -51.46303609 0.2046571807
202 -52.20430416 0.1977853884
203 -52.94068047 0.1911440537
204 -53.67194647 0.1847286258
205 -54.39794988 0.1785338494
206 -55.11859547 0.1725539382
207 -55.83383497 0.1667827373
208 -56.54365652 0.1612138695
209 -57.24807355 0.1558408676
210 -57.94711361 0.1506572899
211 -58.64080703 0.1456568195
212 -59.32917585 0.1408333467
213 -60.01222317 0.1361810359
214 -60.68992305 0.1316943751
215 -61.36221144 0.1273682109
216 -62.02897807 0.1231977676
217 -62.69005987 0.1191786525
218 -63.34523587 0.115306848
219 -63.99422392 0.1115786911
220 -64.63667941 0.1079908439
221 -65.27219593 0.1045402545
222 -65.90030802 0.1012241118
223 -66.52049595 0.09803979598
224 -67.13219231 0.09498482716
225 -67.73479029 0.09205681381
226 -68.32765328 0.08925340377
227 -68.91012558 0.08657223912
228 -69.48154372 0.08401091671
229 -70.04124808 0.08156695547
230 -70.58859434 0.07923777109
231 -71.12296457 0.07702065845
232 -71.64377735 0.07491278175
233 -72.15049698 0.07291117182
234 -72.64264125 0.07101272994
235 -73.11978788 0.06921423719
236 -73.58157941 0.06751236846
237 -74.02772651 0.06590370979
238 -74.45800991 0.06438477818
239 -74.87228077 0.06295204275
240 -75.27045994 0.06160194637
241 -75.65253593 0.06033092706
242 -76.01856197 0.05913543843
243 -76.36865234 0.05801196876
244 -76.70297791 0.05695705834
245 -77.02176142 0.05596731484
246 -77.32527227 0.05503942665
247 -77.6138213 0.05417017406
248 -77.88775543 0.05335643841
249 -78.14745241 0.05259520932
250 -78.39331571 0.05188359001
251 -78.62576964 0.05121880107
252 -78.84525476 0.0505981826
253 -79.05222357 0.05001919519
254 -79.24713658 0.04947941964
255 -79.43045875 0.0489765558
256 -79.60265619 0.04850842058
257 -79.76419337 0.04807294527
258 -79.91553057 0.04766817238
259 -80.0571217 0.04729225205
260 -80.18941241 0.04694343817
261 -80.31283856 0.04662008426
262 -80.42782487 0.04632063923
263 -80.53478392 0.04604364306
264 -80.63411528 0.04578772246
265 -80.72620489 0.04555158659
266 -80.81142464 0.04533402275
267 -80.8901321 0.04513389228
268 -80.9626703 0.04495012651
269 -81.02936779 0.04478172279
270 -81.09053869 0.04462774081
271 -81.14648282 0.04448729891
272 -81.19748599 0.04435957063
273 -81.24382028 0.04424378146
274 -81.2857444 0.04413920564
275 -81.32350406 0.04404516323
276 -81.35733238 0.04396101725
277 -81.38745038 0.04388617104
278 -81.41406738 0.04382006572
279 -81.43738148 0.04376217783
280 -81.45758007 0.0437120171
281 -81.47484019 0.0436691244
282 -81.48932881 0.04363307026
283 -81.50120103 0.04360345752
284 -81.51058041 0.04357995997
285 -81.51737934 0.04356268206
286 -81.51968693 0.04355539311
287 -81.49933124 0.04359451818
288 -81.29264303 0.04401050279
289 -79.43550812 0.04791508348
290 -63.00183563 0.09737752612
291 29.25330797 0.9448450939
292 38.57985966 0.9999318951
293 37.84632706 0.9999352571
294 35.8607688 0.9999079289
295 32.94590203 0.999843711
296 29.39617873 0.9997008043
297 25.54685279 0.9993953262
298 21.66118608 0.9987767144
299 17.90770265 0.9976066755
300 14.38438168 0.9955607846
301 11.14556189 0.9922744939
302 8.218400172 0.9874378338
303 5.610762861 0.9809059344
304 3.315306417 0.972766206
305 1.312959148 0.9633219339
306 -0.4231806055 0.95300523
307 -1.923897866 0.9422700962
308 -3.22055469 0.9315114271
309 -4.342809477 0.9210265016
310 -5.317351812 0.9110113939
311 -6.167417571 0.9015765971
312 -6.91280327 0.8927687914
313 -7.570148758 0.8845913394
314 -8.153332003 0.8770206003
315 -8.673883981 0.8700177062
316 -9.141376409 0.8635365019
317 -9.56376243 0.8575286079
318 -9.947665471 0.8519464728
319 -10.298619 0.8467450874
320 -10.62126303 0.8418828398
321 -10.91950406 0.8373218398
322 -11.19664483 0.8330279278
323 -11.45548944 0.8289705056
324 -11.69842874 0.8251222771
325 -11.92750966 0.82145895
326 -12.14449176 0.8179589314
327 -12.35089361 0.8146030342
328 -12.54803074 0.8113742035
329 -12.73704704 0.808257267
330 -12.91894075 0.8052387116
331 -13.09458606 0.8023064836
332 -13.26475113 0.7994498125
333 -13.43011329 0.7966590558
334 -13.59127172 0.7939255622
335 -13.74875823 0.7912415524
336 -13.90304643 0.7886000136
337 -14.0545595 0.7859946075
338 -14.20367681 0.7834195897
339 -14.35073968 0.7808697387
340 -14.49605625 0.7783402932
341 -14.63990576 0.7758268974
342 -14.78254218 0.7733255524
343 -14.92419744 0.7708325736
344 -15.0650842 0.7683445525
345 -15.20539832 0.7658583228
346 -15.34532095 0.7633709312
347 -15.48502047 0.7608796096
348 -15.62465411 0.7583817523
349 -15.76436949 0.7558748935
350 -15.90430588 0.7533566885
351 -16.04459543 0.7508248965
352 -16.18536419 0.7482773638
353 -16.32673309 0.7457120104
354 -16.46881883 0.743126816
355 -16.61173464 0.7405198083
356 -16.755591 0.7378890514
357 -16.90049637 0.7352326358
358 -17.04655775 0.732548668
359 -17.19388131 0.7298352619
360 -17.3425729 0.7270905297
