0 -66.50332504 0.098120199
1 -67.10436674 0.09511531646
2 -67.69599304 0.09223619635
3 -68.27760508 0.08948034805
4 -68.84859608 0.08684525001
5 -69.40836172 0.08432831889
6 -69.95631029 0.08192688579
7 -70.49187245 0.07963817958
8 -71.01451029 0.07745931737
9 -71.52372538 0.0753873015
10 -72.0190658 0.07341902256
11 -72.50013191 0.07155126739
12 -72.96658077 0.06978073134
13 -73.41812932 0.06810403361
14 -73.85455632 0.06651773485
15 -74.27570298 0.06501835605
16 -74.68147256 0.06360239793
17 -75.07182901 0.06226636017
18 -75.44679466 0.0610067599
19 -75.80644734 0.05982014897
20 -76.15091676 0.05870312976
21 -76.48038066 0.05765236928
22 -76.79506046 0.05666461141
23 -77.09521687 0.05573668732
24 -77.38114536 0.054865524
25 -77.65317164 0.05404815109
26 -77.91164723 0.05328170602
27 -78.15694521 0.05256343761
28 -78.38945613 0.05189070839
29 -78.60958416 0.05126099563
30 -78.81774356 0.05067189134
31 -79.01435538 0.05012110136
32 -79.19984446 0.04960644372
33 -79.37463673 0.04912584631
34 -79.53915679 0.04867734411
35 -79.69382583 0.04825907595
36 -79.83905971 0.04786928101
37 -79.97526741 0.04750629509
38 -80.10284963 0.04716854669
39 -80.22219768 0.04685455306
40 -80.33369255 0.04656291619
41 -80.43770412 0.04629231875
42 -80.53459062 0.04604152018
43 -80.62469819 0.04580935274
44 -80.70836057 0.04559471774
45 -80.78589895 0.04539658182
46 -80.85762186 0.04521397339
47 -80.92382523 0.04504597917
48 -80.98479243 0.04489174092
49 -81.04079449 0.04475045225
50 -81.09209025 0.04462135562
51 -81.13892665 0.04450373951
52 -81.18153906 0.04439693561
53 -81.22015153 0.04430031632
54 -81.2549772 0.04421329228
55 -81.28621863 0.04413531003
56 -81.3140682 0.04406584988
57 -81.33870848 0.04400442382
58 -81.36031251 0.04395057378
59 -81.37904349 0.04390387131
60 -81.39504842 0.04386392936
61 -81.40839817 0.04383052238
62 -81.41854528 0.04380467846
63 -81.41944981 0.04379850334
64 -81.35582239 0.04392357313
65 -80.7308639 0.04520043675
66 -75.11100314 0.0582402891
67 -27.06917766 0.3396453059
68 37.56218068 0.9992026705
69 38.40607822 0.9999407502
70 36.95487593 0.9999243052
71 34.46296415 0.9998814386
72 31.1772371 0.9997840681
73 27.43155058 0.9995713982
74 23.53285136 0.999128012
75 19.69459973 0.9982589943
76 16.04559646 0.996677384
77 12.65888517 0.9940263509
78 9.573623519 0.9899523105
79 6.806564305 0.9842153933
80 4.357438791 0.9767862629
81 2.212463389 0.9678726752
82 0.3480222781 0.9578611701
83 -1.265307291 0.9472115857
84 -2.659041926 0.9363583556
85 -3.863973172 0.9256506789
86 -4.908416618 0.9153337937
87 -5.8173774 0.9055574818
88 -6.612353734 0.8963964458
89 -7.311514524 0.8878722748
90 -7.930056914 0.8799721205
91 -8.480621987 0.8726627297
92 -8.973701658 0.8659001799
93 -9.418005279 0.8596362397
94 -9.820775033 0.8538223032
95 -10.18804998 0.848411676
96 -10.52488353 0.8433607888
97 -10.83552086 0.8386297364
98 -11.12354301 0.834182409
99 -11.3919836 0.8299863881
100 -11.64342347 0.8260127156
101 -11.88006752 0.8222356042
102 -12.10380725 0.8186321282
103 -12.3162718 0.8151819201
104 -12.51886988 0.8118668832
105 -12.71282416 0.8086709283
106 -12.8991998 0.8055797356
107 -13.07892804 0.8025805426
108 -13.2528259 0.7996619551
109 -13.42161265 0.7968137819
110 -13.58592369 0.7940268884
111 -13.74632215 0.7912930684
112 -13.90330887 0.7886049322
113 -14.05733071 0.785955808
114 -14.20878779 0.7833396553
115 -14.35803962 0.7807509896
116 -14.50541033 0.7781848156
117 -14.65119326 0.7756365688
118 -14.79565489 0.7731020635
119 -14.93903822 0.770577448
120 -15.08156579 0.7680591637
121 -15.22344225 0.7655439095
122 -15.36485664 0.7630286101
123 -15.5059844 0.760510388
124 -15.64698913 0.7579865378
125 -15.78802416 0.7554545038
126 -15.92923396 0.7529118594
127 -16.07075536 0.7503562893
128 -16.21271867 0.7477855721
129 -16.35524872 0.7451975658
130 -16.49846573 0.7425901935
131 -16.64248614 0.7399614313
132 -16.78742342 0.7373092961
133 -16.9333887 0.7346318347
134 -17.08049148 0.7319271143
135 -17.22884019 0.7291932124
136 -17.37854278 0.7264282082
137 -17.52970727 0.7236301738
138 -17.68244223 0.7207971664
139 -17.83685731 0.7179272204
140 -17.99306368 0.7150183396
141 -18.15117455 0.7120684903
142 -18.31130557 0.7090755936
143 -18.47357534 0.7060375189
144 -18.63810582 0.7029520762
145 -18.8050228 0.6998170099
146 -18.97445637 0.6966299914
147 -19.14654138 0.6933886126
148 -19.3214179 0.6900903786
149 -19.49923172 0.6867327012
150 -19.68013483 0.6833128921
151 -19.86428594 0.6798281556
152 -20.05185099 0.6762755823
153 -20.2430037 0.6726521421
154 -20.43792613 0.6689546777
155 -20.63680921 0.6651798981
156 -20.83985336 0.6613243724
157 -21.04726908 0.6573845239
158 -21.25927753 0.6533566245
159 -21.47611118 0.6492367903
160 -21.69801441 0.6450209768
161 -21.92524416 0.6407049763
162 -22.15807049 0.6362844154
163 -22.39677724 0.6317547545
164 -22.64166257 0.6271112887
165 -22.89303952 0.6223491513
166 -23.15123648 0.617463319
167 -23.41659762 0.6124486206
168 -23.68948323 0.607299749
169 -23.97026993 0.6020112773
170 -24.25935074 0.5965776794
171 -24.55713499 0.5909933558
172 -24.86404802 0.5852526663
173 -25.18053063 0.5793499683
174 -25.50703818 0.5732796642
175 -25.84403946 0.5670362558
176 -26.19201503 0.560614409
177 -26.55145518 0.554009028
178 -26.92285737 0.5472153398
179 -27.30672309 0.5402289898
180 -27.70355405 0.5330461481
181 -28.11384778 0.5256636264
182 -28.53809241 0.5180790051
183 -28.97676083 0.5102907688
184 -29.43030397 0.5022984486
185 -29.89914347 0.4941027689
186 -30.38366362 0.4857057944
187 -30.88420271 0.4771110747
188 -31.40104395 0.4683237792
189 -31.93440612 0.4593508188
190 -32.48443415 0.4502009468
191 -33.05118996 0.4408848326
192 -33.6346438 0.4314151023
193 -34.23466653 0.4218063385
194 -34.85102316 0.4120750352
195 -35.48336798 0.4022395032
196 -36.13124177 0.3923197241
197 -36.7940712 0.3823371516
198 -37.47117089 0.3723144643
199 -38.16174809 0.3622752742
200 -38.86491009 0.3522437984
201 -39.57967432 0.3422445041
202 -40.30498087 0.3323017399
203 -41.03970707 0.3224393645
204 -41.78268379 0.3126803877
205 -42.53271284 0.3030466355
206 -43.28858489 0.2935584518
207 -44.04909734 0.2842344451
208 -44.81307164 0.2750912878
209 -45.5793693 0.2661435727
210 -46.34690636 0.2574037261
211 -47.11466584 0.2488819788
212 -47.88170791 0.2405863884
213 -48.64717767 0.2325229093
214 -49.41031041 0.224695502
215 -50.1704345 0.2171062754
216 -50.92697187 0.209755653
217 -51.67943635 0.2026425556
218 -52.42743004 0.1957645939
219 -53.17063789 0.1891182646
220 -53.90882076 0.1826991439
221 -54.64180721 0.1765020749
222 -55.36948412 0.1705213451
223 -56.09178657 0.1647508513
224 -56.80868696 0.1591842505
225 -57.52018371 0.1538150947
226 -58.22628971 0.1486369497
227 -58.92702076 0.1436434969
228 -59.6223841 0.1388286184
229 -60.3123674 0.1341864654
230 -60.9969284 0.1297115095
231 -61.67598544 0.1253985788
232 -62.34940906 0.1212428781
233 -63.01701514 0.1172399944
234 -63.67855962 0.1133858894
235 -64.33373503 0.1096768795
236 -64.98216911 0.1061096051
237 -65.62342556 0.1026809918
238 -66.25700692 0.09938820407
239 -66.88235954 0.09622859526
240 -67.49888067 0.09319965485
241 -68.10592715 0.09029895617
242 -68.70282572 0.08752410629
243 -69.28888441 0.08487270008
244 -69.86340463 0.08234228001
245 -70.42569364 0.07993030296
246 -70.9750768 0.07763411471
247 -71.51090944 0.07545093251
248 -72.03258768 0.07337783558
249 -72.53955824 0.07141176314
250 -73.0313267 0.06954951919
251 -73.50746427 0.06778778305
252 -73.96761278 0.06612312463
253 -74.41148813 0.06455202319
254 -74.83888196 0.06307088857
255 -75.24966187 0.06167608371
256 -75.64377018 0.06036394755
257 -76.02122148 0.05913081764
258 -76.38209915 0.05797305151
259 -76.726551 0.05688704667
260 -77.05478426 0.05586925857
261 -77.36706012 0.05491621649
262 -77.66368799 0.05402453716
263 -77.94501957 0.05319093618
264 -78.21144301 0.05241223721
265 -78.46337705 0.05168537907
266 -78.70126552 0.05100742098
267 -78.92557201 0.05037554599
268 -79.13677495 0.04978706291
269 -79.33536303 0.04923940687
270 -79.52183099 0.04873013873
271 -79.69667593 0.04825694343
272 -79.86039392 0.04781762768
273 -80.01347706 0.04741011682
274 -80.15641092 0.04703245129
275 -80.28967241 0.04668278264
276 -80.41372787 0.04635936926
277 -80.52903159 0.04606057195
278 -80.63602459 0.04578484929
279 -80.73513366 0.04553075308
280 -80.82677061 0.04529692366
281 -80.9113318 0.04508208534
282 -80.9891978 0.04488504195
283 -81.06073318 0.04470467247
284 -81.12628633 0.04453992724
285 -81.18618762 0.04438982772
286 -81.24073311 0.04425349611
287 -81.29004044 0.04413044489
288 -81.33278192 0.044023141
289 -81.35505248 0.04395952968
290 -81.23244945 0.04419191738
291 -79.86869824 0.0470293834
292 -67.70035532 0.08031187793
293 19.754249 0.8409442996
294 38.38829083 0.999905513
295 37.94204915 0.9999362406
296 36.02798542 0.9999106915
297 33.12107355 0.9998487953
298 29.51749984 0.9997079125
299 25.56954995 0.9993993032
300 21.56366186 0.9987586765
301 17.68681705 0.9975192589
302 14.04870617 0.9953112686
303 10.71009439 0.991716078
304 7.700820224 0.9863810818
305 5.028680145 0.9791525468
306 2.684300325 0.9701508217
307 0.6454599314 0.9597408699
308 -1.118187726 0.9484212906
309 -2.640553325 0.9366982922
310 -3.955489544 0.9249977302
311 -5.094449053 0.9136291991
312 -6.085306198 0.902788795
313 -6.952012874 0.8925807338
314 -7.714751369 0.8830432395
315 -8.390329866 0.8741713226
316 -8.992660092 0.8659341031
317 -9.533229164 0.858286863
318 -10.02152461 0.8511789077
319 -10.4653985 0.8445584165
320 -10.87137036 0.8383752573
321 -11.24487507 0.8325824852
322 -11.59046353 0.8271370225
323 -11.91196449 0.8219998467
324 -12.2126148 0.8171358968
325 -12.49516426 0.8125138296
326 -12.76196015 0.8081057058
327 -13.01501573 0.8038866541
328 -13.25606579 0.7998345392
329 -13.486612 0.7959296501
330 -13.70796001 0.792154413
331 -13.92125001 0.7884931342
332 -14.12748196 0.7849317696
333 -14.32753658 0.7814577224
334 -14.52219281 0.7780596636
335 -14.71214248 0.7747273759
336 -14.89800266 0.7714516157
337 -15.08032604 0.768223993
338 -15.25960982 0.7650368657
339 -15.43630328 0.7618832472
340 -15.6108142 0.7587567249
341 -15.78351446 0.755651389
342 -15.95474482 0.7525617689
343 -16.12481913 0.7494827774
344 -16.2940279 0.7464096617
345 -16.46264154 0.7433379586
346 -16.63091312 0.7402634557
347 -16.79908086 0.7371821558
348 -16.96737034 0.7340902452
349 -17.13599642 0.730984065
350 -17.30516504 0.727860085
351 -17.47507484 0.7247148802
352 -17.64591852 0.7215451082
353 -17.81788428 0.7183474898
354 -17.99115699 0.7151187896
355 -18.16591933 0.7118557991
356 -18.34235289 0.7085553197
357 -18.52063916 0.7052141477
358 -18.70096053 0.7018290589
359 -18.88350118 0.6983967949
360 -19.06844798 0.6949140495
361 -19.25599142 0.6913774553
362 -19.4463264 0.6877835715
363 -19.63965312 0.6841288711
364 -19.83617794 0.6804097294
365 -20.03611418 0.6766224122
366 -20.23968298 0.6727630643
367 -20.44711418 0.6688276995
368 -20.65864712 0.6648121893
369 -20.87453153 0.6607122541
370 -21.09502839 0.6565234531
371 -21.32041075 0.6522411772
372 -21.55096463 0.6478606409
373 -21.78698981 0.6433768772
374 -22.02880069 0.6387847331
375 -22.27672706 0.6340788676
376 -22.53111481 0.629253752
377 -22.79232662 0.6243036731
378 -23.06074257 0.6192227402
379 -23.33676052 0.6140048961
380 -23.6207965 0.6086439335
381 -23.91328479 0.6031335165
382 -24.21467784 0.5974672101
383 -24.52544584 0.5916385163
384 -24.84607602 0.5856409203
385 -25.17707153 0.5794679458
386 -25.51894982 0.5731132221
387 -25.87224051 0.566570563
388 -26.23748261 0.559834059
389 -26.61522116 0.5528981832
390 -27.00600291 0.5457579114
391 -27.41037141 0.5384088562
392 -27.82886105 0.5308474148
393 -28.26199032 0.5230709282
394 -28.71025409 0.515077851
395 -29.17411514 0.5068679272
396 -29.65399476 0.498442368
397 -30.15026288 0.4898040275
398 -30.66322757 0.4809575672
399 -31.19312445 0.4719096049
400 -31.74010611 0.4626688373
401 -32.30423198 0.4532461297
402 -32.88545907 0.4436545629
403 -33.48363391 0.433909432
404 -34.09848626 0.4240281882
405 -34.72962484 0.4140303212
406 -35.37653556 0.4039371806
407 -36.0385825 0.3937717364
408 -36.71501178 0.3835582843
409 -37.40495843 0.3733221029
410 -38.10745621 0.3630890739
411 -38.82145005 0.3528852786
412 -39.54581084 0.3427365838
413 -40.27935213 0.3326682352
414 -41.02084812 0.3227044699
415 -41.76905234 0.3128681647
416 -42.52271643 0.3031805292
417 -43.2806084 0.2936608544
418 -44.04152975 0.2843263208
419 -44.80433114 0.2751918696
420 -45.56792593 0.2662701356
421 -46.33130167 0.2575714388
422 -47.09352906 0.249103829
423 -47.85376854 0.2408731769
424 -48.61127434 0.2328833029
425 -49.36539627 0.2251361359
426 -50.11557924 0.2176318939
427 -50.86136076 0.2103692776
428 -51.60236672 0.2033456721
429 -52.33830546 0.1965573488
430 -53.06896062 0.1899996634
431 -53.79418271 0.1836672458
432 -54.51387986 0.1775541791
433 -55.22800775 0.1716541652
434 -55.93655906 0.1659606749
435 -56.63955254 0.1604670827
436 -57.33702191 0.1551667842
437 -58.02900482 0.1500532974
438 -58.71553208 0.1451203459
439 -59.39661731 0.1403619262
440 -60.07224729 0.135772358
441 -60.74237327 0.1313463187
442 -61.40690335 0.1270788628
443 -62.06569635 0.1229654264
444 -62.71855706 0.1190018197
445 -63.3652334 0.1151842068
446 -64.00541524 0.1115090761
447 -64.63873524 0.1079732024
448 -65.26477145 0.1045736028
449 -65.88305178 0.1013074894
450 -66.4930601 0.09817221934
451 -67.09424379 0.09516524599
452 -67.68602242 0.09228407232
453 -68.2677974 0.08952620815
454 -68.83896202 0.08688913289
455 -69.39891185 0.08437026465
456 -69.94705493 0.0819669363
457 -70.48282149 0.07967637873
458 -71.00567303 0.07749571115
459 -71.51511043 0.07542193804
460 -72.01068095 0.07345195199
461 -72.49198402 0.0715825417
462 -72.95867574 0.06981040415
463 -73.41047204 0.06813215987
464 -73.84715061 0.06654437054
465 -74.26855159 0.06504355785
466 -74.67457722 0.06362622291
467 -75.06519042 0.06228886544
468 -75.44041254 0.06102800231
469 -75.80032047 0.05984018481
470 -76.14504308 0.05872201453
471 -76.47475729 0.05767015743
472 -76.78968379 0.05668135616
473 -77.09008265 0.05575244046
474 -77.37624875 0.05488033578
475 -77.6485073 0.05406207011
476 -77.90720939 0.05329477912
477 -78.15272774 0.05257570984
478 -78.38545259 0.05190222297
479 -78.60578791 0.05127179391
480 -78.81414778 0.05068201282
481 -79.01095313 0.05013058369
482 -79.19662873 0.04961532274
483 -79.37160049 0.04913415609
484 -79.53629303 0.04868511697
485 -79.69112758 0.04826634253
486 -79.8365201 0.04787607033
487 -79.97287967 0.0475126346
488 -80.10060713 0.04717446233
489 -80.22009393 0.04686006935
490 -80.33172123 0.04656805623
491 -80.43585909 0.04629710437
492 -80.53286593 0.04604597193
493 -80.62308808 0.04581348999
494 -80.7068595 0.04559855875
495 -80.78450156 0.04540014376
496 -80.85632301 0.04521727244
497 -80.92261998 0.04504903054
498 -80.98367606 0.04489455892
499 -81.03976246 0.04475305035
500 -81.09113823 0.04462374649
501 -81.13805052 0.04450593504
502 -81.18073486 0.04439894701
503 -81.21941551 0.04430215411
504 -81.25430578 0.04421496635
505 -81.2856084 0.04413682969
506 -81.31351593 0.04406722387
507 -81.3382111 0.04400566036
508 -81.3598671 0.04395168061
509 -81.37864728 0.04390485568
510 -81.39469879 0.04386479811
511 -81.40809264 0.04383128191
512 -81.41828159 0.04380533462
513 -81.41922672 0.04379905998
514 -81.3556473 0.04392401758
515 -80.73082604 0.04520059306
516 -75.1119652 0.05823789634
517 -27.07806774 0.3395577136
518 37.56171204 0.999202115
519 38.40606257 0.9999407497
520 36.95489372 0.9999243054
521 34.46295677 0.9998814385
522 31.17715808 0.9997840653
523 27.43136569 0.9995713847
524 23.53254439 0.999127966
525 19.69417004 0.9982588663
526 16.0450539 0.99667708
527 12.65824569 0.9940257202
528 9.57290592 0.9899511524
529 6.80578757 0.9842134873
530 4.356620028 0.9767834152
531 2.211616443 0.9678687565
532 0.3471571733 0.9578561301
533 -1.266184169 0.9472054414
534 -2.659927185 0.9363511672
535 -3.86486561 0.9256425253
536 -4.909316484 0.9153247552
537 -5.818285796 0.9055476304
538 -6.613272193 0.8963858415
539 -7.312444728 0.8878609657
540 -7.93100052 0.8799601441
541 -8.481580532 0.8726501152
542 -8.974676512 0.8658869496
543 -9.418997627 0.8596224114
544 -9.821785879 0.8538078909
545 -10.18908016 0.8483966912
546 -10.52593372 0.8433452411
547 -10.83659162 0.8386136341
548 -11.12463477 0.8341657593
549 -11.39309669 0.8299691975
550 -11.64455815 0.82599499
551 -11.88122399 0.8222173489
552 -12.10498563 0.8186133481
553 -12.3174722 0.8151626197
554 -12.52009235 0.8118470665
555 -12.71406876 0.8086505989
556 -12.90046654 0.8055588969
557 -13.08021695 0.8025591972
558 -13.25413699 0.7996401056
559 -13.42294594 0.79679143
560 -13.5872792 0.7940040356
561 -13.74769993 0.7912697157
562 -13.90470895 0.7885810801
563 -14.05875315 0.7859314563
564 -14.21023269 0.7833148035
565 -14.35950707 0.7807256366
566 -14.50690046 0.7781589596
567 -14.65270622 0.7756102075
568 -14.79719085 0.7730751942
569 -14.94059739 0.7705500672
570 -15.0831484 0.7680312673
571 -15.22504856 0.7655154928
572 -15.36648695 0.7629996678
573 -15.50763903 0.7604809141
574 -15.64866844 0.7579565256
575 -15.78972855 0.755423946
576 -15.93096386 0.7528807479
577 -16.07251125 0.7503246153
578 -16.21450106 0.7477533261
579 -16.35705816 0.7451647373
580 -16.50030281 0.7425567716
581 -16.64435152 0.7399274039
582 -16.78931777 0.7372746504
583 -16.93531276 0.734596557
584 -17.08244604 0.7318911899
585 -17.23082609 0.7291566258
586 -17.38056092 0.7263909427
587 -17.5317586 0.7235922118
588 -17.68452777 0.7207584892
589 -17.83897812 0.717887808
590 -17.99522093 0.7149781712
591 -18.15336944 0.7120275435
592 -18.3135394 0.7090338448
593 -18.47584948 0.7059949432
594 -18.64042171 0.7029086473
595 -18.80738198 0.6997727001
596 -18.97686047 0.6965847713
597 -19.14899213 0.6933424512
598 -19.32391713 0.6900432434
599 -19.50178135 0.6866845579
600 -19.68273691 0.6832637044
601 -19.86694264 0.6797778854
602 -20.0545646 0.6762241896
603 -20.24577665 0.6725995847
604 -20.44076098 0.6689009114
605 -20.63970867 0.6651248764
606 -20.8428203 0.6612680464
607 -21.05030653 0.6573268425
608 -21.26238868 0.6532975342
609 -21.47929942 0.649176235
610 -21.70128332 0.644958898
611 -21.92859749 0.640641313
612 -22.16151221 0.6362191039
613 -22.40031154 0.6316877286
614 -22.64529385 0.6270424799
615 -22.89677241 0.6222784885
616 -23.15507584 0.6173907289
617 -23.42054856 0.6123740277
618 -23.69355109 0.607223076
619 -23.97446029 0.6019324453
620 -24.26366943 0.596496608
621 -24.56158808 0.590909964
622 -24.86864181 0.5851668727
623 -25.18527164 0.5792616921
624 -25.51193313 0.5731888253
625 -25.84909526 0.5669427764
626 -26.19723874 0.5605182143
627 -26.556854 0.5539100473
628 -26.92843856 0.5471135081
629 -27.31249394 0.5401242492
630 -27.70952182 0.5329384493
631 -28.12001961 0.5255529307
632 -28.54447528 0.5179652861
633 -28.98336142 0.5101740148
634 -29.43712858 0.5021786644
635 -29.90619791 0.4939799781
636 -30.39095308 0.4855800417
637 -30.89173162 0.4769824276
638 -31.40881587 0.4681923301
639 -31.94242357 0.4592166866
640 -32.4926985 0.4500642781
641 -33.05970128 0.4407458027
642 -33.64340076 0.4312739152
643 -34.24366629 0.4216632266
644 -34.86026128 0.4119302584
645 -35.49283837 0.402093347
646 -36.14093666 0.3921724968
647 -36.80398117 0.3821891812
648 -37.48128492 0.3721660946
649 -38.17205362 0.3621268598
650 -38.87539318 0.3520956999
651 -39.59031982 0.3420970829
652 -40.3157726 0.3321553524
653 -41.05062807 0.3222943569
654 -41.79371655 0.3125370907
655 -42.54383958 0.30290536
656 -43.2997878 0.2934194845
657 -44.06035887 0.2840980454
658 -44.8243747 0.2749576852
659 -45.59069753 0.2660129652
660 -46.35824431 0.2572762794
661 -47.12599911 0.2487578264
662 -47.89302332 0.240465632
663 -48.65846332 0.2324056205
664 -49.42155578 0.2245817242
665 -50.18163041 0.2169960258
666 -50.93811053 0.2096489255
667 -51.69051129 0.2025393233
668 -52.43843605 0.1956648124
669 -53.18157091 0.1890218744
670 -53.91967781 0.1826060735
671 -54.6525862 0.1764122435
672 -55.38018377 0.1704346649
673 -56.10240621 0.1646672301
674 -56.81922638 0.1591035936
675 -57.53064299 0.1537373067
