0 -81.4023068 0.0438489001
1 -81.42577203 0.0437906067
2 -81.44611912 0.04374005223
3 -81.46352495 0.0436967776
4 -81.47815661 0.04366035274
5 -81.49017189 0.04363037476
6 -81.4997197 0.04360646626
7 -81.50694053 0.04358827364
8 -81.51196685 0.04357546561
9 -81.51492354 0.04356773176
10 -81.51592828 0.04356478121
11 -81.51509193 0.04356634138
12 -81.5125189 0.04357215678
13 -81.50830753 0.04358198795
14 -81.50255036 0.0435956104
15 -81.49533452 0.04361281371
16 -81.48674198 0.04363340053
17 -81.4768499 0.04365718587
18 -81.46573085 0.04368399619
19 -81.45345311 0.04371366878
20 -81.4400809 0.04374605098
21 -81.42567461 0.04378099962
22 -81.41029106 0.04381838036
23 -81.39398364 0.04385806718
24 -81.37680257 0.0438999419
25 -81.35879473 0.04394389421
26 -81.34000157 0.04398982596
27 -81.32043782 0.04403769413
28 -81.29989639 0.04408790614
29 -81.27616856 0.04414493137
30 -81.22882269 0.0442502814
31 -80.97143533 0.04478568251
32 -78.80817464 0.04943643139
33 -59.53504117 0.1120720659
34 31.52380551 0.970682164
35 38.64567683 0.9999376428
36 37.83758987 0.9999351846
37 35.87237123 0.9999080508
38 33.03522749 0.9998459794
39 29.61217715 0.9997116507
40 25.9180048 0.9994329342
41 22.1946712 0.9988844059
42 18.5950228 0.997871996
43 15.20728283 0.9961339927
44 12.08057509 0.9933735548
45 9.240350234 0.9893271569
46 6.695648983 0.9838490788
47 4.44250478 0.976971608
48 2.466499027 0.968907448
49 0.7456561035 0.9599944082
50 -0.7463987628 0.9506137599
51 -2.037551954 0.9411185879
52 -3.155002928 0.9317915555
53 -4.123874132 0.9228321137
54 -4.966520668 0.9143632297
55 -5.702339347 0.9064469218
56 -6.347882273 0.8991012576
57 -6.917126672 0.8923151396
58 -7.421803919 0.8860597028
59 -7.87173149 0.8802964401
60 -8.275119201 0.8749826633
61 -8.638838005 0.8700749871
62 -8.968648988 0.8655314279
63 -9.269394942 0.8613125727
64 -9.54515887 0.8573821461
65 -9.799394311 0.8537071994
66 -10.03503219 0.8502580735
67 -10.2545683 0.847008233
68 -10.46013509 0.8439340343
69 -10.65356048 0.8410144659
70 -10.83641641 0.8382308858
71 -11.01005884 0.835566768
72 -11.17566092 0.8330074659
73 -11.33424057 0.8305399966
74 -11.48668342 0.8281528455
75 -11.63376215 0.8258357923
76 -11.77615257 0.8235797561
77 -11.91444733 0.8213766591
78 -12.04916744 0.8192193054
79 -12.18077203 0.8171012755
80 -12.30966673 0.815016833
81 -12.43621077 0.8129608424
82 -12.56072305 0.8109286979
83 -12.68348746 0.8089162596
84 -12.80475727 0.8069197985
85 -12.92475915 0.8049359475
86 -13.04369644 0.8029616585
87 -13.16175212 0.8009941647
88 -13.27909137 0.7990309471
89 -13.39586375 0.7970697051
90 -13.51220513 0.7951083303
91 -13.62823944 0.7931448836
92 -13.7440801 0.7911775747
93 -13.85983138 0.7892047439
94 -13.97558949 0.7872248457
95 -14.09144368 0.7852364346
96 -14.20747708 0.7832381522
97 -14.3237675 0.7812287153
98 -14.44038822 0.7792069059
99 -14.55740854 0.7771715614
100 -14.67489441 0.7751215665
101 -14.79290891 0.7730558453
102 -14.91151273 0.7709733544
103 -15.03076462 0.7688730762
104 -15.15072173 0.7667540134
105 -15.27143996 0.7646151834
106 -15.39297434 0.7624556132
107 -15.51537927 0.7602743345
108 -15.63870883 0.75807038
109 -15.76301703 0.7558427781
110 -15.88835807 0.75359055
111 -16.01478657 0.7513127051
112 -16.14235779 0.7490082377
113 -16.27112785 0.7466761232
114 -16.40115395 0.7443153147
115 -16.53249459 0.7419247397
116 -16.66520975 0.7395032964
117 -16.7993611 0.7370498501
118 -16.93501225 0.7345632303
119 -17.0722289 0.7320422268
120 -17.21107908 0.7294855862
121 -17.35163338 0.7268920086
122 -17.49396515 0.7242601435
123 -17.63815075 0.7215885861
124 -17.78426978 0.7188758738
125 -17.93240533 0.7161204815
126 -18.08264422 0.7133208181
127 -18.23507732 0.7104752216
128 -18.3897998 0.7075819553
129 -18.54691141 0.7046392022
130 -18.70651685 0.7016450613
131 -18.86872605 0.6985975417
132 -19.03365452 0.695494558
133 -19.20142377 0.6923339245
134 -19.37216163 0.6891133501
135 -19.54600269 0.6858304327
136 -19.72308871 0.6824826526
137 -19.90356909 0.6790673677
138 -20.08760132 0.6755818066
139 -20.27535147 0.6720230628
140 -20.46699474 0.6683880889
141 -20.66271594 0.6646736902
142 -20.86271009 0.6608765192
143 -21.06718297 0.6569930697
144 -21.27635173 0.6530196718
145 -21.49044547 0.648952487
146 -21.70970586 0.6447875042
147 -21.93438777 0.6405205368
148 -22.16475988 0.6361472202
149 -22.40110524 0.6316630117
150 -22.64372188 0.627063191
151 -22.89292335 0.6223428643
152 -23.14903919 0.6174969692
153 -23.41241533 0.6125202843
154 -23.68341443 0.607407441
155 -23.96241606 0.6021529407
156 -24.24981676 0.5967511761
157 -24.54602988 0.5911964587
158 -24.85148523 0.5854830522
159 -25.1666284 0.5796052138
160 -25.49191986 0.5735572433
161 -25.82783358 0.5673335412
162 -26.17485527 0.5609286767
163 -26.53348011 0.5543374667
164 -26.90420997 0.5475550649
165 -27.28754994 0.5405770633
166 -27.68400425 0.533399605
167 -28.09407145 0.5260195078
168 -28.51823883 0.5184343984
169 -28.95697608 0.5106428551
170 -29.41072817 0.5026445578
171 -29.87990751 0.4944404406
172 -30.36488546 0.4860328448
173 -30.86598324 0.4774256668
174 -31.38346253 0.4686244949
175 -31.91751586 0.4596367304
176 -32.46825704 0.4504716836
177 -33.03571207 0.4411406402
178 -33.61981072 0.4316568898
179 -34.22037926 0.4220357106
180 -34.83713464 0.4122943054
181 -35.46968059 0.4024516852
182 -36.11750587 0.3925284987
183 -36.77998505 0.3825468106
184 -37.45638186 0.3725298291
185 -38.14585543 0.3625015937
186 -38.84746911 0.3524866282
187 -39.56020192 0.3425095727
188 -40.28296223 0.3325948076
189 -41.01460332 0.3227660809
190 -41.75394024 0.3130461547
191 -42.49976752 0.3034564818
192 -43.2508771 0.2940169232
193 -44.0060758 0.2847455159
194 -44.76420197 0.2756582949
195 -45.52414062 0.2667691729
196 -46.28483684 0.258089878
197 -47.04530705 0.2496299458
198 -47.80464798 0.2413967611
199 -48.56204324 0.2333956441
200 -49.31676754 0.2256299721
201 -50.06818852 0.2181013302
202 -50.81576647 0.210809683
203 -51.55905196 0.2037535589
204 -52.29768175 0.1969302424
205 -53.03137301 0.1903359669
206 -53.75991626 0.1839661039
207 -54.48316711 0.1778153447
208 -55.20103698 0.1718778716
209 -55.91348323 0.1661475161
210 -56.62049852 0.1606179034
211 -57.32209996 0.1552825807
212 -58.01831794 0.1501351303
213 -58.70918504 0.1451692665
214 -59.39472511 0.1403789154
215 -60.07494275 0.1357582798
216 -60.74981345 0.1313018872
217 -61.41927463 0.1270046232
218 -62.08321774 0.1228617497
219 -62.74148179 0.1188689097
220 -63.39384838 0.1150221181
221 -64.04003853 0.1113177425
222 -64.67971141 0.1077524726
223 -65.31246505 0.104323282
224 -65.93783911 0.1010273835
225 -66.55531951 0.09786218024
226 -67.16434505 0.09482521483
227 -67.76431545 0.09191411875
228 -68.35460095 0.08912656383
229 -68.93455274 0.08646021772
230 -69.5035142 0.08391270491
231 -70.06083233 0.08148157428
232 -70.60586906 0.07916427393
233 -71.13801216 0.07695813366
234 -71.65668534 0.07486035492
235 -72.16135724 0.07286800784
236 -72.65154925 0.07097803477
237 -73.12684182 0.06918725918
238 -73.58687936 0.06749239921
239 -74.03137362 0.06589008458
240 -74.46010552 0.0643768759
241 -74.87292572 0.06294928543
242 -75.26975377 0.06160379836
243 -75.65057629 0.06033689376
244 -76.01544406 0.05914506485
245 -76.36446838 0.05802483779
246 -76.69781677 0.05697278887
247 -77.01570827 0.05598555976
248 -77.31840836 0.05505987074
249 -77.60622374 0.0541925319
250 -77.8794971 0.05338045229
251 -78.13860189 0.05262064714
252 -78.38393729 0.0519102433
253 -78.61592334 0.05124648302
254 -78.83499642 0.05062672626
255 -79.04160495 0.05004845169
256 -79.23620552 0.04950925659
257 -79.41925926 0.04900685573
258 -79.5912287 0.04853907955
259 -79.75257487 0.04810387155
260 -79.90375477 0.04769928525
261 -80.04521926 0.04732348071
262 -80.17741111 0.0469747207
263 -80.3007635 0.04665136672
264 -80.41569864 0.04635187482
265 -80.52262679 0.04607479138
266 -80.62194536 0.04581874881
267 -80.71403831 0.04558246134
268 -80.7992757 0.04536472082
269 -80.8780134 0.04516439261
270 -80.95059293 0.0449804116
271 -81.01734142 0.04481177833
272 -81.07857169 0.04465755527
273 -81.1345824 0.04451686325
274 -81.18565832 0.04438887802
275 -81.23207054 0.04427282697
276 -81.27407691 0.04416798605
277 -81.31192234 0.0440736768
278 -81.34583926 0.04398926355
279 -81.37604805 0.04391415076
280 -81.40275745 0.04384778056
281 -81.42616506 0.04378963033
282 -81.44645781 0.04373921053
283 -81.46381239 0.04369606259
284 -81.47839571 0.04365975696
285 -81.4903654 0.04362989122
286 -81.49987022 0.04360608839
287 -81.50705051 0.0435879953
288 -81.51203859 0.04357528105
289 -81.51495921 0.04356763559
290 -81.51592994 0.04356476837
291 -81.51506151 0.04356640714
292 -81.51245822 0.0435722967
293 -81.5082183 0.04358219787
294 -81.50243419 0.04359588643
295 -81.49519292 0.04361315217
296 -81.48657639 0.04363379801
297 -81.47666166 0.04365763915
298 -81.46552122 0.04368450226
299 -81.45322328 0.0437142248
300 -81.43983198 0.04374665431
301 -81.42540766 0.04378164776
302 -81.41000706 0.04381907098
303 -81.39368353 0.0438587981
304 -81.37648721 0.04390071105
305 -81.35846495 0.04394469966
306 -81.33965815 0.04399066592
307 -81.32008147 0.0440385669
308 -81.29952771 0.04408881032
309 -81.27578737 0.0441458672
310 -81.22842183 0.04425126411
311 -80.97094161 0.04478687065
312 -78.80689117 0.04943949482
313 -59.52657279 0.1121099542
314 31.52785769 0.9707243966
315 38.64571219 0.9999376511
316 37.83740229 0.9999351825
317 35.87208512 0.999908046
318 33.03491417 0.9998459704
319 29.61191348 0.9997116362
320 25.91784734 0.9994329163
321 22.19464891 0.9988843978
322 18.59514311 0.997872034
323 15.20753961 0.9961341512
324 12.08095459 0.993373957
325 9.24083496 0.9893279705
326 6.696220407 0.9838504935
327 4.443145315 0.9769738001
328 2.467193393 0.9689105493
329 0.7463920161 0.9599984905
330 -0.7456305044 0.9506188381
331 -2.036757801 0.9411246351
332 -3.154187118 0.9317985203
333 -4.123039254 0.9228399345
334 -4.965668165 0.9143718445
335 -5.701469911 0.9064562735
336 -6.346996135 0.8991112958
337 -6.916223808 0.8923258209
338 -7.420884182 0.8860709905
339 -7.870794698 0.8803083029
340 -8.274165184 0.8749950744
341 -8.637866635 0.8700879233
342 -8.967660195 0.8655448689
343 -9.268388713 0.8613265006
344 -9.544135248 0.8573965447
345 -9.798353391 0.853722054
346 -10.03397411 0.8502733707
347 -10.25349324 0.8470239606
348 -10.45904324 0.8439501807
349 -10.65245207 0.8410310205
350 -10.83529169 0.8382478388
351 -11.00891805 0.8355841102
352 -11.17450433 0.833025189
353 -11.33306841 0.8305580926
354 -11.48549596 0.8281713071
355 -11.63255961 0.8258546129
356 -11.7749352 0.8235989296
357 -11.91321534 0.8213961799
358 -12.04792103 0.8192391685
359 -12.17951139 0.8171214764
360 -12.30839202 0.8150373677
361 -12.43492214 0.8129817075
362 -12.55942065 0.8109498903
363 -12.68217138 0.8089377769
364 -12.80342762 0.8069416386
365 -12.92341598 0.8049581088
366 -13.04233981 0.80298414
367 -13.16038207 0.8010169657
368 -13.2777079 0.7990540674
369 -13.39446683 0.7970931448
370 -13.51079475 0.79513209
371 -13.62681553 0.7931689645
372 -13.74264259 0.7912019782
373 -13.85838017 0.7892294719
374 -13.97412447 0.7872499004
375 -14.0899647 0.7852618188
376 -14.20598397 0.783263869
377 -14.3222601 0.7812547682
378 -14.43886631 0.7792332988
379 -14.5558719 0.7771982987
380 -14.67334278 0.775148653
381 -14.79134202 0.7730832862
382 -14.9099303 0.7710011552
383 -15.02916633 0.768901243
384 -15.14910723 0.7667825528
385 -15.26980889 0.7646441022
386 -15.39132631 0.7624849188
387 -15.51371386 0.760304035
388 -15.63702559 0.7581004837
389 -15.7613155 0.755873294
390 -15.88663774 0.7536214874
391 -16.01304692 0.7513440741
392 -16.14059825 0.7490400487
393 -16.26934783 0.7467083875
394 -16.39935283 0.7443480441
395 -16.53067171 0.7419579465
396 -16.6633644 0.7395369936
397 -16.79749257 0.7370840516
398 -16.93311974 0.7345979505
399 -17.0703116 0.732077481
400 -17.20913613 0.7295213906
401 -17.34966387 0.72692838
402 -17.49196812 0.7242970996
403 -17.63612519 0.7216261457
404 -17.78221462 0.7189140565
405 -17.93031945 0.7161593081
406 -18.08052644 0.7133603103
407 -18.23292639 0.7105154023
408 -18.3876144 0.7076228486
409 -18.54469015 0.7046808335
410 -18.70425827 0.7016874571
411 -18.86642859 0.6986407301
412 -19.03131656 0.6955385684
413 -19.19904359 0.692378788
414 -19.3697374 0.6891590993
415 -19.54353248 0.6858771017
416 -19.72057051 0.6825302776
417 -19.90100074 0.6791159864
418 -20.08498056 0.6756314588
419 -20.27267591 0.6720737904
420 -20.46426185 0.6684399357
421 -20.65992304 0.6647267022
422 -20.85985437 0.6609307448
423 -21.06426144 0.6570485594
424 -21.27336124 0.6530764786
425 -21.48738269 0.6490106664
426 -21.70656729 0.6448471142
427 -21.9311697 0.6405816379
428 -22.1614584 0.6362098756
429 -22.39771624 0.6317272868
430 -22.64024102 0.6271291543
431 -22.88934608 0.6224105863
432 -23.1453607 0.6175665229
433 -23.4086306 0.6125917449
434 -23.67951818 0.6074808858
435 -23.95840279 0.6022284487
436 -24.2456807 0.5968288278
437 -24.54176504 0.5912763353
438 -24.84708538 0.5855652355
439 -25.1620871 0.5796897854
440 -25.48723045 0.5736442838
441 -25.82298923 0.5674231293
442 -26.16984898 0.5610208884
443 -26.52830479 0.5544323736
444 -26.89885843 0.5476527333
445 -27.28201498 0.5406775526
446 -27.67827872 0.5335029659
447 -28.08814829 0.5261257804
448 -28.51211121 0.5185436103
449 -28.95063745 0.5107550195
450 -29.40417239 0.502759671
451 -29.87312897 0.4945584801
452 -30.35787918 0.4861537669
453 -30.85874502 0.4775494047
454 -31.37598911 0.468750957
455 -31.90980499 0.4597657982
456 -32.46030768 0.4506032111
457 -33.02752449 0.4412744529
458 -33.61138661 0.4317927846
459 -34.21172183 0.4221734564
460 -34.82824869 0.4124336443
461 -35.46057255 0.4025923346
462 -36.10818382 0.3926701541
463 -36.77045867 0.382689149
464 -37.44666238 0.3726725134
465 -38.1359555 0.3626442771
466 -38.83740269 0.3526289595
467 -39.54998408 0.3426512019
468 -40.27260894 0.3327353907
469 -41.00413121 0.3229052855
470 -41.74336637 0.3131836647
471 -42.48910914 0.3035920018
472 -43.24015135 0.2941501823
473 -43.9952995 0.2848762706
474 -44.75339137 0.2757863309
475 -45.51331123 0.266894307
476 -46.27400321 0.2582119582
477 -47.03448265 0.2497488509
478 -47.79384509 0.2415124004
479 -48.55127288 0.2335079553
480 -49.30603939 0.2257389197
481 -50.05751095 0.2182069031
482 -50.80514653 0.2109118918
483 -51.54849544 0.2038524335
484 -52.28719326 0.197025829
485 -53.02095605 0.1904283254
486 -53.74957335 0.1840553051
487 -54.47289989 0.1779014679
488 -55.19084638 0.1719610022
489 -55.90336958 0.1662277436
490 -56.61046174 0.1606953192
491 -57.31213969 0.1553572764
492 -58.00843371 0.1502071966
493 -58.69937643 0.1452387913
494 -59.3849919 0.1404459833
495 -60.06528506 0.135822971
496 -60.74023189 0.131364277
497 -61.40977041 0.1270647816
498 -62.07379277 0.1229197415
499 -62.73213878 0.1189247939
500 -63.38459088 0.1150759489
501 -64.03087096 0.1113695691
502 -64.67063908 0.1078023399
503 -65.30349414 0.1043712311
504 -65.92897659 0.1010734525
505 -66.54657309 0.09790640477
506 -67.15572303 0.09486762904
507 -67.75582667 0.09195475583
508 -68.34625455 0.08916545672
509 -68.9263581 0.08649739972
510 -69.49548071 0.0839482102
511 -70.05296923 0.08151543831
512 -70.59818533 0.07919653376
513 -71.13051633 0.07698882813
514 -71.64938534 0.07488952474
515 -72.15426033 0.07289569561
516 -72.64466186 0.07100428486
517 -73.12016951 0.0692121176
518 -73.58042677 0.06751591335
519 -74.02514438 0.06591230298
520 -74.45410228 0.06439784795
521 -74.86715012 0.06296906109
522 -75.26420651 0.06162242779
523 -75.6452571 0.06035442712
524 -76.01035179 0.05916155194
525 -76.35960103 0.05804032783
526 -76.6931716 0.05698733024
527 -77.01128181 0.05599919983
528 -77.31419652 0.05507265569
529 -77.60222189 0.05420450654
530 -77.87570012 0.05339165998
531 -78.13500426 0.05263112968
532 -78.38053315 0.05192004087
533 -78.61270657 0.05125563413
534 -78.83196071 0.05063526774
535 -79.03874383 0.05005641868
536 -79.23351244 0.04951668252
537 -79.41672762 0.0490137724
538 -79.58885191 0.04854551711
539 -79.75034636 0.04810985855
540 -79.90166807 0.04770484871
541 -80.04326798 0.04732864614
542 -80.175589 0.04697951218
543 -80.29906446 0.04665580695
544 -80.41411672 0.0463559852
545 -80.52115623 0.04607859202
546 -80.62058057 0.04582225863
547 -80.71277392 0.04558569814
548 -80.79810653 0.0453677013
549 -80.87693447 0.04516713246
550 -80.94959947 0.04498292555
551 -81.01642886 0.04481408018
552 -81.07773567 0.04465965799
553 -81.13381876 0.04451877898
554 -81.18496309 0.04439061815
555 -81.23143995 0.04427440217
556 -81.27350737 0.04416940633
557 -81.31141045 0.04407495152
558 -81.34538179 0.04399040149
559 -81.37564193 0.04391516015
560 -81.40239979 0.04384866909
561 -81.42585313 0.04379040523
562 -81.446189 0.04373987855
563 -81.46358425 0.04369663008
564 -81.47820593 0.04366022983
565 -81.4902118 0.04363027503
566 -81.49975074 0.04360638835
567 -81.50696319 0.04358821629
568 -81.51198161 0.04357542763
569 -81.51493085 0.04356771204
570 -81.51592856 0.04356477871
571 -81.51508558 0.04356635512
572 -81.5125063 0.04357218585
573 -81.50828902 0.04358203149
574 -81.50252628 0.04359566761
575 -81.49530518 0.04361288383
576 -81.48670768 0.04363348286
577 -81.47681092 0.04365727974
578 -81.46568745 0.04368410098
579 -81.45340552 0.04371378391
580 -81.44002936 0.0437461759
581 -81.42561934 0.04378113381
582 -81.41023226 0.04381852335
583 -81.39392151 0.04385821851
584 -81.37673727 0.04390010115
585 -81.35872645 0.04394406098
586 -81.33993046 0.04398999988
587 -81.32036403 0.04403787484
588 -81.29982005 0.04408809336
589 -81.27608964 0.04414512513
590 -81.22873979 0.04425048467
591 -80.97133412 0.04478592644
592 -78.80791825 0.04943704473
593 -59.53337116 0.1120795398
594 31.52460416 0.9706904913
595 38.6456841 0.9999376445
596 37.83755365 0.9999351842
597 35.87231634 0.9999080499
598 33.0351683 0.9998459777
599 29.61212901 0.9997116481
600 25.9179789 0.9994329312
601 22.1946732 0.9988844055
602 18.59505404 0.9978720063
603 15.20734193 0.9961340295
604 12.08065914 0.9933736443
605 9.240455584 0.9893273341
606 6.695771793 0.9838493834
607 4.442641424 0.9769720762
608 2.466646372 0.9689081067
609 0.7458116464 0.9599952717
610 -0.7462368817 0.9506148305
611 -2.037385024 0.9411198596
612 -3.154831784 0.9317930171
613 -4.12369927 0.9228337522
614 -4.966342351 0.9143650321
615 -5.702157688 0.9064488762
616 -6.347697295 0.8991033535
617 -6.916938346 0.8923173679
618 -7.421612198 0.8860620561
619 -7.871536321 0.8802989119
620 -8.274920535 0.8749852481
621 -8.638635804 0.8700776802
622 -8.968443229 0.8655342251
623 -9.269185615 0.8613154704
624 -9.544945976 0.8573851409
625 -9.799177864 0.8537102884
626 -10.03481221 0.850261254
627 -10.25434483 0.8470115025
628 -10.45990816 0.8439373903
629 -10.65333013 0.8410179064
630 -10.83618269 0.8382344087
631 -11.00982181 0.8355703715
632 -11.17542063 0.8330111482
633 -11.33399705 0.8305437562
634 -11.48643674 0.8281566808
635 -11.63351235 0.825839702
636 -11.7758997 0.823583739
637 -11.91419143 0.8213807139
638 -12.04890855 0.8192234312
639 -12.1805102 0.8171054713
640 -12.30940198 0.815021098
641 -12.43594313 0.812965176
642 -12.56045256 0.8109330993
643 -12.68321413 0.8089207284
644 -12.80448113 0.8069243343
645 -12.92448021 0.8049405499
646 -13.0434147 0.8029663274
647 -13.1614676 0.8009988999
648 -13.27880407 0.7990357486
649 -13.39557365 0.7970745729
650 -13.51191224 0.7951132645
651 -13.62794374 0.7931498845
652 -13.74378158 0.7911826425
653 -13.85953001 0.7892098791
654 -13.97528526 0.7872300487
655 -14.09113656 0.785241706
656 -14.20716702 0.7832434926
657 -14.32345448 0.7812341255
658 -14.44007218 0.7792123867
659 -14.55708945 0.7771771137
660 -14.6745722 0.7751271913
661 -14.79258353 0.7730615437
662 -14.91118413 0.7709791275
663 -15.03043273 0.7688789253
664 -15.15038647 0.7667599399
665 -15.27110126 0.7646211886
666 -15.39263212 0.7624616987
667 -15.51503344 0.760280502
668 -15.6383593 0.7580766312
669 -15.76266371 0.7558491149
670 -15.88800085 0.7535969743
671 -16.01442533 0.751319219
672 -16.14199242 0.7490148433
673 -16.27075823 0.7466828229
674 -16.40077995 0.744322111
675 -16.53211608 0.7419316351
676 -16.66482657 0.7395102935
677 -16.79897312 0.7370569519
678 -16.93461929 0.7345704397
679 -17.07183079 0.7320495471
680 -17.21067565 0.7294930207
681 -17.35122444 0.7268995608
682 -17.4935505 0.724267817
683 -17.63773018 0.7215963848
684 -17.78384307 0.7188838018
685 -17.93197223 0.7161285431
686 -18.08220451 0.7133290178
687 -18.23463073 0.7104835643
688 -18.38934606 0.7075904458
689 -18.54645023 0.7046478458
690 -18.70604793 0.7016538636
691 -18.86824906 0.6986065084
692 -19.03316913 0.6955036952
693 -19.20092963 0.6923432386
694 -19.37165835 0.689122848
695 -19.54548987 0.6858401214
696 -19.72256593 0.6824925396
697 -19.90303591 0.6790774608
698 -20.08705727 0.675592114
699 -20.27479606 0.6720335932
700 -20.46642744 0.6683988514
701 -20.6621362 0.6646846944
702 -20.86211732 0.660887775
703 -21.06657656 0.6570045876
704 -21.27573102 0.6530314628
705 -21.48980977 0.6489645625
706 -21.70905445 0.6447998763
707 -21.93371989 0.640533218
708 -22.1640747 0.6361602235
709 -22.40040192 0.6316763507
710 -22.64299953 0.6270768799
711 -22.89218102 0.6223569176
712 -23.14827588 0.617511402
713 -23.41163001 0.6125351122
714 -23.682606 0.6074226799
715 -23.96158339 0.602168607
716 -24.24895865 0.5967672864
717 -24.5451451 0.5912130298
718 -24.85057248 0.585500101
719 -25.16568636 0.5796227571
720 -25.49094715 0.5735752978
721 -25.82682878 0.567352123
722 -26.17381694 0.5609478016
723 -26.53240679 0.5543571494
724 -26.90310017 0.547575319
725 -27.28640217 0.5405979011
726 -27.68281704 0.5334210369
727 -28.09284334 0.5260415419
728 -28.51696841 0.5184570403
729 -28.955662 0.5106661075
730 -29.40936916 0.5026684199
731 -29.87850242 0.4944649075
732 -30.36343326 0.4860579074
733 -30.86448307 0.4774513111
734 -31.38191373 0.4686507019
735 -31.91591796 0.4596634754
736 -32.46660983 0.4504989363
737 -33.03401561 0.4411683644
738 -33.61806537 0.4316850434
739 -34.21858568 0.4220642457
740 -34.83529383 0.4123231687
741 -35.46779388 0.402480818
742 -36.11557495 0.3925578381
743 -36.7780119 0.3825762896
744 -37.45436882 0.3725593782
745 -38.14380512 0.3625311411
746 -38.8453844 0.3525161012
747 -39.55808594 0.342538899
748 -40.28081828 0.3326239161
749 -41.01243483 0.322794903
750 -41.75175073 0.3130746251
751 -42.49756056 0.3034845394
752 -43.24865623 0.2940445121
753 -44.0038445 0.2847725859
754 -44.76196358 0.2756848018
755 -45.52189834 0.2667950788
756 -46.28259368 0.2581151517
757 -47.04306579 0.2496545623
758 -47.80241115 0.2414207016
759 -48.55981311 0.2334188959
760 -49.31454611 0.2256525279
761 -50.06597751 0.2181231878
762 -50.81356734 0.2108308446
763 -51.5568659 0.2037740307
764 -52.29550971 0.196950034
765 -53.02921571 0.1903550908
766 -53.75777422 0.1839845747
767 -54.48104066 0.1778331788
768 -55.19892632 0.1718950867
769 -55.91138841 0.1661641307
770 -56.61841954 0.1606339364
771 -57.32003673 0.155298051
772 -58.01627037 0.1501500568
773 -58.70715304 0.1451836672
774 -59.39270863 0.1403928079
775 -60.07294181 0.1357716806
776 -60.74782819 0.1313148119
777 -61.41730529 0.1270170863
778 -62.08126473 0.1228737646
779 -62.73954566 0.1188804885
780 -63.39192986 0.1150332721
781 -64.03813854 0.1113284818
782 -64.67783105 0.1077628065
783 -65.3106056 0.104333219
784 -65.93600201 0.1010369315
785 -66.55350636 0.09787134657
786 -67.16255756 0.09483400655
787 -67.76255546 0.09192254274
788 -68.35287034 0.08913462687
789 -68.93285346 0.08646792671
790 -69.5018482 0.08392006691
791 -70.05920151 0.08148859661
792 -70.60427529 0.07917096426
793 -71.13645721 0.07696450001
794 -71.65517085 0.07486640569
795 -72.15988472 0.07287375185
796 -72.65012003 0.07098348118
797 -73.12545706 0.0691924175
798 -73.58554003 0.06749727924
799 -74.03008047 0.06589469633
800 -74.45885912 0.06438122959
801 -74.87172639 0.06295339139
802 -75.26860168 0.06160766694
803 -75.64947139 0.06034053533
804 -76.01438612 0.05914848971
805 -76.36345699 0.05802805611
806 -76.69685137 0.05697581065
807 -77.01478815 0.05598839479
808 -77.31753268 0.05506252857
809 -77.60539155 0.05419502179
810 -77.87870735 0.05338278321
811 -78.13785344 0.05262282774
812 -78.38322892 0.05191228188
813 -78.61525381 0.05124838755
814 -78.83436441 0.05062850435
815 -79.04100914 0.05005011062
816 -79.23564455 0.04951080327
817 -79.41873178 0.04900829675
818 -79.59073334 0.04854042114
819 -79.75211027 0.04810511962
820 -79.9033196 0.0477004454
821 -80.04481219 0.04732455821
822 -80.17703086 0.04697572055
823 -80.3004088 0.04665229361
824 -80.41536827 0.04635273319
825 -80.52231954 0.04607558539
826 -80.62166008 0.04581948239
827 -80.7137739 0.04558313818
828 -80.79903108 0.04536534437
829 -80.87778754 0.04516496612
830 -80.95038484 0.04498093813
831 -81.01715015 0.04481226074
832 -81.07839634 0.04465799625
833 -81.13442212 0.04451726532
834 -81.18551227 0.04438924354
835 -81.23193794 0.04427315816
836 -81.27395702 0.04416828498
837 -81.31181445 0.04407394542
838 -81.34574271 0.04398950368
839 -81.37596219 0.04391436411
840 -81.40268169 0.04384796872
