0 -60.37407127 0.1337827136
1 -61.0629031 0.1292914673
2 -61.74583606 0.12496594
3 -62.42268962 0.1208013702
4 -63.09322446 0.1167933821
5 -63.75713935 0.1129379644
6 -64.41407013 0.1092314375
7 -65.06359091 0.1056704121
8 -65.70521738 0.1022517411
9 -66.33841215 0.09897246755
10 -66.96259206 0.09582977107
11 -67.57713705 0.09282091498
12 -68.18140036 0.08994319657
13 -68.77471966 0.08719390225
14 -69.35642878 0.08457026899
15 -69.92586947 0.08206945332
16 -70.48240298 0.07968850817
17 -71.02542097 0.07742436795
18 -71.55435551 0.07527384142
19 -72.06868785 0.0732336119
20 -72.56795583 0.07130024369
21 -73.05175977 0.06947019401
22 -73.51976684 0.067739829
23 -73.97171381 0.06610544282
24 -74.40740842 0.06456327871
25 -74.82672927 0.06310955096
26 -75.22962454 0.06174046697
27 -75.61610959 0.06045224862
28 -75.98626366 0.05924115244
29 -76.34022587 0.05810348812
30 -76.67819058 0.05703563497
31 -77.00040245 0.05603405641
32 -77.30715117 0.05509531215
33 -77.59876617 0.05421606823
34 -77.87561122 0.05339310506
35 -78.13807923 0.05262332334
36 -78.38658721 0.05190374836
37 -78.62157144 0.05123153251
38 -78.84348298 0.05060395653
39 -79.05278349 0.05001842938
40 -79.24994141 0.04947248712
41 -79.43542849 0.0489637909
42 -79.60971665 0.0484901242
43 -79.77327528 0.04804938949
44 -79.92656883 0.04763960447
45 -80.07005465 0.0472588979
46 -80.20418135 0.04690550527
47 -80.32938718 0.04657776424
48 -80.44609891 0.04627411004
49 -80.55473079 0.04599307081
50 -80.65568383 0.04573326303
51 -80.74934517 0.0454933869
52 -80.83608775 0.04527222194
53 -80.91627005 0.04506862259
54 -80.99023593 0.0448815141
55 -81.05831472 0.04470988839
56 -81.12082124 0.04455280023
57 -81.17805604 0.04440936353
58 -81.23030563 0.04427874777
59 -81.27784281 0.04416017463
60 -81.32092701 0.04405291486
61 -81.35980468 0.04395628517
62 -81.39470975 0.04386964545
63 -81.42586402 0.04379239601
64 -81.45347766 0.04372397508
65 -81.47774965 0.04366385638
66 -81.49886826 0.04361154691
67 -81.51701149 0.0435665848
68 -81.53234758 0.04352853734
69 -81.54503544 0.0434969991
70 -81.55522508 0.0434715902
71 -81.56305809 0.04345195469
72 -81.56866802 0.04343775896
73 -81.57218082 0.04342869037
74 -81.57371519 0.04342445591
75 -81.57338286 0.04342478124
76 -81.57128753 0.04342941228
77 -81.56751296 0.04343813869
78 -81.56201226 0.04345101514
79 -81.55360806 0.04347036357
80 -81.53098495 0.04351883153
81 -81.39161347 0.04380274673
82 -80.21311552 0.04624044226
83 -69.76813352 0.07343335094
84 11.73840591 0.7561862843
85 38.38047887 0.9998805214
86 38.15308992 0.9999385378
87 36.41470843 0.9999166388
88 33.71141678 0.9998640174
89 30.31045518 0.999746757
90 26.54516355 0.9994955487
91 22.6943704 0.9989837856
92 18.9423411 0.9980061431
93 15.39763776 0.996273228
94 12.12115236 0.9934426391
95 9.144790482 0.9891964627
96 6.480724393 0.9833448573
97 4.12578635 0.9759052934
98 2.064647874 0.9671112826
99 0.2733136896 0.9573473198
100 -1.277125449 0.9470495846
101 -2.61711983 0.9366194013
102 -3.776156397 0.9263738946
103 -4.781234749 0.9165328491
104 -5.656162746 0.9072285274
105 -6.421415021 0.8985250083
106 -7.094318744 0.8904383472
107 -7.689395362 0.8829535337
108 -8.218751218 0.8760371961
109 -8.692458132 0.8696464238
110 -9.118896211 0.8637345451
111 -9.505049257 0.8582547137
112 -9.85675271 0.8531619995
113 -10.17889848 0.8484145019
114 -10.47560259 0.8439738448
115 -10.75034176 0.8398052953
116 -11.00606445 0.8358776635
117 -11.24528109 0.8321630838
118 -11.47013763 0.8286367405
119 -11.68247552 0.8252765748
120 -11.88388091 0.8220629953
121 -12.07572494 0.8189786043
122 -12.25919716 0.816007946
123 -12.43533302 0.8131372785
124 -12.60503689 0.8103543695
125 -12.76910117 0.8076483152
126 -12.92822233 0.8050093806
127 -13.08301446 0.802428858
128 -13.23402065 0.7998989435
129 -13.38172267 0.7974126287
130 -13.5265492 0.7949636044
131 -13.66888285 0.7925461782
132 -13.80906616 0.7901552001
133 -13.94740682 0.7877859983
134 -14.08418209 0.7854343227
135 -14.21964265 0.7830962945
136 -14.35401599 0.7807683624
137 -14.48750925 0.7784472635
138 -14.62031185 0.7761299887
139 -14.75259762 0.7738137525
140 -14.88452681 0.7714959653
141 -15.0162478 0.7691742096
142 -15.1478986 0.766846218
143 -15.2796082 0.764509854
144 -15.41149777 0.7621630947
145 -15.54368174 0.7598040149
146 -15.67626872 0.7574307729
147 -15.80936238 0.7550415979
148 -15.94306225 0.752634778
149 -16.07746438 0.7502086495
150 -16.21266201 0.7477615873
151 -16.34874614 0.7452919952
152 -16.48580612 0.7427982981
153 -16.62393009 0.7402789335
154 -16.76320551 0.7377323443
155 -16.90371956 0.7351569718
156 -17.04555959 0.7325512488
157 -17.18881352 0.7299135933
158 -17.33357022 0.7272424021
159 -17.47991989 0.724536045
160 -17.62795442 0.7217928584
161 -17.77776777 0.7190111404
162 -17.92945632 0.716189144
163 -18.08311922 0.7133250721
164 -18.23885877 0.7104170715
165 -18.39678076 0.7074632274
166 -18.55699489 0.7044615573
167 -18.71961507 0.7014100054
168 -18.8847599 0.6983064367
169 -19.05255299 0.6951486312
170 -19.22312344 0.6919342774
171 -19.39660621 0.6886609668
172 -19.57314261 0.685326187
173 -19.75288073 0.6819273161
174 -19.93597593 0.678461616
175 -20.12259134 0.6749262261
176 -20.31289835 0.6713181572
177 -20.50707717 0.6676342851
178 -20.70531736 0.6638713445
179 -20.90781842 0.6600259233
180 -21.11479035 0.656094457
181 -21.32645423 0.6520732234
182 -21.54304288 0.6479583384
183 -21.76480141 0.6437457517
184 -21.99198787 0.6394312447
185 -22.22487381 0.6350104285
186 -22.46374492 0.6304787436
187 -22.70890153 0.6258314619
188 -22.96065916 0.6210636907
189 -23.21934898 0.6161703787
190 -23.48531816 0.6111463263
191 -23.75893019 0.6059861981
192 -24.04056504 0.6006845412
193 -24.33061914 0.5952358072
194 -24.62950523 0.5896343803
195 -24.93765193 0.5838746123
196 -25.25550305 0.5779508637
197 -25.58351662 0.5718575541
198 -25.92216351 0.5655892205
199 -26.2719256 0.5591405858
200 -26.63329355 0.552506637
201 -27.00676391 0.5456827149
202 -27.39283573 0.5386646138
203 -27.79200649 0.5314486934
204 -28.20476725 0.5240320003
205 -28.63159721 0.5164123996
206 -29.07295738 0.5085887145
207 -29.52928363 0.5005608721
208 -30.00097891 0.4923300517
209 -30.48840496 0.4838988325
210 -30.99187343 0.4752713358
211 -31.51163661 0.4664533564
212 -32.04787806 0.4574524771
213 -32.6007033 0.4482781592
214 -33.17013088 0.4389418037
215 -33.75608419 0.4294567747
216 -34.35838439 0.4198383809
217 -34.97674467 0.4101038091
218 -35.61076653 0.4002720067
219 -36.25993801 0.3903635126
220 -36.92363447 0.3804002368
221 -37.60112195 0.3704051928
222 -38.29156318 0.3604021894
223 -38.99402633 0.3504154907
224 -39.70749622 0.3404694547
225 -40.4308878 0.3305881643
226 -41.16306144 0.3207950621
227 -41.9028396 0.3111126038
228 -42.64902434 0.3015619405
229 -43.40041499 0.2921626426
230 -44.15582553 0.2829324709
231 -44.91410104 0.2738872026
232 -45.67413282 0.2650405137
233 -46.43487163 0.2564039177
234 -47.19533901 0.2479867584
235 -47.95463615 0.2397962523
236 -48.71195052 0.2318375736
237 -49.46656005 0.2241139753
238 -50.21783501 0.2166269387
239 -50.96523773 0.209376343
240 -51.70832028 0.2023606489
241 -52.44672037 0.1955770885
242 -53.18015566 0.1890218565
243 -53.90841668 0.1826902978
244 -54.63135861 0.176577087
245 -55.34889212 0.1706763982
246 -56.06097344 0.1649820618
247 -56.76759387 0.1594877064
248 -57.46876894 0.1541868868
249 -58.16452735 0.1490731948
250 -58.8548999 0.1441403552
251 -59.53990867 0.1393823047
252 -60.21955659 0.1347932557
253 -60.89381756 0.1303677438
254 -61.56262761 0.1261006608
255 -62.22587697 0.1219872723
256 -62.88340364 0.1180232232
257 -63.53498839 0.1142045282
258 -64.18035154 0.1105275535
259 -64.8191517 0.1069889861
260 -65.45098634 0.1035857967
261 -66.07539454 0.1003151955
262 -66.69186157 0.09717458398
263 -67.29982536 0.0941615046
264 -67.8986846 0.09127359049
265 -68.48780824 0.0885085174
266 -69.06654597 0.08586395927
267 -69.63423946 0.08333754933
268 -70.19023382 0.08092684745
269 -70.73388904 0.07862931485
270 -71.26459098 0.07644229619
271 -71.78176151 0.07436300925
272 -72.28486773 0.07238854156
273 -72.77342978 0.0705158535
274 -73.24702735 0.06874178699
275 -73.70530461 0.06706307857
276 -74.14797366 0.06547637619
277 -74.57481644 0.06397825824
278 -74.9856853 0.06256525418
279 -75.38050217 0.0612338657
280 -75.7592567 0.05998058766
281 -76.12200329 0.0588019283
282 -76.46885746 0.05769442807
283 -76.79999142 0.05665467683
284 -77.11562932 0.05567932916
285 -77.41604205 0.05476511768
286 -77.701542 0.05390886427
287 -77.97247766 0.05310748929
288 -78.22922838 0.05235801888
289 -78.47219921 0.05165759045
290 -78.70181598 0.05100345647
291 -78.91852071 0.0503929869
292 -79.12276728 0.04982367014
293 -79.31501743 0.04929311303
294 -79.49573723 0.04879903971
295 -79.66539373 0.04833928987
296 -79.824452 0.04791181652
297 -79.97337114 0.04751468598
298 -80.11259009 0.04714610028
299 -80.24242189 0.04680461517
300 -80.36215561 0.04649103986
301 -80.46230389 0.04622481106
302 -80.45749503 0.04618561328
303 -79.60518264 0.04797509135
304 -71.50142559 0.06875044731
305 -6.800984681 0.5666521505
306 37.79557543 0.9997515124
307 38.01971361 0.999936817
308 36.23765173 0.999913972
309 33.38400784 0.9998559676
310 29.76554922 0.999721253
311 25.74928214 0.999419779
312 21.64491209 0.9987796091
313 17.65911404 0.9975137148
314 13.91445563 0.9952149047
315 10.47907601 0.9914141111
316 7.38642336 0.9857122061
317 4.645249951 0.9779355138
318 2.245234007 0.9682230087
319 0.1620216315 0.9569885901
320 -1.637341194 0.9447891248
321 -3.189285717 0.9321797934
322 -4.52977867 0.9196180018
323 -5.691878883 0.9074284153
324 -6.704593682 0.8958106563
325 -7.592627063 0.8848660087
326 -8.376633039 0.8746269915
327 -9.073697388 0.8650823093
328 -9.697881178 0.8561952417
329 -10.26073963 0.847916098
330 -10.7717792 0.8401901363
331 -11.23884293 0.832962317
332 -11.66842703 0.826179971
333 -12.06593724 0.8197941516
334 -12.43589485 0.8137601845
335 -12.78210148 0.8080377512
336 -13.10777108 0.8025907129
337 -13.41563552 0.7973868035
338 -13.70802953 0.7923972689
339 -13.98695907 0.7875964956
340 -14.25415682 0.7829616522
341 -14.51112714 0.7784723585
342 -14.75918297 0.7741103843
343 -14.99947602 0.7698593809
344 -15.23302179 0.7657046432
345 -15.46072023 0.7616329006
346 -15.68337301 0.7576321337
347 -15.90169805 0.7536914132
348 -16.11634164 0.7498007598
349 -16.32788878 0.7459510207
350 -16.53687198 0.7421337621
351 -16.74377872 0.7383411738
352 -16.94905795 0.7345659865
353 -17.15312562 0.7308013974
354 -17.35636956 0.7270410054
355 -17.55915368 0.7232787527
356 -17.76182169 0.7195088731
357 -17.96470044 0.7157258457
358 -18.16810277 0.7119243529
359 -18.3723302 0.7080992425
360 -18.57767524 0.7042454936
361 -18.78442359 0.7003581853
362 -18.99285609 0.6964324676
363 -19.20325053 0.6924635353
364 -19.41588337 0.6884466034
365 -19.63103126 0.6843768846
366 -19.84897262 0.6802495683
367 -20.06998899 0.6760598011
368 -20.2943664 0.6718026686
369 -20.52239669 0.667473179
370 -20.75437874 0.6630662477
371 -20.99061968 0.6585766837
372 -21.23143606 0.6539991769
373 -21.47715497 0.6493282881
374 -21.72811512 0.6445584404
375 -21.98466788 0.6396839124
376 -22.2471782 0.6346988348
377 -22.51602556 0.6295971897
378 -22.79160473 0.6243728128
379 -23.07432647 0.6190194007
380 -23.36461807 0.6135305219
381 -23.66292376 0.6078996342
382 -23.96970483 0.6021201075
383 -24.28543961 0.5961852549
384 -24.61062304 0.590088371
385 -24.94576598 0.58382278
386 -25.29139401 0.5773818945
387 -25.64804585 0.5707592848
388 -26.01627112 0.5639487613
389 -26.39662752 0.5569444698
390 -26.78967735 0.5497410002
391 -27.19598315 0.5423335101
392 -27.6161026 0.534717861
393 -28.05058246 0.5268907685
394 -28.49995169 0.5188499633
395 -28.96471356 0.5105943617
396 -29.44533697 0.5021242411
397 -29.94224688 0.4934414171
398 -30.45581418 0.4845494162
399 -30.98634501 0.4754536372
400 -31.53406988 0.4661614937
401 -32.09913285 0.4566825304
402 -32.68158121 0.4470285031
403 -33.281356 0.4372134155
404 -33.89828378 0.427253504
405 -34.53207029 0.4171671655
406 -35.18229618 0.4069748232
407 -35.84841542 0.3966987294
408 -36.52975651 0.3863627067
409 -37.2255269 0.3759918335
410 -37.93482044 0.3656120815
411 -38.65662796 0.3552499165
412 -39.38985072 0.3449318771
413 -40.13331626 0.3346841474
414 -40.88579622 0.3245321377
415 -41.64602549 0.314500091
416 -42.41272201 0.3046107291
417 -43.18460664 0.2948849488
418 -43.96042222 0.2853415782
419 -44.73895144 0.2759971979
420 -45.51903286 0.2668660286
421 -46.29957476 0.2579598842
422 -47.07956644 0.2492881858
423 -47.85808689 0.24085803
424 -48.63431078 0.2326743034
425 -49.40751171 0.2247398356
426 -50.17706293 0.217055579
427 -50.94243576 0.2096208097
428 -51.7031958 0.2024333387
429 -52.45899722 0.1954897281
430 -53.20957551 0.1887855046
431 -53.95473872 0.1823153665
432 -54.69435765 0.1760733801
433 -55.42835506 0.1700531613
434 -56.15669425 0.1642480423
435 -56.87936713 0.1586512203
436 -57.59638215 0.1532558877
437 -58.30775216 0.1480553444
438 -59.01348253 0.1430430905
439 -59.7135598 0.1382129002
440 -60.40794105 0.133558878
441 -61.09654434 0.1290754966
442 -61.77924042 0.1247576178
443 -62.45584596 0.1206004981
444 -63.12611862 0.1165997791
445 -63.78975404 0.1127514655
446 -64.44638494 0.1090518921
447 -65.0955824 0.1054976816
448 -65.73685928 0.1020856966
449 -66.36967567 0.09881298744
450 -66.99344627 0.09567673817
451 -67.60754931 0.09267421428
452 -68.21133689 0.08980271288
453 -68.80414607 0.08705951813
454 -69.38531062 0.08444186313
455 -69.95417285 0.08194689914
456 -70.51009509 0.07957167293
457 -71.05247064 0.07731311218
458 -71.58073364 0.07516801878
459 -72.09436786 0.07313306928
460 -72.59291396 0.07120482171
461 -73.0759754 0.06937972767
462 -73.54322265 0.06765414854
463 -73.99439592 0.06602437471
464 -74.42930642 0.06448664671
465 -74.84783624 0.06303717722
466 -75.24993695 0.0616721731
467 -75.6356272 0.06038785672
468 -76.00498933 0.05918048611
469 -76.35816539 0.05804637329
470 -76.69535243 0.05698190073
471 -77.01679756 0.05598353568
472 -77.32279271 0.05504784225
473 -77.61366922 0.05417149139
474 -77.88979258 0.05335126876
475 -78.15155715 0.05258408062
476 -78.39938113 0.05186695801
477 -78.63370177 0.05119705922
478 -78.85497092 0.05057167092
479 -79.06365079 0.04998820801
480 -79.26021019 0.04944421246
481 -79.44512107 0.04893735124
482 -79.61885544 0.0484654135
483 -79.78188262 0.04802630727
484 -79.93466684 0.04761805561
485 -80.0776652 0.04723879248
486 -80.2113259 0.04688675835
487 -80.33608676 0.04656029566
488 -80.45237404 0.04625784422
489 -80.56060142 0.04597793654
490 -80.66116931 0.04571919323
491 -80.75446424 0.04548031845
492 -80.84085849 0.04526009546
493 -80.92070985 0.04505738224
494 -80.99436154 0.04487110738
495 -81.06214219 0.04470026597
496 -81.12436596 0.04454391577
497 -81.18133273 0.04440117348
498 -81.23332835 0.04427121125
499 -81.28062497 0.04415325325
500 -81.32348139 0.04404657256
501 -81.36214346 0.04395048811
502 -81.39684449 0.04386436186
503 -81.42780573 0.04378759606
504 -81.45523678 0.04371963076
505 -81.47933609 0.04365994142
506 -81.5002914 0.04360803662
507 -81.51828025 0.04356345601
508 -81.53347038 0.04352576829
509 -81.54602027 0.04349456937
510 -81.55607949 0.04346948062
511 -81.56378921 0.04345014724
512 -81.5692826 0.04343623673
513 -81.57268525 0.04342743747
514 -81.5741155 0.04342345741
515 -81.57368473 0.04342402312
516 -81.57149634 0.04342888136
517 -81.56763378 0.04343782262
518 -81.5620498 0.04345090243
519 -81.5535661 0.04347044476
520 -81.53086078 0.04351911042
521 -81.39134478 0.04380334925
522 -80.2120776 0.04624272503
523 -69.76048812 0.07345751614
524 11.78186116 0.7566247528
525 38.38120575 0.9998806855
526 38.15295349 0.9999385366
527 36.41444892 0.9999166348
528 33.71119144 0.9998640114
529 30.31041588 0.9997467539
530 26.54542209 0.9994955689
531 22.69498049 0.998983889
532 18.94330862 0.9980064676
533 15.39893747 0.9962740351
534 12.12274123 0.993444342
535 9.146617365 0.9891996049
536 6.482737287 0.983350028
537 4.127937984 0.9759130088
538 2.066899359 0.9671218894
539 0.2756359939 0.9573609619
540 -1.27475189 0.9470662317
541 -2.614706674 0.9366389089
542 -3.77370937 0.9263960648
543 -4.778755517 0.9165574747
544 -5.653650441 0.9072554176
545 -6.418867356 0.898553999
546 -7.09173278 0.890469303
547 -7.686767995 0.8829863451
548 -8.21607947 0.8760717751
549 -8.689739311 0.8696826995
550 -9.116127985 0.8637724598
551 -9.50222967 0.8582942193
552 -9.853880174 0.8532030555
553 -10.17597174 0.8484570732
554 -10.4726207 0.8440179007
555 -10.74730404 0.8398508081
556 -11.00297043 0.8359246081
557 -11.24213048 0.8322114373
558 -11.4669303 0.8286864816
559 -11.67921146 0.825327684
560 -11.8805602 0.8221154542
561 -12.07234773 0.8190323962
562 -12.25576365 0.8160630555
563 -12.43184344 0.8131936914
564 -12.60149147 0.8104120729
565 -12.76550015 0.8077072976
566 -12.92456595 0.8050696318
567 -13.07930292 0.8024903692
568 -13.23025413 0.7999617073
569 -13.37790131 0.7974766389
570 -13.5226731 0.7950288566
571 -13.66495204 0.7926126689
572 -13.80508065 0.7902229276
573 -13.94336654 0.7878549622
574 -14.0800869 0.7855045242
575 -14.21549237 0.7831677361
576 -14.34981035 0.7808410482
577 -14.48324793 0.778521199
578 -14.61599444 0.7762051812
579 -14.74822363 0.7738902105
580 -14.8800957 0.7715736992
581 -15.01175892 0.7692532311
582 -15.14335124 0.7669265406
583 -15.27500154 0.7645914928
584 -15.40683094 0.7622460664
585 -15.53895374 0.759888338
586 -15.67147848 0.7575164677
587 -15.80450874 0.7551286863
588 -15.93814395 0.7527232839
589 -16.07248004 0.7502985988
590 -16.20761016 0.7478530075
591 -16.34362521 0.7453849161
592 -16.48061441 0.7428927514
593 -16.61866579 0.7403749531
594 -16.75786669 0.7378299664
595 -16.89830416 0.7352562349
596 -17.04006543 0.7326521937
597 -17.18323827 0.7300162634
598 -17.32791141 0.7273468432
599 -17.47417489 0.7246423057
600 -17.62212046 0.7219009904
601 -17.7718419 0.7191211978
602 -17.92343541 0.7163011844
603 -18.07699997 0.7134391562
604 -18.23263768 0.7105332634
605 -18.39045413 0.7075815946
606 -18.55055879 0.7045821711
607 -18.71306537 0.7015329409
608 -18.87809221 0.6984317731
609 -19.04576269 0.6952764519
610 -19.21620562 0.6920646702
611 -19.38955569 0.688794024
612 -19.56595391 0.685462006
613 -19.74554807 0.6820659991
614 -19.92849318 0.6786032706
615 -20.11495203 0.6750709653
616 -20.30509564 0.6714660998
617 -20.49910384 0.6677855556
618 -20.69716578 0.6640260738
619 -20.89948052 0.6601842484
620 -21.10625761 0.6562565215
621 -21.31771766 0.6522391775
622 -21.53409299 0.648128339
623 -21.75562819 0.6439199629
624 -21.98258076 0.6396098374
625 -22.21522169 0.6351935804
626 -22.45383608 0.6306666395
627 -22.69872365 0.6260242933
628 -22.9501993 0.6212616556
629 -23.20859355 0.6163736813
630 -23.47425291 0.6113551762
631 -23.74754024 0.6062008102
632 -24.02883481 0.6009051345
633 -24.31853241 0.5954626036
634 -24.61704514 0.5898676037
635 -24.92480098 0.5841144865
636 -25.24224318 0.5781976112
637 -25.56982922 0.5721113933
638 -25.9080295 0.5658503634
639 -26.25732552 0.5594092349
640 -26.61820764 0.5527829819
641 -26.99117228 0.5459669283
642 -27.37671847 0.5389568477
643 -27.77534386 0.5317490739
644 -28.18753992 0.5243406227
645 -28.61378643 0.5167293229
646 -29.05454532 0.5089139557
647 -29.51025362 0.5008944004
648 -29.9813158 0.4926717823
649 -30.46809544 0.4842486209
650 -30.9709064 0.4756289727
651 -31.49000354 0.4668185623
652 -32.02557339 0.4578248985
653 -32.57772478 0.4486573657
654 -33.14647992 0.4393272862
655 -33.73176617 0.4298479456
656 -34.33340888 0.4202345756
657 -34.95112568 0.4105042902
658 -35.58452255 0.4006759695
659 -36.23309207 0.3907700934
660 -36.89621405 0.3808085225
