0 -81.33619605 0.0439978349
1 -58.86691466 0.1229489654
2 21.55134093 0.8186089725
3 42.51152711 0.9999508106
4 45.97396201 0.9999845318
5 52.17000343 0.999995021
6 44.0549947 0.9999818024
7 39.52957746 0.9999556902
8 35.60083681 0.999906492
9 31.76700882 0.9998080993
10 27.98217381 0.9996124514
11 24.28267602 0.999235341
12 20.7115726 0.9985392878
13 17.30639631 0.9973196553
14 14.09919993 0.9953060666
15 11.11705981 0.992193717
16 8.381074397 0.987710364
17 5.904444029 0.9817022574
18 3.690824224 0.9742000109
19 1.733969356 0.9654272313
20 0.01900875505 0.95574626
21 -1.475067746 0.945570883
22 -2.772536926 0.9352861921
23 -3.898411933 0.925199821
24 -4.876627656 0.915526632
25 -5.728977058 0.9063961961
26 -6.474647408 0.8978706489
27 -7.130157381 0.889964208
28 -7.709523315 0.8826599974
29 -8.224533033 0.8759228293
30 -8.685051894 0.8697081447
31 -9.099319538 0.8639678798
32 -9.474217624 0.8586540926
33 -9.815501568 0.8537210561
34 -10.12799615 0.8491263463
35 -10.4157581 0.8448312995
36 -10.68220993 0.8408010882
37 -10.93024965 0.8370045798
38 -11.16234038 0.8334140805
39 -11.38058356 0.8300050291
40 -11.5867789 0.8267556779
41 -11.7824734 0.8236467826
42 -11.96900176 0.8206613123
43 -12.14751954 0.8177841858
44 -12.31903077 0.8150020341
45 -12.4844107 0.8123029902
46 -12.64442487 0.8096765033
47 -12.79974504 0.8071131758
48 -12.95096253 0.8046046209
49 -13.09859953 0.8021433374
50 -13.24311856 0.7997226014
51 -13.38493065 0.7973363709
52 -13.52440217 0.7949792028
53 -13.66186075 0.7926461802
54 -13.79760031 0.7903328486
55 -13.93188545 0.7880351607
56 -14.06495517 0.7857494269
57 -14.19702613 0.7834722726
58 -14.32829546 0.7812006001
59 -14.45894325 0.7789315552
60 -14.58913467 0.7766624975
61 -14.71902185 0.7743909742
62 -14.84874555 0.7721146969
63 -14.97843662 0.7698315204
64 -15.10821727 0.7675394245
65 -15.23820224 0.7652364971
66 -15.36849979 0.7629209193
67 -15.49921266 0.7605909519
68 -15.63043884 0.7582449233
69 -15.76227232 0.7558812179
70 -15.89480377 0.7534982666
71 -16.02812116 0.7510945371
72 -16.16231029 0.7486685252
73 -16.2974553 0.7462187472
74 -16.43363916 0.7437437323
75 -16.57094411 0.7412420158
76 -16.70945207 0.7387121321
77 -16.84924503 0.7361526094
78 -16.99040539 0.7335619629
79 -17.13301639 0.7309386895
80 -17.27716237 0.7282812624
81 -17.42292916 0.7255881256
82 -17.57040438 0.7228576888
83 -17.71967776 0.7200883223
84 -17.87084149 0.7172783517
85 -18.02399049 0.7144260534
86 -18.17922276 0.711529649
87 -18.33663971 0.7085873007
88 -18.49634646 0.7055971063
89 -18.65845221 0.702557094
90 -18.82307053 0.6994652175
91 -18.99031976 0.6963193509
92 -19.16032336 0.6931172836
93 -19.33321023 0.6898567152
94 -19.50911515 0.6865352506
95 -19.68817915 0.6831503944
96 -19.8705499 0.6796995467
97 -20.05638214 0.6761799973
98 -20.24583808 0.6725889215
99 -20.43908789 0.6689233752
100 -20.63631005 0.6651802907
101 -20.83769192 0.6613564727
102 -21.04343009 0.6574485945
103 -21.2537309 0.6534531953
104 -21.46881087 0.6493666778
105 -21.68889716 0.645185307
106 -21.91422799 0.6409052094
107 -22.14505308 0.6365223747
108 -22.38163401 0.6320326575
109 -22.62424458 0.6274317824
110 -22.87317111 0.6227153498
111 -23.12871264 0.6178788454
112 -23.39118113 0.6129176521
113 -23.66090143 0.6078270647
114 -23.93821127 0.6026023097
115 -24.22346101 0.597238568
116 -24.51701322 0.5917310036
117 -24.81924212 0.586074797
118 -25.13053269 0.5802651845
119 -25.45127961 0.5742975045
120 -25.7818858 0.5681672504
121 -26.12276071 0.5618701302
122 -26.4743181 0.5554021353
123 -26.83697357 0.5487596154
124 -27.2111415 0.5419393621
125 -27.59723154 0.5349387003
126 -27.99564467 0.527755585
127 -28.40676866 0.5203887059
128 -28.83097305 0.5128375951
129 -29.2686037 0.5051027378
130 -29.71997677 0.4971856842
131 -30.18537244 0.4890891576
132 -30.66502824 0.4808171576
133 -31.15913219 0.4723750535
134 -31.667816 0.4637696636
135 -32.19114829 0.4550093171
136 -32.72912815 0.4461038932
137 -33.28167933 0.4370648334
138 -33.84864511 0.4279051241
139 -34.4297842 0.4186392451
140 -35.02476791 0.4092830833
141 -35.63317877 0.3998538102
142 -36.25451067 0.3903697231
143 -36.88817092 0.3808500544
144 -37.53348397 0.3713147498
145 -38.18969708 0.3617842237
146 -38.8559877 0.3522790963
147 -39.53147248 0.342819921
148 -40.21521769 0.3334269106
149 -40.90625085 0.3241196701
150 -41.60357309 0.3149169452
151 -42.30617207 0.3058363933
152 -43.01303499 0.2968943836
153 -43.7231613 0.2881058317
154 -44.4355749 0.2794840713
155 -45.14933537 0.2710407652
156 -45.8635481 0.2627858553
157 -46.57737304 0.2547275506
158 -47.29003193 0.2468723493
159 -48.00081404 0.239225092
160 -48.70908023 0.2317890423
161 -49.41426544 0.2245659878
162 -50.11587976 0.2175563585
163 -50.81350795 0.2107593573
164 -51.50680774 0.2041730972
165 -52.19550698 0.1977947428
166 -52.87939961 0.1916206509
167 -53.55834087 0.185646509
168 -54.23224164 0.1798674683
169 -54.90106209 0.1742782692
170 -55.56480484 0.1688733595
171 -56.22350754 0.1636470025
172 -56.87723522 0.1585933759
173 -57.52607223 0.1537066601
174 -58.17011411 0.1489811167
175 -58.80945927 0.1444111565
176 -59.44420081 0.1399913968
177 -60.07441838 0.1357167093
178 -60.70017033 0.1315822573
179 -61.32148637 0.1275835234
180 -61.93836062 0.1237163274
181 -62.5507456 0.1199768348
182 -63.15854692 0.1163615561
183 -63.76161918 0.1128673379
184 -64.35976302 0.1094913456
185 -64.95272347 0.1062310396
186 -65.54018987 0.1030841447
187 -66.12179711 0.1000486145
188 -66.69712856 0.09712259276
189 -67.26572032 0.0943043716
190 -67.82706695 0.091592349
191 -68.38062837 0.088984987
192 -68.92583782 0.08648077161
193 -69.46211059 0.08407817587
194 -69.98885329 0.08177562715
195 -70.50547338 0.07957147942
196 -71.01138869 0.077463991
197 -71.50603653 0.07545130831
198 -71.98888236 0.07353145535
199 -72.45942764 0.07170232889
200 -72.91721669 0.06996169892
201 -73.36184253 0.06830721364
202 -73.79295149 0.06673640852
203 -74.21024671 0.06524671843
204 -74.61349032 0.0638354923
205 -75.00250453 0.06250000931
206 -75.37717168 0.06123749613
207 -75.7374332 0.06004514439
208 -76.08328781 0.05892012799
209 -76.41478887 0.05785961974
210 -76.73204128 0.0568608069
211 -77.03519769 0.05592090555
212 -77.32445459 0.05503717346
213 -77.60004799 0.0542069214
214 -77.86224907 0.05342752293
215 -78.11135975 0.05269642258
216 -78.3477084 0.05201114253
217 -78.57164552 0.05136928791
218 -78.78353975 0.05076855074
219 -78.98377401 0.05020671273
220 -79.17274191 0.04968164694
221 -56.72726327 0.1360110779
222 22.538755 0.8469373238
223 42.77132446 0.9999550542
224 46.57238502 0.9999861189
225 53.04786758 0.9999957828
226 44.51349573 0.9999835225
227 39.30499972 0.9999543819
228 34.72501334 0.9998912022
229 30.29442825 0.9997507638
230 25.97133186 0.9994458223
231 21.79528087 0.9988138585
232 17.8139278 0.9975812423
233 14.07043759 0.9953436717
234 10.6018554 0.9915987904
235 7.437119109 0.9858596186
236 4.593663845 0.977826862
237 2.074490714 0.9675310361
238 -0.1322589245 0.9553489596
239 -2.050636315 0.9418832909
240 -3.712261078 0.9277862282
241 -5.151537843 0.9136202559
242 -6.40198702 0.8997945221
243 -7.494061699 0.8865634601
244 -8.454214347 0.8740568586
245 -9.304782162 0.8623171591
246 -10.06430983 0.8513318067
247 -10.74805169 0.8410570893
248 -11.36850603 0.8314340473
249 -11.93590981 0.8223983406
250 -12.45866596 0.8138859704
251 -12.94369861 0.805836334
252 -13.3967419 0.79819365
253 -13.82257185 0.7909074282
254 -14.22519143 0.7839324097
255 -14.60797779 0.7772282337
256 -14.97379955 0.7707589827
257 -15.3251103 0.764492691
258 -15.66402352 0.7584008641
259 -15.9923728 0.7524580306
260 -16.31176044 0.746641339
261 -16.62359703 0.7409301978
262 -16.92913364 0.7353059617
263 -17.22948838 0.729751657
264 -17.52566832 0.7242517429
265 -17.81858764 0.7187919056
266 -18.10908294 0.713358879
267 -18.397926 0.7079402902
268 -18.68583463 0.7025245251
269 -18.97348198 0.697100612
270 -19.26150437 0.6916581211
271 -19.55050816 0.6861870768
272 -19.84107562 0.6806778828
273 -20.13377009 0.6751212568
274 -20.42914042 0.6695081757
275 -20.72772491 0.6638298289
276 -21.03005467 0.6580775798
277 -21.33665665 0.6522429355
278 -21.64805618 0.646317524
279 -21.96477918 0.6402930784
280 -22.28735394 0.6341614301
281 -22.61631266 0.6279145083
282 -22.95219252 0.6215443495
283 -23.2955364 0.6150431146
284 -23.64689324 0.6084031162
285 -24.00681789 0.6016168553
286 -24.3758706 0.5946770687
287 -24.75461588 0.5875767881
288 -25.14362089 0.5803094103
289 -25.54345323 0.5728687795
290 -25.95467802 0.5652492823
291 -26.37785435 0.557445954
292 -26.81353098 0.549454597
293 -27.2622413 0.5412719093
294 -27.7244975 0.532895622
295 -28.20078407 0.5243246427
296 -28.69155048 0.5155592034
297 -29.19720336 0.5066010064
298 -29.71809806 0.4974533662
299 -30.25452984 0.4881213401
300 -30.806725 0.4786118424
301 -31.37483193 0.468933735
302 -31.9589126 0.4590978883
303 -32.5589347 0.4491172057
304 -33.17476472 0.4390066059
305 -33.80616247 0.4287829575
306 -34.45277721 0.4184649645
307 -35.11414583 0.4080729993
308 -35.7896932 0.3976288853
309 -36.47873509 0.3871556325
310 -37.18048349 0.3766771321
311 -37.89405458 0.3662178184
312 -38.618479 0.3558023087
313 -39.35271436 0.3454550327
314 -40.09565959 0.3351998643
315 -40.84617067 0.325059769
316 -41.60307725 0.3150564779
317 -42.36519973 0.3052101994
318 -43.13136615 0.2955393778
319 -43.90042837 0.2860605022
320 -44.67127722 0.2767879725
321 -45.44285601 0.2677340203
322 -46.21417224 0.2589086843
323 -46.98430728 0.2503198355
324 -47.75242376 0.2419732474
325 -48.51777082 0.2338727041
326 -49.27968711 0.2260201389
327 -50.03760164 0.2184157956
328 -50.79103274 0.2110584067
329 -51.53958519 0.2039453798
330 -52.28294574 0.197072988
331 -53.02087725 0.1904365586
332 -53.75321166 0.1840306553
333 -54.4798419 0.1778492523
334 -55.20071304 0.1718858962
335 -55.91581276 0.166133855
336 -56.62516137 0.1605862526
337 -57.32880147 0.1552361885
338 -58.0267875 0.1500768418
339 -58.71917529 0.1451015598
340 -59.40601181 0.1403039318
341 -60.08732523 0.1356778473
342 -60.76311566 0.1312175397
343 -61.43334657 0.1269176159
344 -62.09793722 0.1227730728
345 -62.75675639 0.1187793002
346 -63.40961732 0.1149320725
347 -64.05627446 0.11122753
348 -64.69642176 0.1076621498
349 -65.32969287 0.1042327102
350 -65.95566325 0.1009362481
351 -66.57385405 0.0977700124
352 -67.18373779 0.09473141571
353 -67.78474564 0.09181798486
354 -68.37627608 0.08902731362
355 -68.95770463 0.08635701833
356 -69.52839437 0.08380469835
357 -70.08770688 0.0813679022
358 -70.63501326 0.07904410041
359 -71.16970484 0.07683066531
360 -71.69120329 0.07472485793
361 -72.19896994 0.07272382174
362 -72.69251384 0.07082458273
363 -73.17139869 0.06902405503
364 -73.63524828 0.06731905123
365 -74.08375055 0.06570629647
366 -74.51666021 0.06418244523
367 -74.93379991 0.06274410002
368 -75.33506024 0.06138783091
369 -75.72039845 0.06011019535
370 -76.0898362 0.05890775744
371 -76.44345645 0.05777710626
372 -76.78139962 0.05671487284
373 -77.10385922 0.05571774539
374 -77.41107709 0.05478248284
375 -77.70333842 0.05390592635
376 -77.9809666 0.053085009
377 -78.24431811 0.0523167636
378 -78.49377747 0.05159832871
379 -78.72975236 0.05092695309
380 -78.95266903 0.05029999861
381 -79.16296788 0.04971494193
382 -79.36109946 0.04916937488
383 -79.54752073 0.048661004
384 -79.72269167 0.0481876491
385 -79.88707233 0.0477472412
386 -80.04112009 0.04733781983
387 -80.18528734 0.04695752996
388 -80.32001945 0.04660461845
389 -80.44575303 0.04627743035
390 -80.56291454 0.04597440498
391 -80.67191901 0.04569407186
392 -80.77316918 0.04543504663
393 -80.8670547 0.04519602694
394 -80.95395158 0.04497578841
395 -81.03422187 0.04477318055
396 -81.10821334 0.04458712291
397 -81.17625946 0.0444166012
398 -81.23867937 0.04426066369
399 -81.295778 0.04411841756
400 -81.34784627 0.04398902556
401 -81.3951613 0.04387170275
402 -81.43798682 0.04376571333
403 -81.47657342 0.04367036775
404 -81.51115901 0.04358501987
405 -81.54196923 0.04350906428
406 -81.56921789 0.04344193382
407 -81.5931074 0.0433830972
408 -81.61382926 0.0433320567
409 -81.63156453 0.04328834614
410 -81.64648425 0.04325152882
411 -81.65874995 0.0432211957
412 -81.66851405 0.04319696362
413 -81.67592037 0.04317847364
414 -81.68110448 0.04316538951
415 -81.68419419 0.04315739623
416 -81.68530991 0.04315419866
417 -81.68456506 0.04315552029
418 -81.68206644 0.04316110197
419 -81.67791459 0.0431707009
420 -81.67220415 0.0431840895
421 -81.66502414 0.04320105446
422 -81.65645836 0.04322139586
423 -81.6465856 0.04324492625
424 -81.63547997 0.0432714699
425 -81.62321117 0.04330086205
426 -81.60984475 0.0433329482
427 -81.59544232 0.04336758344
428 -81.58006181 0.04340463187
429 -81.56375767 0.04344396605
430 -81.54658109 0.04348546638
431 -81.52858018 0.04352902072
432 -81.50980015 0.04357452381
433 -81.49028351 0.04362187694
434 -81.4700702 0.04367098745
435 -81.44919773 0.04372176843
436 -81.42770138 0.04377413831
437 -81.40561428 0.04382802056
438 -81.38296757 0.04388334334
439 -81.3597905 0.04394003928
440 -81.33611055 0.04399804513
441 -58.86681329 0.1229495375
442 21.5517348 0.8186128328
443 42.51154308 0.9999508113
444 45.97399446 0.9999845319
445 52.17006046 0.9999950211
446 44.05506259 0.9999818027
447 39.52965346 0.9999556908
448 35.60092443 0.9999064935
449 31.76710972 0.9998081028
450 27.98228805 0.9996124595
451 24.28280268 0.9992353584
452 20.71171007 0.9985393233
453 17.30654257 0.9973197234
454 14.09935264 0.9953061884
455 11.11721644 0.9921939195
456 8.381232451 0.9877106761
457 5.904601246 0.9817027041
458 3.690978781 0.9742006076
459 1.734120003 0.965427981
460 0.01915483506 0.9557471545
461 -1.474926366 0.9455719069
462 -2.772399985 0.9352873273
463 -3.898278917 0.9252010505
464 -4.876497914 0.9155279414
465 -5.728849896 0.9063975746
466 -6.474522146 0.8978720886
467 -7.130033389 0.8899657039
468 -7.709400026 0.8826615461
469 -8.224409954 0.875924429
470 -8.6849286 0.8697097945
471 -9.09919567 0.8639695792
472 -9.47409288 0.8586558417
473 -9.815375698 0.8537228549
474 -10.12786895 0.8491281949
475 -10.41562939 0.8448331982
476 -10.68207958 0.8408030372
477 -10.93011755 0.8370065791
478 -11.16220644 0.8334161303
479 -11.38044771 0.8300071293
480 -11.58664108 0.8267578286
481 -11.78233357 0.8236489835
482 -11.96885987 0.8206635635
483 -12.14737559 0.8177864871
484 -12.31888472 0.8150043854
485 -12.48426253 0.8123053914
486 -12.64427458 0.8096789543
487 -12.79959262 0.8071156764
488 -12.95080797 0.804607171
489 -13.09844281 0.802145937
490 -13.2429597 0.7997252505
491 -13.38476962 0.7973390694
492 -13.52423897 0.7949819508
493 -13.66169537 0.7926489777
494 -13.79743274 0.7903356958
495 -13.93171568 0.7880380577
496 -14.06478318 0.785752374
497 -14.19685191 0.78347527
498 -14.32811899 0.7812036482
499 -14.45876452 0.7789346543
500 -14.58895364 0.7766656481
501 -14.7188385 0.7743941768
502 -14.84855985 0.772117952
503 -14.97824854 0.7698348286
504 -15.10802677 0.7675427864
505 -15.23800929 0.7652399135
506 -15.36830435 0.762924391
507 -15.49901467 0.7605944798
508 -15.63023825 0.7582485082
509 -15.76206908 0.755884861
510 -15.89459784 0.7535019689
511 -16.02791246 0.7510982998
512 -16.16209876 0.7486723495
513 -16.29724087 0.7462226344
514 -16.43342175 0.7437476839
515 -16.57072365 0.7412460332
516 -16.70922847 0.738716217
517 -16.8490182 0.7361567634
518 -16.99017524 0.7335661878
519 -17.13278281 0.7309429872
520 -17.27692526 0.7282856349
521 -17.42268841 0.725592575
522 -17.57015986 0.7228622173
523 -17.71942936 0.7200929323
524 -17.87058906 0.7172830457
525 -18.02373389 0.7144308339
526 -18.17896185 0.7115345188
527 -18.33637432 0.7085922627
528 -18.49607644 0.7056021635
529 -18.65817737 0.7025622496
530 -18.82279069 0.6994704749
531 -18.99003473 0.6963247136
532 -19.16003292 0.6931227553
533 -19.33291417 0.6898622998
534 -19.50881325 0.6865409522
535 -19.68787116 0.6831562173
536 -19.87023556 0.6797054954
537 -20.05606118 0.6761860765
538 -20.24551023 0.6725951361
539 -20.43875283 0.6689297305
540 -20.63596749 0.6651867921
541 -20.83734151 0.6613631257
542 -21.04307149 0.6574554051
543 -21.25336373 0.6534601696
544 -21.46843475 0.6493738223
545 -21.68851169 0.6451926282
546 -21.91383274 0.6409127143
547 -22.14464759 0.6365300704
548 -22.38121782 0.6320405515
549 -22.6238172 0.6274398822
550 -22.87273202 0.6227236634
551 -23.12826131 0.6178873808
552 -23.39071699 0.6129264174
553 -23.6604239 0.6078360684
554 -23.93771975 0.6026115601
555 -24.22295487 0.5972480737
556 -24.51649182 0.591740773
557 -24.81870478 0.5860848385
558 -25.12997873 0.5802755064
559 -25.45070833 0.574308115
560 -25.78129649 0.5681781569
561 -26.12215263 0.5618813401
562 -26.47369055 0.5554136552
563 -26.83632582 0.5487714511
564 -27.21047282 0.5419515188
565 -27.59654124 0.5349511818
566 -27.99493206 0.527768394
567 -28.40603308 0.5204018437
568 -28.8302139 0.5128510613
569 -29.26782041 0.5051165302
570 -29.71916884 0.4971997986
571 -30.18453945 0.4891035875
572 -30.66416983 0.4808318943
573 -31.15824813 0.4723900854
574 -31.66690615 0.4637849768
575 -32.19021262 0.4550248948
576 -32.72816678 0.4461197158
577 -33.28069252 0.4370808786
578 -33.84763326 0.4279213668
579 -34.42874788 0.4186556576
580 -35.02370784 0.4092996357
581 -35.63209582 0.3998704702
582 -36.25340587 0.3903864569
583 -36.88704546 0.3808668265
584 -37.53233918 0.3713315239
585 -38.18853442 0.3618009629
586 -38.85480873 0.3522957637
587 -39.53027886 0.3428364801
588 -40.21401118 0.3334433258
589 -40.90503323 0.3241359072
590 -41.6023462 0.314932972
591 -42.30493774 0.3058521796
592 -43.01179503 0.2969099018
593 -43.7219175 0.2881210569
594 -44.43432899 0.2794989817
595 -45.14808899 0.2710553419
596 -45.8623028 0.2628000828
597 -46.57613026 0.2547414163
598 -47.288793 0.2468858436
599 -47.99958016 0.2392382083
600 -48.70785246 0.2318017766
601 -49.41304471 0.2245783387
602 -50.11466687 0.217568327
603 -50.81230355 0.2107709463
604 -51.50561238 0.2041843114
605 -52.19432106 0.1978055884
606 -52.87822343 0.1916311356
607 -53.55717462 0.1856566413
608 -54.23108543 0.1798772576
609 -54.89991593 0.1742877256
610 -55.56366868 0.1688824933
611 -56.22238127 0.1636558244
612 -56.87611869 0.1586018966
613 -57.52496527 0.1537148902
614 -58.16901652 0.1489890666
615 -58.80837087 0.1444188362
616 -59.44312142 0.1399988159
617 -60.07334784 0.1357238769
618 -60.69910855 0.131589182
619 -61.32043328 0.1275902133
620 -61.93731626 0.1237227899
621 -62.54971003 0.1199830766
622 -63.15752032 0.1163675835
623 -63.76060181 0.1128731564
624 -64.35875522 0.1094969604
625 -64.95172569 0.1062364552
626 -65.53920263 0.1030893651
627 -66.12082105 0.1000536436
628 -66.69616437 0.09712743398
629 -67.26476879 0.09430902813
630 -67.82612892 0.09159682391
631 -68.37970473 0.08898928323
632 -68.92492951 0.08648489209
633 -69.46121854 0.08408212356
634 -69.98797847 0.0817794051
635 -70.50461675 0.07957509078
636 -71.01055115 0.07746743911
637 -71.50521897 0.07545459666
638 -71.9880856 0.07353458765
639 -72.45865244 0.07170530903
640 -72.91646373 0.06996453098
641 -73.36111241 0.0683099019
642 -73.79224472 0.0667389574
643 -74.20956368 0.0652491325
644 -74.61283134 0.06383777625
645 -75.00186982 0.06250216791
646 -75.37656135 0.0612395342
647 -75.73684726 0.0600470668
648 -76.08272617 0.05892193961
649 -76.41425138 0.0578613254
650 -76.73152768 0.0568624114
651 -77.03470766 0.05592241361
652 -77.32398774 0.0550385897
653 -77.59960386 0.05420825035
654 -77.86182716 0.053428769
655 -78.11095952 0.05269759002
656 -78.34732925 0.05201223548
657 -78.57128683 0.05137031034
658 -78.78320087 0.05076950649
659 -78.98345428 0.05020760545
660 -79.17244065 0.04968248014
