0 -81.26161097 0.0441820771
1 -77.6736374 0.05261859247
2 -72.97399766 0.06739757047
3 -66.40127097 0.09353868067
4 -41.59262057 0.231521496
5 39.79162091 0.9987313508
6 38.72458077 0.9999447458
7 37.15660227 0.9999272015
8 34.58674304 0.9998843363
9 31.15348941 0.9997836998
10 27.23683614 0.9995569986
11 23.20752062 0.9990766967
12 19.30854969 0.9981359606
13 15.66611846 0.9964476015
14 12.33602508 0.9936792941
15 9.338217872 0.9895313022
16 6.673868846 0.9838354886
17 4.332045523 0.9766280263
18 2.29258526 0.9681532757
19 0.5285622813 0.9587970164
20 -0.9908374374 0.948988025
21 -2.297449683 0.9391139511
22 -3.421845842 0.9294749816
23 -4.391882385 0.9202734912
24 -5.23202296 0.9116258819
25 -5.963218906 0.9035830228
26 -6.603122494 0.8961507385
27 -7.166459304 0.889306595
28 -7.665448331 0.8830121833
29 -8.110208062 0.877221447
30 -8.509119689 0.8718859946
31 -8.869137962 0.8669582912
32 -9.196050315 0.8623934375
33 -9.494689498 0.8581500482
34 -9.769106523 0.8541905747
35 -10.0227107 0.8504813024
36 -10.25838289 0.8469921659
37 -10.47856712 0.8436964727
38 -10.68534493 0.84057059
39 -10.88049581 0.8375936267
40 -11.06554655 0.8347471281
41 -11.24181172 0.8320147924
42 -11.410427 0.8293822132
43 -11.57237666 0.8268366486
44 -11.7285165 0.8243668164
45 -11.87959282 0.8219627132
46 -12.02625847 0.8196154552
47 -12.16908616 0.8173171391
48 -12.30857985 0.8150607202
49 -12.44518425 0.8128399055
50 -12.57929299 0.8106490608
51 -12.71125552 0.8084831294
52 -12.84138302 0.8063375605
53 -12.96995353 0.8042082468
54 -13.09721621 0.8020914706
55 -13.22339519 0.7999838549
56 -13.34869281 0.7978823218
57 -13.47329238 0.7957840556
58 -13.59736071 0.7936864697
59 -13.72105019 0.791587178
60 -13.84450068 0.7894839694
61 -13.96784117 0.7873747847
62 -14.0911912 0.7852576973
63 -14.2146621 0.7831308944
64 -14.33835821 0.7809926613
65 -14.46237777 0.7788413669
66 -14.58681389 0.7766754507
67 -14.71175533 0.7744934109
68 -14.83728719 0.772293794
69 -14.96349162 0.7700751845
70 -15.09044834 0.7678361966
71 -15.21823524 0.7655754652
72 -15.34692884 0.7632916387
73 -15.47660477 0.7609833716
74 -15.60733821 0.7586493174
75 -15.73920427 0.7562881226
76 -15.87227837 0.7538984201
77 -16.00663666 0.7514788236
78 -16.14235631 0.7490279214
79 -16.2795159 0.7465442707
80 -16.41819574 0.7440263924
81 -16.5584782 0.7414727648
82 -16.70044808 0.7388818186
83 -16.8441929 0.7362519309
84 -16.98980328 0.7335814194
85 -17.13737328 0.7308685368
86 -17.28700074 0.7281114644
87 -17.43878767 0.7253083062
88 -17.59284065 0.7224570825
89 -17.74927116 0.7195557232
90 -17.9081961 0.716602061
91 -18.06973814 0.7135938243
92 -18.2340262 0.7105286298
93 -18.40119596 0.7074039748
94 -18.57139037 0.7042172293
95 -18.74476013 0.7009656278
96 -18.92146431 0.6976462604
97 -19.10167094 0.6942560643
98 -19.28555761 0.6907918147
99 -19.47331217 0.6872501152
100 -19.66513338 0.6836273882
101 -19.8612317 0.6799198658
102 -20.06183 0.6761235795
103 -20.26716439 0.6722343508
104 -20.47748504 0.6682477818
105 -20.69305704 0.6641592465
106 -20.91416128 0.6599638815
107 -21.14109535 0.6556565795
108 -21.37417445 0.6512319819
109 -21.61373231 0.6466844748
110 -21.86012206 0.6420081856
111 -22.11371711 0.6371969826
112 -22.37491195 0.6322444784
113 -22.64412292 0.6271440359
114 -22.92178877 0.6218887805
115 -23.20837118 0.6164716164
116 -23.50435507 0.610885251
117 -23.81024858 0.6051222266
118 -24.12658289 0.599174961
119 -24.45391157 0.5930357997
120 -24.79280949 0.5866970793
121 -25.14387128 0.580151205
122 -25.50770909 0.573390743
123 -25.88494964 0.5664085296
124 -26.2762305 0.5591977972
125 -26.68219542 0.55175232
126 -27.10348861 0.5440665772
127 -27.54074796 0.536135935
128 -27.99459707 0.5279568464
129 -28.46563609 0.5195270644
130 -28.95443135 0.5108458682
131 -29.46150382 0.5019142938
132 -29.98731657 0.4927353656
133 -30.53226141 0.4833143178
134 -31.09664489 0.4736587987
135 -31.68067424 0.4637790443
136 -32.2844434 0.4536880113
137 -32.90792006 0.4434014558
138 -33.5509339 0.4329379473
139 -34.21316695 0.4223188084
140 -34.89414669 0.4115679708
141 -35.59324229 0.4007117465
142 -36.30966472 0.3897785116
143 -37.04247094 0.3787983115
144 -37.79057254 0.367802395
145 -38.55274851 0.3568226944
146 -39.32766222 0.3458912706
147 -40.11388185 0.3350397456
148 -40.90990368 0.3242987453
149 -41.71417746 0.3136973766
150 -42.5251326 0.3032627594
151 -43.34120455 0.2930196306
152 -44.16086005 0.2829900334
153 -44.98262052 0.2731930978
154 -45.80508284 0.2636449166
155 -46.62693684 0.2543585104
156 -47.44697928 0.2453438769
157 -48.26412396 0.2366081123
158 -49.07740813 0.2281555922
159 -49.88599526 0.2199881981
160 -50.68917441 0.2121055768
161 -51.48635661 0.2045054178
162 -52.27706869 0.1971837389
163 -53.06094478 0.1901351706
164 -53.83771616 0.1833532293
165 -54.60719961 0.1768305759
166 -55.36928473 0.170559254
167 -56.12392063 0.1645309052
168 -56.87110206 0.1587369605
169 -57.61085555 0.1531688065
170 -58.34322549 0.1478179266
171 -59.06826068 0.1426760186
172 -59.78600143 0.1377350882
173 -60.49646747 0.1329875206
174 -61.1996469 0.1284261318
175 -61.89548651 0.1240441996
176 -62.58388355 0.1198354775
177 -63.2646793 0.1157941922
178 -63.93765456 0.1119150267
179 -64.60252723 0.1081930917
180 -65.25895207 0.1046238862
181 -65.90652266 0.101203251
182 -66.54477557 0.09792731622
183 -67.17319651 0.09479244641
184 -67.79122837 0.09179518489
185 -68.39828079 0.08893219975
186 -68.99374094 0.08620023353
187 -69.57698511 0.08359605831
188 -70.14739077 0.08111643731
189 -70.70434855 0.07875809408
190 -71.24727385 0.07651768948
191 -71.77561766 0.07439180667
192 -72.28887633 0.07237694362
193 -72.78659996 0.07046951254
194 -73.26839932 0.06866584525
195 -73.73395118 0.06696220368
196 -74.18300193 0.06535479408
197 -74.6153697 0.06383978415
198 -75.03094484 0.06241332177
199 -75.42968909 0.06107155466
200 -75.81163348 0.05981064982
201 -76.17687518 0.05862681249
202 -76.52557348 0.05751630369
203 -76.8579451 0.05647545625
204 -77.17425901 0.05550068901
205 -77.4748309 0.05458851888
206 -77.76001759 0.05373557106
207 -78.03021126 0.05293858706
208 -78.28583388 0.05219443092
209 -78.52733182 0.0515000936
210 -78.75517065 0.05085269572
211 -78.96983037 0.05024948891
212 -79.17180085 0.04968785579
213 -79.36157782 0.04916530895
214 -79.53965914 0.04867948893
215 -79.70654152 0.04822816147
216 -79.86271761 0.04780921414
217 -80.00867351 0.04742065246
218 -80.1448866 0.04706059572
219 -80.27182371 0.04672727244
220 -80.38993965 0.04641901573
221 -80.49967598 0.04613425851
222 -80.60146008 0.04587152876
223 -80.6957044 0.04562944469
224 -80.782806 0.04540671004
225 -80.86314619 0.04520210946
226 -80.93709038 0.04501450405
227 -81.00498807 0.04484282692
228 -81.06717295 0.0446860791
229 -81.12396308 0.04454332545
230 -81.17566117 0.04441369081
231 -81.22255494 0.04429635638
232 -81.26491752 0.0441905562
233 -81.30300788 0.04409557386
234 -81.33707134 0.04401073938
235 -81.36734005 0.04393542621
236 -81.39403351 0.04386904853
237 -81.4173591 0.04381105853
238 -81.4375126 0.04376094405
239 -81.45467874 0.04371822616
240 -81.4690317 0.04368245707
241 -81.48073565 0.04365321804
242 -81.48994522 0.0436301175
243 -81.49680602 0.04361278926
244 -81.50145511 0.04360089083
245 -81.50402143 0.04359410186
246 -81.50462629 0.04359212269
247 -81.50338373 0.04359467295
248 -81.50040099 0.04360149035
249 -81.49577887 0.04361232944
250 -81.48961207 0.04362696051
251 -81.48198961 0.04364516854
252 -81.47299508 0.0436667523
253 -81.46270703 0.04369152335
254 -81.45119922 0.04371930527
255 -81.43854094 0.04374993286
256 -81.42479724 0.04378325139
257 -81.41002922 0.04381911594
258 -81.39429424 0.04385739074
259 -81.37764617 0.04389794862
260 -81.36013559 0.0439406704
261 -81.34180996 0.04398544441
262 -81.32271387 0.044032166
263 -81.30288918 0.04408073712
264 -81.28237516 0.04413106582
265 -81.2612087 0.04418306596
266 -77.67321453 0.052619801
267 -72.97351822 0.06739926273
268 -66.4006124 0.09354166928
269 -41.58942961 0.2315444506
270 39.79164235 0.9987318144
271 38.72458222 0.9999447458
272 37.15662477 0.9999272018
273 34.58683095 0.999884338
274 31.15369593 0.9997837075
275 27.23719938 0.9995570266
276 23.2080537 0.9990767822
277 19.3092451 0.9981361836
278 15.66695599 0.9964481049
279 12.33697804 0.9936802904
280 9.339257344 0.9895330525
281 6.674966883 0.9838382529
282 4.333177667 0.9766320033
283 2.29373221 0.9681585635
284 0.5297104838 0.9588036081
285 -0.9896961837 0.9489958358
286 -2.296319244 0.9391228554
287 -3.420726959 0.9294848452
288 -4.390773788 0.9202841913
289 -5.230922236 0.9116373165
290 -5.962123121 0.9035951119
291 -6.60202859 0.8961634221
292 -7.165364341 0.8893198292
293 -7.664349616 0.8830259362
294 -8.109103203 0.8772356959
295 -8.508006612 0.8719007231
296 -8.8680149 0.8669734873
297 -9.194915784 0.8624090924
298 -9.493542266 0.8581661546
299 -9.76794558 0.854207127
300 -10.02153523 0.8504982958
301 -10.25719223 0.8470095959
302 -10.47736076 0.8437143353
303 -10.68412246 0.8405888814
304 -10.87925692 0.8376123435
305 -11.064291 0.8347662668
306 -11.24053935 0.8320343498
307 -11.40913768 0.8294021862
308 -11.5710703 0.8268570346
309 -11.72719304 0.8243876128
310 -11.87825223 0.8219839177
311 -12.0249007 0.8196370659
312 -12.16771121 0.8173391544
313 -12.30718768 0.8150831388
314 -12.44377485 0.8128627265
315 -12.57786632 0.8106722837
316 -12.70981155 0.8085067541
317 -12.83992169 0.8063615873
318 -12.96847477 0.8042326766
319 -13.09571993 0.8021163045
320 -13.2218813 0.8000090947
321 -13.34716117 0.7979079696
322 -13.47174286 0.7958101141
323 -13.59579312 0.7937129421
324 -13.71946435 0.7916140679
325 -13.84289637 0.7895112809
326 -13.96621815 0.7874025227
327 -14.08954919 0.785285867
328 -14.21300081 0.7831595016
329 -14.3366773 0.7810217124
330 -14.46067688 0.7788708689
331 -14.58509264 0.7767054112
332 -14.71001329 0.7745238381
333 -14.83552392 0.7723246967
334 -14.96170661 0.7701065723
335 -15.08864107 0.7678680797
336 -15.21640515 0.7656078545
337 -15.34507532 0.7633245459
338 -15.47472718 0.761016809
339 -15.60543587 0.7586832984
340 -15.73727643 0.7563226612
341 -15.87032427 0.7539335314
342 -16.00465546 0.7515145234
343 -16.14034714 0.7490642265
344 -16.27747782 0.746581199
345 -16.41612775 0.7440639628
346 -16.55637926 0.7415109975
347 -16.69831707 0.7389207347
348 -16.84202864 0.736291553
349 -16.98760452 0.7336217712
350 -17.13513868 0.7309096435
351 -17.28472889 0.7281533526
352 -17.43647709 0.7253510042
353 -17.59048974 0.72250062
354 -17.74687825 0.7196001319
355 -17.9057594 0.7166473742
356 -18.06725575 0.7136400774
357 -18.23149612 0.71057586
358 -18.39861607 0.7074522217
359 -18.5687584 0.7042665348
360 -18.74207368 0.701016036
361 -18.91872084 0.6976978181
362 -19.09886774 0.694308821
363 -19.28269181 0.6908458227
364 -19.47038071 0.6873054297
365 -19.66213303 0.6836840678
366 -19.85815901 0.6799779722
367 -20.05868131 0.6761831778
368 -20.26393582 0.6722955098
369 -20.47417247 0.6683105742
370 -20.68965608 0.6642237486
371 -20.91066728 0.660030174
372 -21.13750337 0.655724747
373 -21.37047925 0.6513021135
374 -21.60992834 0.6467566638
375 -21.85620343 0.6420825295
376 -22.1096776 0.6372735836
377 -22.37074498 0.6323234428
378 -22.63982152 0.6272254743
379 -22.91734562 0.6219728073
380 -23.20377856 0.6165583497
381 -23.49960487 0.6109748123
382 -23.80533231 0.6052147396
383 -24.12149167 0.5992705518
384 -24.44863615 0.5931345951
385 -24.78734027 0.586799206
386 -25.13819834 0.5802567883
387 -25.50182222 0.573499905
388 -25.87883842 0.5665213873
389 -26.26988435 0.5593144606
390 -26.67560367 0.5518728892
391 -27.09664062 0.5441911398
392 -27.53363322 0.5362645631
393 -27.98720537 0.5280895927
394 -28.45795765 0.5196639595
395 -28.94645701 0.5109869158
396 -29.45322523 0.5020594677
397 -29.97872642 0.4928846052
398 -30.52335362 0.4834675253
399 -31.0874149 0.4738158354
400 -31.67111916 0.4639397282
401 -32.27456233 0.4538521149
402 -32.89771421 0.4435687055
403 -33.54040682 0.4331080237
404 -34.20232467 0.4224913475
405 -34.88299781 0.4117425672
406 -35.58179799 0.4008879574
407 -36.29793876 0.3899558629
408 -37.03047958 0.3789763046
409 -37.77833432 0.3679805146
410 -38.54028405 0.3570004176
411 -39.31499391 0.3460680761
412 -40.10103349 0.3352151226
413 -40.89690009 0.3244722028
414 -41.70104404 0.3138684513
415 -42.51189493 0.3034310232
416 -43.32788794 0.2931846964
417 -44.14748913 0.2831515592
418 -44.96921892 0.2733507904
419 -45.79167282 0.2637985321
420 -46.61353906 0.2545078548
421 -47.43361258 0.2454888047
422 -48.25080523 0.236748524
423 -49.06415225 0.2282914311
424 -49.87281503 0.2201194463
425 -50.67608061 0.2122322508
426 -51.47335811 0.2046275641
427 -52.2641725 0.1973014293
428 -53.04815625 0.1902484974
429 -53.82503914 0.1834623015
430 -54.59463664 0.1769355145
431 -55.35683729 0.1706601886
432 -56.11158931 0.1646279708
433 -56.85888683 0.1588302943
434 -57.59875596 0.1532585453
435 -58.33124091 0.1479042051
436 -59.05639052 0.1427589673
437 -59.77424534 0.1378148319
438 -60.48482553 0.1330641779
439 -61.18811981 0.1284998138
440 -61.88407571 0.12411501
441 -62.57259136 0.1199035123
442 -63.25350903 0.1158595397
443 -63.92661053 0.1119777682
444 -64.59161483 0.1082533018
445 -65.2481777 0.1046816337
446 -65.89589375 0.1012585994
447 -66.53430042 0.09798032496
448 -67.16288422 0.09484317165
449 -67.7810887 0.09184368038
450 -68.38832394 0.08897851772
451 -68.98397741 0.08624442551
452 -69.56742549 0.08363817576
453 -70.13804554 0.08115653227
454 -70.69522786 0.07879621955
455 -71.23838736 0.07655389976
456 -71.76697436 0.07442615757
457 -72.28048438 0.07240949249
458 -72.77846657 0.07050031821
459 -73.26053065 0.06869496794
460 -73.72635223 0.06698970476
461 -74.17567655 0.06538073582
462 -74.60832052 0.06386422939
463 -75.02417328 0.06243633363
464 -75.42319541 0.06109319616
465 -75.80541679 0.05983098361
466 -76.17093351 0.0586459005
467 -76.51990387 0.05753420685
468 -76.85254365 0.05649223427
469 -77.16912099 0.05551640009
470 -77.46995087 0.05460321959
471 -77.75538942 0.05374931614
472 -78.02582829 0.05295142931
473 -78.281689 0.05220642111
474 -78.52341754 0.05151128039
475 -78.75147919 0.05086312566
476 -78.96635373 0.05025920639
477 -79.16853091 0.04969690305
478 -79.35850637 0.04917372612
479 -79.53677798 0.04868731405
480 -79.70384246 0.04823543056
481 -79.86019256 0.04781596123
482 -80.00631449 0.04742690968
483 -80.1426858 0.04706639335
484 -80.26977348 0.046732639
485 -80.38803258 0.04642397805
486 -80.49790486 0.04613884182
487 -80.59981794 0.04587575675
488 -80.69418453 0.04563333959
489 -80.78140194 0.04541029271
490 -80.86185173 0.04520539946
491 -80.93589959 0.0450175197
492 -81.00389528 0.04484558541
493 -81.06617274 0.04468859649
494 -81.12305029 0.04454561679
495 -81.17483089 0.0444157702
496 -81.22180251 0.04429823699
497 -81.26423851 0.04419225038
498 -81.3023981 0.04409709314
499 -81.33652682 0.04401209454
500 -81.36685703 0.04393662736
501 -81.39360844 0.04387010509
502 -81.41698861 0.04381197934
503 -81.43719353 0.04376173736
504 -81.4544081 0.04371889969
505 -81.46880667 0.04368301804
506 -81.48055358 0.04365367321
507 -81.4898036 0.04363047318
508 -81.4967025 0.04361305136
509 -81.50138747 0.04360106488
510 -81.50398759 0.04359419303
511 -81.50462427 0.04359213581
512 -81.5034117 0.04359461255
513 -81.50045721 0.04360136067
514 -81.49586171 0.04361213445
515 -81.48972 0.04362670391
516 -81.48212118 0.04364485381
517 -81.47314895 0.04366638269
518 -81.46288191 0.04369110191
519 -81.45139393 0.04371883486
520 -81.43875435 0.04374941614
521 -81.42502831 0.04378269087
522 -81.41027695 0.04381851397
523 -81.3945577 0.04385674952
524 -81.37792449 0.04389727019
525 -81.36042795 0.0439399567
526 -81.34211559 0.04398469725
527 -81.32303205 0.04403138709
528 -81.30321922 0.04407992802
529 -81.28271644 0.04413022804
530 -81.26156061 0.0441822009
531 -77.6735846 0.05261874342
532 -72.97393798 0.0673977812
533 -66.40118923 0.09353905172
534 -41.59222499 0.2315243422
535 39.79162344 0.9987314082
536 38.72458062 0.9999447458
537 37.15660437 0.9999272016
538 34.58675273 0.9998843365
539 31.15351316 0.9997837007
540 27.23687868 0.9995570019
541 23.20758363 0.9990767068
542 19.30863233 0.9981359871
543 15.66621834 0.9964476616
544 12.33613899 0.9936794132
545 9.338342343 0.9895315118
546 6.6740005 0.98383582
547 4.332181399 0.9766285036
548 2.292723016 0.9681539108
549 0.5287002651 0.9587978085
550 -0.9907002316 0.9489889641
551 -2.297313737 0.9391150219
552 -3.421711258 0.9294761681
553 -4.39174902 0.9202747785
554 -5.231890531 0.9116272577
555 -5.963087065 0.9035844774
556 -6.602990876 0.8961522646
557 -7.166327557 0.8893081875
558 -7.665316133 0.8830138382
559 -8.110075124 0.8772231615
560 -8.508985762 0.8718877668
561 -8.869002833 0.8669601197
562 -9.195913803 0.8623953213
563 -9.494551453 0.8581519863
564 -9.768966823 0.8541925665
565 -10.02256925 0.8504833474
566 -10.2582396 0.8469942636
567 -10.47842194 0.8436986226
568 -10.6851978 0.8405727916
569 -10.88034669 0.8375958797
570 -11.06539541 0.8347494321
571 -11.24165854 0.832017147
572 -11.41027177 0.8293846179
573 -11.57221937 0.8268391033
574 -11.72835713 0.8243693207
575 -11.87943137 0.8219652669
576 -12.02609493 0.8196180581
577 -12.16892054 0.817319791
578 -12.30841214 0.8150634209
579 -12.44501445 0.812842655
580 -12.57912109 0.810651859
581 -12.71108152 0.8084859763
582 -12.84120691 0.8063404561
583 -12.9697753 0.8042111913
584 -13.09703585 0.8020944641
585 -13.22321269 0.7999868976
586 -13.34850815 0.7978854141
587 -13.47310555 0.7957871977
588 -13.59717168 0.7936896621
589 -13.72085893 0.7915904211
590 -13.84430718 0.7894872636
591 -13.96764539 0.7873781307
592 -14.0909931 0.7852610958
593 -14.21446166 0.783134346
594 -14.33815538 0.7809961669
595 -14.46217251 0.7788449272
596 -14.58660615 0.7766790667
597 -14.71154506 0.7744970837
598 -14.83707433 0.7722975245
599 -14.96327611 0.7700789741
600 -15.09023012 0.7678400464
601 -15.21801424 0.7655793766
602 -15.34670498 0.7632956131
603 -15.47637798 0.7609874104
604 -15.60710841 0.7586534223
605 -15.73897136 0.7562922954
606 -15.87204226 0.7539026626
607 -16.00639725 0.7514831378
608 -16.14211349 0.7490323092
609 -16.27926955 0.7465487344
610 -16.41794574 0.7440309343
611 -16.55822443 0.7414773873
612 -16.7001904 0.7388865244
613 -16.84393116 0.7362567227
614 -16.98953733 0.7335863001
615 -17.13710296 0.7308735094
616 -17.28672588 0.7281165322
617 -17.43850809 0.7253134727
618 -17.59255614 0.7224623514
619 -17.74898153 0.7195610983
620 -17.90790113 0.7166075464
621 -18.06943759 0.7135994243
622 -18.23371983 0.7105343489
623 -18.40088352 0.7074098179
624 -18.57107156 0.7042232015
625 -18.74443467 0.7009717345
626 -18.92113189 0.6976525074
627 -19.10133123 0.6942624576
628 -19.28521026 0.6907983607
629 -19.4729568 0.6872568206
630 -19.6647696 0.6836342603
631 -19.86085908 0.6799269121
632 -20.0614481 0.6761308079
633 -20.26677273 0.6722417698
634 -20.47708312 0.6682554003
635 -20.69264432 0.6641670738
636 -20.9137372 0.6599719275
637 -21.14065929 0.6556648545
638 -21.37372579 0.651240497
639 -21.61327035 0.6466932413
640 -21.85964609 0.6420172154
641 -22.11322636 0.6372062883
642 -22.37440563 0.632254073
643 -22.64360016 0.627153933
644 -22.92124868 0.6218989941
645 -23.20781282 0.6164821609
646 -23.50377743 0.6108961414
647 -23.80965064 0.605133478
648 -24.12596356 0.5991865889
649 -24.4532697 0.5930478196
650 -24.79214392 0.5867095069
651 -25.14318079 0.5801640556
652 -25.50699242 0.5734040316
653 -25.88420552 0.5664222705
654 -26.27545764 0.559212004
655 -26.68139251 0.551767005
656 -27.10265435 0.5440817512
657 -27.53988105 0.5361516069
658 -27.99369626 0.5279730227
659 -28.46470018 0.519543749
660 -28.95345922 0.5108630616
661 -29.46049444 0.5019319929
662 -29.98626904 0.492753563
663 -30.53117499 0.4833330016
664 -31.09551901 0.4736779521
665 -31.67950854 0.4637986452
666 -32.28323778 0.4537080319
667 -32.90667466 0.4434218626
668 -33.54964914 0.4329587014
669 -34.21184357 0.4223398653
670 -34.89278574 0.411589281
671 -35.59184513 0.4007332559
672 -36.30823303 0.3898001622
673 -37.04100672 0.3788200424
674 -37.78907804 0.3678241431
675 -38.55122625 0.3568443958
676 -39.32611494 0.3459128616
677 -40.11231246 0.3350611637
678 -40.90831522 0.3243199303
679 -41.71257302 0.3137182719
680 -42.52351532 0.3032833127
681 -43.33957753 0.2930397944
682 -44.1592263 0.2830097658
683 -44.98098293 0.273212363
684 -45.80344413 0.2636636847
685 -46.62529955 0.2543767575
686 -47.4453457 0.2453615852
687 -48.26249616 0.2366252696
688 -49.07578794 0.2281721914
689 -49.88438425 0.2200042371
690 -50.68757389 0.2121210575
691 -51.48476767 0.2045203457
692 -52.27549219 0.1971981229
693 -53.05938138 0.1901490218
694 -53.83616634 0.183366561
695 -54.60566366 0.1768434029
696 -55.36776285 0.170571592
697 -56.12241289 0.1645427707
698 -56.86960847 0.1587483702
699 -57.60937605 0.1531797771
700 -58.34176 0.1478284746
701 -59.06680913 0.1426861598
702 -59.78456379 0.1377448379
703 -60.49504374 0.1329968932
704 -61.19823717 0.1284351409
705 -61.89409097 0.1240528579
706 -62.58250247 0.1198437966
707 -63.2633131 0.1158021829
708 -63.93630377 0.111922699
709 -64.6011925 0.1082004546
710 -65.25763419 0.1046309482
711 -65.90522255 0.1012100197
712 -66.54349423 0.09793379898
713 -67.17193507 0.09479865005
714 -67.78998802 0.09180111597
715 -68.39706278 0.08893786464
716 -68.99254655 0.08620563852
717 -69.57581564 0.08360120969
718 -70.14624751 0.08112134143
719 -70.70323274 0.0787627574
720 -71.24618667 0.07652211864
721 -71.77456022 0.07439600849
722 -72.28784962 0.0723809251
723 -72.78560486 0.07047328087
724 -73.26743659 0.06866940779
725 -73.73302143 0.06696556792
726 -74.18210565 0.06535796764
727 -74.61450719 0.0638427747
728 -75.03011629 0.06241613704
729 -75.42889452 0.06107420233
730 -75.81087279 0.05981313757
731 -76.17614813 0.05862914788
732 -76.52487971 0.05751849417
733 -76.85728413 0.05647750912
734 -77.17363026 0.05550261137
735 -77.47423371 0.05459031767
736 -77.75945121 0.05373725296
737 -78.02967488 0.05294015852
738 -78.28532662 0.05219589816
739 -78.52685277 0.05150146256
740 -78.75471887 0.05085397209
741 -78.96940487 0.05025067812
742 -79.17140064 0.04968896301
743 -79.3612019 0.04916633908
744 -79.5393065 0.04868044663
745 -79.70621116 0.04822905113
746 -79.86240855 0.04781003993
747 -80.00838477 0.04742141831
748 -80.14461721 0.04706130534
749 -80.27157275 0.04672792931
750 -80.38970621 0.04641962312
751 -80.49945918 0.04613481953
752 -80.60125907 0.04587204629
753 -80.69551836 0.04562992145
754 -80.78263413 0.04540714858
755 -80.86298773 0.04520251219
756 -80.93694461 0.04501487319
757 -81.0048543 0.04484316459
758 -81.06705052 0.04468638726
759 -81.12385135 0.04454360592
760 -81.17555954 0.04441394534
761 -81.22246284 0.04429658657
762 -81.2648344 0.04419076357
763 -81.30293324 0.04409575982
764 -81.3370047 0.04401090523
765 -81.36728094 0.04393557321
766 -81.3939815 0.04386917782
767 -81.41731377 0.0438111712
768 -81.43747357 0.0437610411
769 -81.45464564 0.04371830854
770 -81.46900419 0.04368252566
771 -81.4807134 0.04365327367
772 -81.48992792 0.04363016095
773 -81.49679339 0.04361282124
774 -81.50144688 0.04360091203
775 -81.50401734 0.0435941129
776 -81.50462609 0.04359212416
777 -81.50338721 0.04359466542
778 -81.50040793 0.04360147433
779 -81.49578907 0.04361230542
780 -81.48962535 0.04362692893
781 -81.48200579 0.04364512984
782 -81.47301399 0.04366670687
783 -81.46272851 0.04369147157
784 -81.45122314 0.04371924749
785 -81.43856715 0.0437498694
786 -81.42482561 0.04378318256
787 -81.41005963 0.04381904202
788 -81.39432659 0.04385731202
789 -81.37768034 0.04389786533
790 -81.36017147 0.04394058278
791 -81.34184748 0.04398535269
792 -81.32275293 0.04403207039
793 -81.30292969 0.0440806378
794 -81.28241705 0.04413096299
795 -81.2612519 0.04418295978
