0 -81.06851628 0.0446828909
1 -81.1255332 0.04453960936
2 -81.17755943 0.04440919391
3 -81.22486887 0.04429086182
4 -81.26772205 0.04418387951
5 -81.30636648 0.04408755958
6 -81.34103711 0.04400125797
7 -81.37195672 0.04392437131
8 -81.39933638 0.04385633436
9 -81.42337593 0.04379661765
10 -81.44426439 0.04374472519
11 -81.46218047 0.0437001924
12 -81.47729305 0.04366258407
13 -81.48976157 0.04363149255
14 -81.49973654 0.04360653591
15 -81.50735994 0.04358735638
16 -81.51276568 0.04357361875
17 -81.51607999 0.04356500895
18 -81.51742183 0.04356123267
19 -81.51690328 0.04356201413
20 -81.51462989 0.04356709485
21 -81.51070106 0.04357623256
22 -81.50521037 0.04358920018
23 -81.49824588 0.04360578482
24 -81.48989046 0.04362578693
25 -81.48022181 0.04364901996
26 -81.4693107 0.04367531364
27 -81.4572024 0.04370455113
28 -81.44374686 0.04373701081
29 -81.42705857 0.04377646932
30 -81.38957304 0.04385834032
31 -81.17186953 0.04430627018
32 -79.33277283 0.04819850212
33 -63.01129847 0.09740801915
34 29.30264878 0.9448694782
35 38.61742197 0.9999323715
36 37.91569009 0.9999360428
37 35.99336346 0.999910061
38 33.1666711 0.9998497282
39 29.71930824 0.9997175351
40 25.97515713 0.999439543
41 22.18876675 0.9988849144
42 18.5229054 0.9978481369
43 15.07206219 0.9960488111
44 11.88888906 0.9931665375
45 9.000544404 0.9889164968
46 6.416495194 0.9831432562
47 4.132253 0.9758866418
48 2.132240083 0.9673820067
49 0.3930135511 0.957996577
50 -1.113284807 0.9481387925
51 -2.415844318 0.9381813069
52 -3.542897822 0.9284177549
53 -4.520324227 0.9190516536
54 -5.370995686 0.9102056071
55 -6.11463963 0.9019389818
56 -6.76800372 0.8942663569
57 -7.345168196 0.8871731364
58 -7.857907089 0.880627336
59 -8.31604315 0.8745878363
60 -8.727769831 0.8690098388
61 -9.099930501 0.8638482858
62 -9.438254111 0.8590598775
63 -9.747550884 0.8546041641
64 -10.03187323 0.8504440449
65 -10.2946474 0.846545904
66 -10.53878089 0.842879531
67 -10.76675013 0.8394179233
68 -10.98067213 0.8361370307
69 -11.18236305 0.8330154787
70 -11.37338644 0.8300342935
71 -11.55509284 0.8271766393
72 -11.72865263 0.8244275762
73 -11.8950832 0.8217738397
74 -12.05527167 0.8192036423
75 -12.20999386 0.8167064983
76 -12.35993014 0.8142730668
77 -12.50567891 0.8118950148
78 -12.64776792 0.8095648957
79 -12.78666385 0.8072760433
80 -12.92278055 0.8050224781
81 -13.05648602 0.8027988255
82 -13.18810839 0.8006002435
83 -13.31794106 0.7984223599
84 -13.44624719 0.7962612162
85 -13.57326346 0.794113219
86 -13.69920346 0.7919750966
87 -13.82426054 0.7898438613
88 -13.94861035 0.787716775
89 -14.07241302 0.7855913204
90 -14.1958151 0.7834651738
91 -14.31895124 0.781336182
92 -14.44194567 0.7792023414
93 -14.56491356 0.7770617791
94 -14.68796213 0.7749127367
95 -14.8111917 0.772753555
96 -14.93469663 0.7705826606
97 -15.05856611 0.768398554
98 -15.18288494 0.7661997983
99 -15.30773414 0.7639850097
100 -15.4331916 0.7617528479
101 -15.55933259 0.7595020082
102 -15.68623028 0.7572312137
103 -15.81395618 0.7549392082
104 -15.94258058 0.7526247498
105 -16.0721729 0.7502866043
106 -16.20280212 0.7479235402
107 -16.33453706 0.7455343223
108 -16.46744674 0.7431177071
109 -16.60160066 0.7406724378
110 -16.73706916 0.7381972391
111 -16.87392364 0.7356908128
112 -17.01223686 0.7331518328
113 -17.15208326 0.730578941
114 -17.29353918 0.7279707426
115 -17.43668318 0.7253258016
116 -17.58159628 0.7226426361
117 -17.72836228 0.719919714
118 -17.87706801 0.7171554482
119 -18.02780364 0.7143481921
120 -18.18066297 0.7114962346
121 -18.33574379 0.7085977953
122 -18.4931481 0.7056510193
123 -18.65298255 0.7026539724
124 -18.81535874 0.6996046355
125 -18.98039357 0.6965008992
126 -19.14820964 0.6933405583
127 -19.31893565 0.690121306
128 -19.49270682 0.6868407279
129 -19.66966531 0.6834962963
130 -19.84996067 0.6800853638
131 -20.03375035 0.6766051572
132 -20.22120017 0.6730527713
133 -20.41248485 0.6694251626
134 -20.60778853 0.6657191432
135 -20.80730538 0.6619313748
136 -21.01124012 0.6580583627
137 -21.21980865 0.6540964506
138 -21.43323865 0.6500418157
139 -21.6517702 0.6458904641
140 -21.87565637 0.6416382274
141 -22.1051639 0.6372807605
142 -22.34057375 0.6328135408
143 -22.58218171 0.628231868
144 -22.83029895 0.6235308679
145 -23.08525253 0.6187054966
146 -23.34738579 0.6137505493
147 -23.61705875 0.6086606715
148 -23.8946483 0.6034303749
149 -24.18054831 0.5980540579
150 -24.47516948 0.5925260313
151 -24.77893911 0.5868405511
152 -25.09230042 0.5809918575
153 -25.41571175 0.5749742226
154 -25.74964525 0.5687820067
155 -26.09458525 0.5624097241
156 -26.45102605 0.5558521198
157 -26.81946928 0.5491042567
158 -27.20042056 0.5421616149
159 -27.59438555 0.5350202017
160 -28.00186529 0.527676674
161 -28.42335075 0.52012847
162 -28.85931665 0.5123739513
163 -29.31021451 0.504412551
164 -29.77646488 0.4962449271
165 -30.25844903 0.4878731157
166 -30.75649991 0.4793006808
167 -31.27089281 0.4705328543
168 -31.80183571 0.4615766607
169 -32.34945973 0.4524410195
170 -32.91380985 0.4431368183
171 -33.4948363 0.4336769495
172 -34.09238705 0.4240763043
173 -34.70620162 0.4143517192
174 -35.33590678 0.40452187
175 -35.98101431 0.3946071121
176 -36.64092125 0.3846292682
177 -37.31491275 0.3746113658
178 -38.00216773 0.3645773308
179 -38.70176717 0.3545516466
180 -39.41270513 0.3445589888
181 -40.13390197 0.3346238485
182 -40.86421966 0.3247701572
183 -41.60247839 0.3150209279
184 -42.34747425 0.3053979241
185 -43.09799715 0.2959213679
186 -43.85284846 0.2866096964
187 -44.61085791 0.2774793726
188 -45.37089909 0.2685447536
189 -46.13190322 0.259818016
190 -46.89287091 0.2513091383
191 -47.65288158 0.243025933
192 -48.41110053 0.2349741248
193 -49.16678363 0.2271574662
194 -49.91927961 0.2195778833
195 -50.66803015 0.2122356443
196 -51.41256797 0.2051295424
197 -52.15251295 0.1982570872
198 -52.88756674 0.1916146983
199 -53.61750587 0.1851978959
200 -54.34217368 0.1790014843
201 -55.06147125 0.1730197261
202 -55.77534756 0.1672465031
203 -56.483789 0.1616754636
204 -57.1868085 0.1563001546
205 -57.88443439 0.1511141378
206 -58.5766993 0.1461110895
207 -59.26362911 0.1412848842
208 -59.94523234 0.1366296623
209 -60.62149019 0.1321398814
210 -61.29234729 0.1278103522
211 -61.95770366 0.1236362597
212 -62.61740788 0.1196131704
213 -63.27125188 0.1157370258
214 -63.91896737 0.1120041243
215 -64.56022427 0.1084110933
216 -65.19463104 0.1049548516
217 -65.82173704 0.1016325659
218 -66.44103692 0.09844160238
219 -67.05197683 0.09537947621
220 -67.65396228 0.09244380036
221 -68.24636747 0.08963223665
222 -68.82854564 0.08694245034
223 -69.39984019 0.08437207003
224 -69.95959609 0.08191865392
225 -70.50717131 0.07957966328
226 -71.04194784 0.07735244359
227 -71.56334189 0.07523421319
228 -72.07081318 0.07322205908
229 -72.56387295 0.07131293941
230 -73.04209058 0.06950369153
231 -73.50509874 0.06779104481
232 -73.95259698 0.0661716371
233 -74.38435394 0.06464203369
234 -74.80020802 0.06319874795
235 -75.20006686 0.06183826256
236 -75.5839056 0.06055705068
237 -75.9517642 0.05935159631
238 -76.30374386 0.05821841343
239 -76.64000288 0.05715406353
240 -76.96075195 0.05615517117
241 -77.26624914 0.05521843763
242 -77.55679472 0.05434065244
243 -77.83272586 0.05351870287
244 -78.09441144 0.0527495815
245 -78.34224693 0.05203039198
246 -78.57664952 0.051358353
247 -78.7980535 0.05073080093
248 -79.00690594 0.05014519096
249 -79.20366271 0.0495990972
250 -79.38878484 0.04909021171
251 -79.56273525 0.04861634277
252 -79.72597585 0.0481754124
253 -79.87896493 0.04776545335
254 -80.02215495 0.04738460572
255 -80.15599058 0.04703111313
256 -80.28090714 0.04670331879
257 -80.39732919 0.04639966129
258 -80.50566945 0.04611867042
259 -80.60632793 0.04585896284
260 -80.69969126 0.04561923786
261 -80.78613225 0.04539827323
262 -80.86600949 0.04519492099
263 -80.93966725 0.04500810347
264 -81.00743539 0.04483680938
265 -81.06962943 0.04468009007
266 -81.12655069 0.04453705591
267 -81.1784865 0.04440687281
268 -81.2257105 0.04428875897
269 -81.26848296 0.04418198166
270 -81.30705117 0.04408585434
271 -81.34164984 0.04399973372
272 -81.37250154 0.04392301716
273 -81.39981712 0.04385514013
274 -81.4237962 0.04379557378
275 -81.44462762 0.04374382274
276 -81.46248991 0.04369942299
277 -81.47755175 0.04366193985
278 -81.48997241 0.04363096616
279 -81.49990225 0.04360612047
280 -81.50748309 0.04358704543
281 -81.51284869 0.04357340625
282 -81.51612515 0.04356488923
283 -81.51743129 0.04356120042
284 -81.51687906 0.04356206438
285 -81.51457391 0.04356722293
286 -81.51061511 0.0435764341
287 -81.50509614 0.04358947108
288 -81.49810497 0.04360612124
289 -81.48972437 0.04362618527
290 -81.48003195 0.04364947683
291 -81.46909838 0.04367582589
292 -81.45696887 0.0437051158
293 -81.44349323 0.04373762525
294 -81.42678524 0.04377713238
295 -81.38927453 0.04385906322
296 -81.17148505 0.04430718172
297 -79.33172114 0.04820094821
298 -63.0041948 0.09743623121
299 29.30893456 0.9449456086
300 38.61751932 0.9999323876
301 37.91552798 0.9999360411
302 35.99310701 0.9999100568
303 33.16639387 0.9998497203
304 29.71908852 0.999717523
305 25.97505298 0.9994395306
306 22.1888077 0.9988849187
307 18.52309827 0.9978482023
308 15.0723994 0.9960490269
309 11.88935492 0.9931670493
310 9.001119339 0.9889175002
311 6.417158756 0.9831449684
312 4.132986106 0.9758892597
313 2.133026487 0.9673856716
314 0.3938405253 0.9580013592
315 -1.112426485 0.9481446986
316 -2.414960833 0.9381882985
317 -3.541992982 0.9284257693
318 -4.519400124 0.91906062
319 -5.370053261 0.9102154568
320 -6.113679103 0.9019496531
321 -6.767024898 0.8942777964
322 -7.344170683 0.8871852995
323 -7.856890419 0.8806401852
324 -8.315006865 0.8746013402
325 -8.726713532 0.869023971
326 -9.098853865 0.8638630234
327 -9.437156902 0.8590752008
328 -9.746432949 0.8546200557
329 -10.0307345 0.8504604892
330 -10.29348786 0.8465628868
331 -10.5376006 0.8428970394
332 -10.76554919 0.8394359453
333 -10.97945068 0.8361555553
334 -11.18112127 0.8330344956
335 -11.37212452 0.8300537931
336 -11.55381098 0.8271966129
337 -11.72735104 0.8244480155
338 -11.89376211 0.8217947371
339 -12.0539313 0.8192249909
340 -12.20863441 0.8167282917
341 -12.35855181 0.8142952992
342 -12.50428189 0.811917681
343 -12.64635238 0.8095879911
344 -12.78522994 0.8072995639
345 -12.92132841 0.8050464204
346 -13.05501576 0.8028231866
347 -13.1866201 0.800625021
348 -13.31643481 0.7984475521
349 -13.44472302 0.7962868218
350 -13.57172139 0.7941392374
351 -13.69764349 0.7920015276
352 -13.82268264 0.7898707052
353 -13.94701446 0.7877440329
354 -14.07079906 0.7856189937
355 -14.19418296 0.7834932645
356 -14.31730078 0.7813646927
357 -14.44027673 0.7792312751
358 -14.56322595 0.7770911395
359 -14.68625563 0.7749425279
360 -14.80946606 0.7727837818
361 -14.93295157 0.7706133283
362 -15.05680133 0.7684296684
363 -15.1811001 0.7662313658
364 -15.30592887 0.7640170373
365 -15.4313655 0.7617853432
366 -15.55748523 0.7595349795
367 -15.68436119 0.7572646698
368 -15.81206487 0.7549731586
369 -15.9406665 0.7526592045
370 -16.0702355 0.7503215742
371 -16.20084077 0.7479590367
372 -16.33255112 0.7455703577
373 -16.46543551 0.7431542945
374 -16.59956342 0.7407095909
375 -16.73500513 0.7382349724
376 -16.87183198 0.7357291417
377 -17.01011671 0.7331907737
378 -17.14993369 0.7306185111
379 -17.29135922 0.7280109602
380 -17.43447179 0.7253666858
381 -17.57935238 0.7226842072
382 -17.7260847 0.7199619934
383 -17.87475553 0.7171984584
384 -18.02545497 0.7143919569
385 -18.17827676 0.7115407789
386 -18.33331858 0.7086431455
387 -18.49068238 0.7056972032
388 -18.65047472 0.7027010192
389 -18.81280709 0.6996525761
390 -18.9777963 0.6965497659
391 -19.14556486 0.6933903853
392 -19.31624136 0.6901721292
393 -19.4899609 0.6868925851
394 -19.66686552 0.6835492273
395 -19.84710465 0.6801394105
396 -20.03083559 0.6766603635
397 -20.21822402 0.6731091835
398 -20.40944452 0.6694828292
399 -20.60468106 0.6657781153
400 -20.80412765 0.6619917058
401 -21.00798883 0.6581201089
402 -21.21648031 0.6541596708
403 -21.42982957 0.6501065715
404 -21.64827648 0.6459568199
405 -21.87207392 0.6417062505
406 -22.10148837 0.6373505213
407 -22.33680058 0.6328851121
408 -22.57830608 0.628305326
409 -22.8263158 0.6236062912
410 -23.08115653 0.6187829667
411 -23.34317134 0.6138301503
412 -23.61272 0.6087424897
413 -23.8901791 0.6035144987
414 -24.17594225 0.5981405773
415 -24.47041989 0.5926150377
416 -24.77403902 0.5869321363
417 -25.08724265 0.5810861134
418 -25.41048886 0.5750712403
419 -25.7442496 0.5688818753
420 -26.08900901 0.5625125297
421 -26.44526125 0.5559579443
422 -26.81350785 0.5492131762
423 -27.1942544 0.5422736979
424 -27.58800659 0.5351355076
425 -27.99526557 0.5277952507
426 -28.41652251 0.520250352
427 -28.85225245 0.5124991571
428 -29.30290731 0.5045410808
429 -29.76890824 0.4963767603
430 -30.25063717 0.4880082087
431 -30.74842791 0.4794389641
432 -31.26255673 0.4706742309
433 -31.79323278 0.4617210041
434 -32.34058847 0.4525881721
435 -32.90467023 0.4432865907
436 -33.48542986 0.43382912
437 -34.08271703 0.4242306195
438 -34.69627303 0.4145078953
439 -35.32572645 0.4046795947
440 -35.97059092 0.3947660477
441 -36.63026531 0.3847890555
442 -37.30403653 0.3747716283
443 -37.99108512 0.3647376803
444 -38.69049358 0.3547116888
445 -39.40125724 0.344718329
446 -40.12229756 0.3347820978
447 -40.85247728 0.3249269386
448 -41.59061715 0.3151758816
449 -42.3355135 0.3055507127
450 -43.08595621 0.2960716805
451 -43.84074633 0.2867572524
452 -44.59871302 0.2776239242
453 -45.35872904 0.2686860871
454 -46.11972462 0.2599559532
455 -46.88069916 0.2514435358
456 -47.64073075 0.2431566818
457 -48.3989833 0.2351011483
458 -49.15471119 0.2272807183
459 -49.90726166 0.219697346
460 -50.65607493 0.2123513246
461 -51.40068226 0.2052414696
462 -52.14070219 0.1983653096
463 -52.87583511 0.1917192801
464 -53.6058564 0.1852989143
465 -54.33060842 0.1790990266
466 -55.04999139 0.173113887
467 -55.7639536 0.1673373821
468 -56.47248093 0.1617631631
469 -57.17558597 0.1563847776
470 -57.87329691 0.1511957861
471 -58.56564638 0.1461898625
472 -59.25266045 0.1413608777
473 -59.93434803 0.1367029672
474 -60.6106908 0.1322105833
475 -61.28163407 0.1278785308
476 -61.94707863 0.1237019888
477 -62.60687393 0.1196765174
478 -63.26081284 0.1157980524
479 -63.90862806 0.1120628867
480 -64.54999052 0.1084676426
481 -65.18450964 0.1050092346
482 -65.8117357 0.1016848259
483 -66.43116421 0.09849177986
484 -67.04224201 0.09542760964
485 -67.64437522 0.09248992707
486 -68.23693845 0.08967639358
487 -68.8192852 0.08698467473
488 -69.39075893 0.08441240002
489 -69.95070451 0.08195712901
490 -70.49847961 0.07961632475
491 -71.03346574 0.07738733471
492 -71.55507849 0.07526737933
493 -72.06277681 0.07325354775
494 -72.55607107 0.07134280016
495 -73.03452966 0.06953197578
496 -73.49778419 0.06781780563
497 -73.94553314 0.06619692889
498 -74.377544 0.06466591189
499 -74.79365407 0.06322126868
500 -75.19376987 0.06185948229
501 -75.57786548 0.06057702587
502 -75.94597984 0.05937038313
503 -76.29821321 0.05823606742
504 -76.63472299 0.05717063936
505 -76.95571908 0.0561707224
506 -77.26145881 0.0552330165
507 -77.55224182 0.05435430969
508 -77.82840473 0.05353148763
509 -78.09031594 0.05276154116
510 -78.33837055 0.05204157212
511 -78.57298541 0.05136879733
512 -78.7945946 0.05074055126
513 -79.00364499 0.05015428721
514 -79.20059234 0.04960757737
515 -79.38589763 0.04909811193
516 -79.56002379 0.04862369732
517 -79.72343274 0.04818225376
518 -79.87658285 0.04777181226
519 -80.01992668 0.0473905112
520 -80.15390908 0.04703659261
521 -80.27896549 0.04670839809
522 -80.39552066 0.04640436477
523 -80.50398751 0.04612302098
524 -80.60476626 0.04586298204
525 -80.69824378 0.04562294596
526 -80.78479306 0.04540168926
527 -80.86477295 0.04519806283
528 -80.93852795 0.04501098789
529 -81.00638815 0.04483945212
530 -81.06866929 0.0446825059
531 -81.12567292 0.04453925867
532 -81.1776866 0.04440887547
533 -81.22498417 0.04429057369
534 -81.26782613 0.04418361985
535 -81.30645998 0.04408732667
536 -81.34112061 0.0440010502
537 -81.37203078 0.04392418717
538 -81.39940154 0.04385617244
539 -81.42343268 0.04379647662
540 -81.44431321 0.04374460381
541 -81.46222182 0.04370008951
542 -81.47732735 0.04366249858
543 -81.48978921 0.04363142344
544 -81.4997579 0.04360648223
545 -81.50737538 0.04358731723
546 -81.51277554 0.04357359329
547 -81.51608459 0.0435649964
548 -81.51742146 0.04356123229
549 -81.51689822 0.04356202523
550 -81.51462041 0.04356711678
551 -81.51068741 0.04357626472
552 -81.50519278 0.04358924199
553 -81.49822458 0.04360583575
554 -81.48986565 0.04362584649
555 -81.4801937 0.04364908767
556 -81.46927945 0.04367538907
557 -81.4571682 0.04370463387
558 -81.44370986 0.04373710048
559 -81.42701883 0.04377656576
560 -81.38952985 0.04385844498
561 -81.17181493 0.04430639999
562 -79.33263038 0.04819883475
563 -63.01035777 0.09741175742
564 29.30348028 0.9448795516
565 38.61743517 0.9999323736
566 37.91566942 0.9999360426
567 35.9933311 0.9999100605
568 33.16663711 0.9998497272
569 29.71928319 0.9997175337
570 25.97514876 0.9994395419
571 22.18877892 0.9988849163
572 18.52293886 0.9978481485
573 15.07211576 0.9960488456
574 11.88896045 0.9931666162
575 9.000630815 0.988916648
576 6.416593714 0.9831435108
577 4.132360937 0.9758870277
578 2.132355161 0.9673825436
579 0.3931340024 0.9579972741
580 -1.113160247 0.9481396502
581 -2.415716482 0.9381823192
582 -3.542767209 0.9284189123
583 -4.520191095 0.9190529458
584 -5.370860135 0.9102070243
585 -6.114501663 0.9019405151
586 -6.767863285 0.8942679985
587 -7.345025216 0.8871748802
588 -7.857761481 0.8806291766
589 -8.315894833 0.8745897693
590 -8.727618738 0.8690118606
591 -9.099776575 0.863850393
592 -9.438097309 0.8590620676
593 -9.747391178 0.8546064345
594 -10.03171061 0.8504463936
595 -10.29448184 0.8465483289
596 -10.53861241 0.8428820304
597 -10.76657874 0.8394204955
598 -10.98049784 0.8361396742
599 -11.18218589 0.833018192
600 -11.37320643 0.8300370753
601 -11.55491 0.8271794884
602 -11.72846699 0.8244304914
603 -11.8948948 0.8217768199
604 -12.05508054 0.8192066868
605 -12.20980001 0.816709606
606 -12.35973361 0.8142762369
607 -12.50547973 0.8118982465
608 -12.6475661 0.8095681885
609 -12.78645942 0.8072793966
610 -12.92257354 0.8050258914
611 -13.05627643 0.8028022983
612 -13.18789623 0.8006037756
613 -13.31772635 0.798425951
614 -13.44602993 0.7962648662
615 -13.57304365 0.7941169277
616 -13.6989811 0.7919788642
617 -13.82403563 0.7898476876
618 -13.94838288 0.7877206603
619 -14.07218298 0.7855952649
620 -14.19558247 0.7834691777
621 -14.318716 0.7813402457
622 -14.4417078 0.7792064653
623 -14.56467303 0.7770659638
624 -14.68771891 0.7749169828
625 -14.81094575 0.7727578632
626 -14.93444792 0.7705870316
627 -15.05831459 0.7684029886
628 -15.18263056 0.7662042975
629 -15.30747685 0.7639895744
630 -15.43293134 0.7617574792
631 -15.55906931 0.7595067073
632 -15.6859639 0.7572359819
633 -15.81368664 0.7549440468
634 -15.94230779 0.7526296602
635 -16.07189679 0.7502915882
636 -16.2025226 0.747928599
637 -16.33425404 0.7455394579
638 -16.46716011 0.7431229213
639 -16.60131034 0.7406777326
640 -16.73677502 0.7382026166
641 -16.87362556 0.735696275
642 -17.01193473 0.7331573822
643 -17.15177694 0.73058458
644 -17.29322853 0.7279764738
645 -17.43636805 0.7253316277
646 -17.58127653 0.72264856
647 -17.72803773 0.7199257388
648 -17.87673849 0.7171615771
649 -18.02746897 0.7143544284
650 -18.18032296 0.7115025819
651 -18.33539822 0.7086042573
652 -18.49279677 0.7056576
653 -18.65262523 0.7026606759
654 -18.81499518 0.6996114662
655 -18.98002352 0.6965078617
656 -19.14783283 0.6933476574
657 -19.3185518 0.6901285469
658 -19.49231562 0.6868481159
659 -19.66926644 0.6835038371
660 -19.84955381 0.6800930633
661 -20.03333513 0.6766130217
662 -20.22077622 0.6730608073
663 -20.41205177 0.669433377
664 -20.60734591 0.6657275433
665 -20.80685276 0.6619399681
666 -21.01077704 0.6580671572
667 -21.21933462 0.6541054548
668 -21.43275314 0.6500510382
669 -21.65127265 0.645899914
670 -21.87514621 0.6416479142
671 -22.10464051 0.6372906944
672 -22.34003649 0.6328237319
673 -22.58162989 0.6282423272
674 -22.82973185 0.6235416063
675 -23.08466939 0.6187165258
676 -23.34678583 0.6137618811
677 -23.61644113 0.6086723182
678 -23.89401216 0.603442349
679 -24.17989273 0.5980663721
680 -24.47449353 0.5925386985
681 -24.77824178 0.5868535843
682 -25.09158071 0.5810052697
683 -25.41496861 0.5749880267
684 -25.74887759 0.5687962152
685 -26.09379196 0.5624243492
686 -26.45020601 0.555867173
687 -26.81862135 0.5491197487
688 -27.19954359 0.5421775553
689 -27.59347841 0.5350365989
690 -28.00092684 0.5276935346
691 -28.4223799 0.5201457988
692 -28.85831236 0.5123917508
693 -29.30917577 0.5044308211
694 -29.7753908 0.4962636648
695 -30.25733879 0.4878923146
696 -30.75535282 0.479320331
697 -31.26970831 0.4705529418
698 -31.80061342 0.4615971675
699 -32.34819945 0.4524619232
700 -32.91251158 0.4431580919
701 -33.49350026 0.4336985614
702 -34.09101371 0.4240982185
703 -34.70479169 0.4143738955
704 -35.33446123 0.404544264
705 -35.97953437 0.3946296759
706 -36.63940842 0.3846519509
707 -37.31336877 0.374634114
708 -38.00059456 0.3646000895
709 -38.700167 0.3545743601
710 -39.41108032 0.3445816012
711 -40.13225504 0.3346463046
712 -40.86255323 0.3247924038
713 -41.60079516 0.3150429141
714 -42.34577697 0.3054196022
715 -43.09628853 0.295942694
716 -43.8511312 0.2866306308
717 -44.60913461 0.2774998804
718 -45.36917223 0.2685648045
719 -46.13017516 0.259837585
720 -46.89114381 0.2513282051
721 -47.65115743 0.2430444823
722 -48.40938112 0.2349921458
723 -49.16507054 0.2271749525
724 -49.91757421 0.2195948324
725 -50.6663336 0.2122520572
726 -51.41088122 0.2051454233
727 -52.15083677 0.1982724431
728 -52.88590172 0.1916295383
729 -53.61585243 0.1852122309
730 -54.34053211 0.1790153267
731 -55.05984172 0.1730330893
732 -55.77373013 0.1672594012
733 -56.48218367 0.1616879112
734 -57.18521522 0.1563121662
735 -57.8828531 0.1511257279
736 -58.57512992 0.1461222721
737 -59.26207159 0.1412956729
738 -59.9436867 0.13664007
739 -60.6199565 0.1321499201
740 -61.29082574 0.1278200333
741 -61.95619453 0.1236455936
742 -62.61591159 0.1196221667
743 -63.26976896 0.1157456931
744 -63.9174985 0.1120124707
745 -64.55877029 0.108419126
746 -65.1931929 0.1049625772
747 -65.82031584 0.1016399905
748 -66.43963388 0.09844873184
749 -67.05059325 0.0953863159
750 -67.65259956 0.09245035557
751 -68.24502707 0.0896385126
752 -68.82722906 0.08694845232
753 -69.39854892 0.08437780343
754 -69.95833163 0.08192412433
755 -70.50593512 0.07958487654
756 -71.04074128 0.07735740584
757 -71.56216626 0.07523893084
758 -72.06966966 0.07322653885
759 -72.56276261 0.07131718832
760 -73.04101435 0.06950771684
761 -73.50405738 0.06779485404
762 -73.95159112 0.06617523794
763 -74.38338403 0.06464543398
764 -74.79927437 0.06320195564
765 -75.19916961 0.06184128564
766 -75.58304476 0.06055989713
767 -75.9509396 0.05935427408
768 -76.30295523 0.05822093039
769 -76.63924981 0.0571564274
770 -76.96003392 0.05615738954
771 -77.26556552 0.0552205179
772 -77.55614479 0.05434260178
773 -77.83210883 0.05352052824
774 -78.09382644 0.05275128962
775 -78.34169304 0.05203198929
776 -78.57612578 0.05135984571
777 -78.79755892 0.05073219495
778 -79.00643949 0.05014649195
779 -79.20322335 0.04960031054
780 -79.38837152 0.04909134253
781 -79.56234694 0.04861739593
782 -79.72561149 0.04817639249
783 -79.87862348 0.04776636475
784 -80.02183539 0.04738545254
785 -80.15569192 0.04703189926
786 -80.2806284 0.04670404789
787 -80.39706942 0.04640033682
788 -80.50542771 0.04611929563
789 -80.60610334 0.04585954079
790 -80.69948296 0.04561977143
791 -80.78593939 0.04539876513
792 -80.86583128 0.04519537375
793 -80.93950291 0.04500851947
794 -81.0072842 0.04483719087
795 -81.06949068 0.04468043915
