0 -68.31627495 0.0893126743
1 -68.90933485 0.08658174834
2 -69.49106233 0.08397449372
3 -70.06077482 0.08148827641
4 -70.6178037 0.07912036486
5 -71.16150604 0.07686791016
6 -71.69127558 0.07472793431
7 -72.20655259 0.07269732607
8 -72.70683244 0.07077284377
9 -73.19167265 0.06895112411
10 -73.6606983 0.067228696
11 -74.11360585 0.06560199805
12 -74.55016534 0.06406739892
13 -74.97022099 0.06262121911
14 -75.37369054 0.06125975346
15 -75.76056318 0.0599792934
16 -76.13089654 0.05877614836
17 -76.48481271 0.05764666571
18 -76.82249364 0.05658724892
19 -77.14417596 0.05559437366
20 -77.45014557 0.05466460172
21 -77.74073186 0.05379459271
22 -78.01630213 0.05298111358
23 -78.27725586 0.05222104606
24 -78.52401925 0.05151139217
25 -78.75704005 0.05084927795
26 -78.97678258 0.0502319557
27 -79.18372318 0.04965680469
28 -79.37834601 0.0491213308
29 -79.56113924 0.04862316513
30 -79.73259162 0.0481600617
31 -79.89318951 0.04772989453
32 -80.04341416 0.04733065418
33 -80.18373949 0.04696044379
34 -80.31463013 0.04661747496
35 -80.43653977 0.04630006324
36 -80.54990988 0.0460066236
37 -80.65516859 0.04573566585
38 -80.75272994 0.04548578994
39 -80.8429932 0.04525568143
40 -80.92634248 0.04504410693
41 -81.00314653 0.04484990973
42 -81.07375854 0.04467200547
43 -81.13851626 0.04450937805
44 -81.19774207 0.04436107565
45 -81.25174322 0.04422620688
46 -81.30081211 0.04410393719
47 -81.34522667 0.04399348539
48 -81.38525074 0.04389412034
49 -81.42113451 0.04380515788
50 -81.45311502 0.04372595784
51 -81.48141661 0.04365592126
52 -81.50625143 0.0435944878
53 -81.52781999 0.04354113324
54 -81.54631161 0.04349536715
55 -81.56190497 0.04345673073
56 -81.57476861 0.04342479477
57 -81.5850614 0.04339915768
58 -81.59293302 0.04337944385
59 -81.59852406 0.0433653025
60 -81.60196372 0.04335641181
61 -81.60334505 0.04335252772
62 -81.60250001 0.04335393297
63 -81.59698284 0.04336546863
64 -81.56401173 0.04343268234
65 -81.29878877 0.04396846328
66 -78.96951943 0.04891146916
67 -58.44071169 0.1167807211
68 32.0368073 0.9759468959
69 38.602963 0.999938167
70 37.70746708 0.9999336985
71 35.62744321 0.9999039697
72 32.6453946 0.9998348752
73 29.06416046 0.999681985
74 25.21405062 0.9993573483
75 21.34764406 0.9987052092
76 17.62443639 0.9974826434
77 14.13660724 0.9953643727
78 10.93503576 0.9919923119
79 8.044703735 0.9870713263
80 5.471995213 0.9804760423
81 3.208571461 0.9723108314
82 1.234807216 0.9628873017
83 -0.4763557008 0.9526358545
84 -1.955553505 0.942001694
85 -3.233810639 0.9313682183
86 -4.340364485 0.9210219054
87 -5.30147504 0.9111503761
88 -6.139982949 0.9018583169
89 -6.875342614 0.8931888557
90 -7.523908661 0.8851434599
91 -8.099326689 0.877697699
92 -8.612940917 0.8708125957
93 -9.074174025 0.8644422722
94 -9.490860522 0.8585388227
95 -9.869529327 0.85305525
96 -10.21563838 0.8479471124
97 -10.53376703 0.8431733423
98 -10.82777274 0.838696554
99 -11.10091831 0.834483045
100 -11.35597504 0.8305026272
101 -11.59530659 0.82672837
102 -11.82093713 0.8231363061
103 -12.03460701 0.8197051321
104 -12.23781837 0.8164159188
105 -12.43187257 0.8132518423
106 -12.61790115 0.810197938
107 -12.79689148 0.8072408806
108 -12.96970806 0.804368787
109 -13.13711038 0.8015710426
110 -13.29976786 0.7988381484
111 -13.45827248 0.7961615858
112 -13.61314939 0.7935336989
113 -13.76486603 0.7909475902
114 -13.91383975 0.7883970303
115 -14.06044447 0.7858763775
116 -14.20501631 0.783380508
117 -14.34785845 0.7809047541
118 -14.48924533 0.7784448498
119 -14.62942633 0.775996883
120 -14.76862888 0.7735572532
121 -14.90706129 0.7711226339
122 -15.0449151 0.7686899391
123 -15.18236724 0.7662562942
124 -15.31958191 0.7638190092
125 -15.4567122 0.7613755553
126 -15.59390156 0.7589235434
127 -15.73128513 0.7564607055
128 -15.86899088 0.7539848771
129 -16.00714068 0.7514939817
130 -16.14585121 0.7489860169
131 -16.28523487 0.7464590409
132 -16.42540049 0.7439111608
133 -16.56645411 0.7413405217
134 -16.7084996 0.7387452962
135 -16.85163929 0.7361236751
136 -16.9959745 0.7334738582
137 -17.14160616 0.7307940459
138 -17.28863523 0.7280824311
139 -17.43716324 0.7253371915
140 -17.58729275 0.7225564819
141 -17.73912777 0.7197384272
142 -17.89277427 0.7168811151
143 -18.04834057 0.7139825893
144 -18.20593776 0.7110408425
145 -18.3656802 0.7080538094
146 -18.52768588 0.7050193602
147 -18.69207695 0.7019352935
148 -18.85898008 0.6987993294
149 -19.02852697 0.6956091026
150 -19.20085484 0.6923621555
151 -19.37610686 0.6890559312
152 -19.5544327 0.6856877659
153 -19.73598902 0.6822548822
154 -19.92094002 0.6787543816
155 -20.10945799 0.6751832374
156 -20.3017239 0.6715382873
157 -20.49792794 0.6678162264
158 -20.69827022 0.6640136002
159 -20.90296132 0.6601267976
160 -21.11222298 0.6561520448
161 -21.32628876 0.6520853994
162 -21.54540468 0.6479227448
163 -21.76982993 0.643659786
164 -21.99983752 0.6392920465
165 -22.23571495 0.6348148657
166 -22.47776484 0.6302233993
167 -22.72630554 0.6255126209
168 -22.9816717 0.6206773261
169 -23.24421471 0.6157121403
170 -23.51430315 0.6106115295
171 -23.79232299 0.6053698157
172 -24.07867778 0.5999811968
173 -24.37378853 0.5944397733
174 -24.67809343 0.5887395805
175 -24.99204726 0.582874629
176 -25.3161205 0.5768389531
177 -25.65079802 0.5706266695
178 -25.99657736 0.5642320454
179 -26.35396645 0.5576495783
180 -26.72348077 0.5508740877
181 -27.10563991 0.5439008186
182 -27.50096335 0.5367255582
183 -27.90996553 0.529344764
184 -28.3331501 0.5217557036
185 -28.77100336 0.5139566044
186 -29.2239869 0.5059468107
187 -29.69252943 0.4977269453
188 -30.17701792 0.4892990712
189 -30.67778819 0.4806668491
190 -31.19511502 0.4718356843
191 -31.72920219 0.4628128552
192 -32.28017246 0.4536076187
193 -32.84805815 0.4442312825
194 -33.43279235 0.4346972376
195 -34.03420144 0.4250209452
196 -34.65199913 0.4152198717
197 -35.28578247 0.405313368
198 -35.93503027 0.3953224926
199 -36.59910401 0.3852697789
200 -37.2772516 0.3751789516
201 -37.96861401 0.3650745994
202 -38.67223466 0.3549818133
203 -39.38707147 0.3449258034
204 -40.11201112 0.3349315073
205 -40.84588523 0.3250232045
206 -41.58748785 0.3152241508
207 -42.33559364 0.3055562459
208 -43.08897624 0.2960397445
209 -43.8464261 0.2866930194
210 -44.60676732 0.2775323824
211 -45.36887296 0.2685719656
212 -46.13167844 0.2598236607
213 -46.89419278 0.2512971158
214 -47.65550744 0.2429997826
215 -48.41480273 0.2349370081
216 -49.17135179 0.2271121625
217 -49.92452221 0.219526796
218 -50.67377549 0.2121808163
219 -51.41866441 0.2050726782
220 -52.15882872 0.198199581
221 -52.89398908 0.1915576652
222 -53.6239398 0.1851422058
223 -54.34854035 0.1789477968
224 -55.06770594 0.1729685253
225 -55.78139737 0.1671981317
226 -56.48961036 0.1616301554
227 -57.19236444 0.1562580649
228 -57.88969182 0.1510753711
229 -58.58162612 0.1460757246
230 -59.26819147 0.1412529955
231 -59.94939201 0.1366013376
232 -60.6252021 0.132115236
233 -61.29555744 0.1277895391
234 -61.96034738 0.1236194754
235 -62.61940864 0.119600657
236 -63.2725206 0.1157290691
237 -63.9194024 0.1120010487
238 -64.559712 0.108413253
239 -65.19304715 0.10496262
240 -65.81894843 0.1016463227
241 -66.43690416 0.09846171983
242 -67.04635711 0.09540630469
243 -67.64671272 0.09247765475
244 -68.23734865 0.0896733837
245 -68.8176252 0.08699109774
246 -69.38689635 0.0844283577
247 -69.94452095 0.08198264779
248 -70.48987381 0.07965135179
249 -71.02235619 0.07743173672
250 -71.54140553 0.07532094405
251 -72.04650411 0.07331598774
252 -72.53718644 0.07141375858
253 -73.01304528 0.06961103376
254 -73.47373618 0.06790449076
255 -73.9189806 0.06629072445
256 -74.34856762 0.06476626639
257 -74.76235424 0.06332760538
258 -75.16026462 0.06197120836
259 -75.54228809 0.06069354101
260 -75.90847634 0.05949108747
261 -76.25893986 0.05836036856
262 -76.59384378 0.05729795844
263 -76.91340324 0.05630049932
264 -77.21787853 0.05536471414
265 -77.50757008 0.05448741731
266 -77.78281333 0.05366552337
267 -78.04397379 0.05289605386
268 -78.2914421 0.0521761424
269 -78.52562941 0.05150303819
270 -78.74696294 0.05087410804
271 -78.95588192 0.05028683725
272 -79.15283376 0.04973882927
273 -79.33827061 0.04922780453
274 -79.51264626 0.04875159849
275 -79.67641334 0.04830815898
276 -79.83002089 0.04789554315
277 -79.97391221 0.04751191397
278 -80.10852304 0.04715553646
279 -80.23427967 0.04682477432
280 -80.35159531 0.04651809082
281 -80.46084815 0.04623408875
282 -80.56219721 0.04597189133
283 -80.65397513 0.04573449988
284 -80.71860734 0.04555815602
285 -80.59926487 0.04577040046
286 -78.92125949 0.04937739138
287 -63.80983798 0.09488069719
288 26.96054812 0.9241727866
289 38.38239717 0.9999247321
290 37.68666322 0.9999333295
291 35.59853268 0.9999035275
292 32.52749557 0.9998316107
293 28.7963118 0.9996670656
294 24.76215698 0.9993051943
295 20.70395404 0.9985536003
296 16.80032095 0.9971044525
297 13.15518491 0.9945418664
298 9.825400982 0.9904152703
299 6.837334629 0.98437686
300 4.195017269 0.9763230021
301 1.885109831 0.966453329
302 -0.1182556108 0.9552105522
303 -1.848277657 0.9431452495
304 -3.340734298 0.9307834565
305 -4.630445465 0.9185461921
306 -5.749155147 0.9067252403
307 -6.72459463 0.8954953054
308 -7.580334307 0.8849409682
309 -8.336071705 0.8750846774
310 -9.008109889 0.8659097658
311 -9.609880578 0.8573771931
312 -10.15243749 0.8494367988
313 -10.64488876 0.8420344161
314 -11.09476073 0.8351161194
315 -11.5082969 0.8286305867
316 -11.89070013 0.8225302766
317 -12.24632758 0.8167718848
318 -12.57884694 0.8113163798
319 -12.89136174 0.8061288093
320 -13.18651182 0.8011779904
321 -13.46655435 0.7964361536
322 -13.73342911 0.7918785807
323 -13.98881153 0.7874832576
324 -14.23415585 0.7832305535
325 -14.47073051 0.7791029297
326 -14.6996472 0.7750846811
327 -14.92188485 0.7711617062
328 -15.13830966 0.7673213052
329 -15.34969167 0.7635520033
330 -15.55671879 0.7598433959
