0 -79.72445134 0.0481962856
1 -76.36677499 0.05658489019
2 -71.88706658 0.07150857831
3 -65.56760868 0.09780181833
4 -43.86622982 0.2202340497
5 39.59129665 0.9977776125
6 38.37381117 0.9999411756
7 36.42142871 0.9999171486
8 33.29158475 0.9998544255
9 29.19552437 0.999693464
10 24.60293331 0.9992934209
11 19.94947964 0.998366136
12 15.51582344 0.9964213735
13 11.44827625 0.9927932182
14 7.810680826 0.9868106791
15 4.619433855 0.9780759588
16 1.860544908 0.9666795005
17 -0.5008418483 0.9531861453
18 -2.512053592 0.9384109502
19 -4.22487319 0.923155169
20 -5.689323505 0.9080421206
21 -6.950035332 0.8934748492
22 -8.044862844 0.879667751
23 -9.004934709 0.8667016281
24 -9.85540687 0.8545742366
25 -10.61644174 0.8432373989
26 -11.30416637 0.8326210974
27 -11.93150711 0.8226478377
28 -12.50887509 0.8132405825
29 -13.0447114 0.8043267428
30 -13.54591352 0.7958398778
31 -14.01816604 0.7877201294
32 -14.4661965 0.7799139982
33 -14.89397369 0.7723738105
34 -15.30486178 0.7650570672
35 -15.70174087 0.7579257779
36 -16.08710187 0.7509458294
37 -16.46312171 0.7440864123
38 -16.83172345 0.7373195102
39 -17.1946247 0.7306194526
40 -17.55337707 0.7239625256
41 -17.90939838 0.7173266341
42 -18.26399947 0.7106910098
43 -18.6184064 0.7040359594
44 -18.97377931 0.6973426481
45 -19.33122835 0.6905929128
46 -19.69182724 0.6837691042
47 -20.05662504 0.6768539539
48 -20.42665621 0.6698304651
49 -20.80294924 0.6626818264
50 -21.18653411 0.6553913497
51 -21.57844846 0.6479424309
52 -21.97974266 0.6403185373
53 -22.39148366 0.6325032226
54 -22.81475759 0.6244801718
55 -23.25067094 0.6162332812
56 -23.70035028 0.6077467749
57 -24.16494013 0.5990053638
58 -24.64559895 0.5899944485
59 -25.14349287 0.5807003709
60 -25.65978692 0.5711107162
61 -26.19563367 0.5612146641
62 -26.75215886 0.5510033891
63 -27.33044406 0.5404705025
64 -27.93150638 0.529612528
65 -28.55627518 0.5184293955
66 -29.20556642 0.5069249336
67 -29.88005504 0.4951073361
68 -30.58024627 0.4829895732
69 -31.3064471 0.4705897125
70 -32.05873922 0.4579311164
71 -32.83695511 0.4450424816
72 -33.64065894 0.4319576927
73 -34.46913411 0.4187154691
74 -35.32137882 0.4053587981
75 -36.19611106 0.3919341617
76 -37.09178359 0.3784905813
77 -38.00660896 0.3650785196
78 -38.93859408 0.351748695
79 -39.88558274 0.3385508708
80 -40.84530425 0.3255326852
81 -41.81542565 0.3127385875
82 -42.79360485 0.3002089334
83 -43.77754183 0.2879792806
84 -44.76502561 0.2760799093
85 -45.75397473 0.264535572
86 -46.74246983 0.2533654646
87 -47.72877744 0.2425833933
88 -48.71136456 0.2321981055
89 -49.68890438 0.2222137452
90 -50.66027383 0.2126303954
91 -51.62454366 0.2034446683
92 -52.58096256 0.1946503104
93 -53.52893624 0.1862387964
94 -54.46800283 0.1781998892
95 -55.39780587 0.1705221506
96 -56.31806584 0.1631933932
97 -57.22855145 0.1562010679
98 -58.1290516 0.149532583
99 -59.01934889 0.1431755585
100 -59.89919568 0.1371180158
101 -60.76829334 0.131348508
102 -61.62627537 0.1258561969
103 -62.47269517 0.1206308826
104 -63.30701864 0.1156629924
105 -64.12862203 0.1109435386
106 -64.93679494 0.1064640511
107 -65.73074839 0.102216495
108 -66.50962739 0.09819317915
109 -67.27252734 0.09438666446
110 -68.01851349 0.09078967733
111 -68.74664233 0.08739503347
112 -69.45598394 0.08419557592
113 -70.1456441 0.08118412908
114 -70.81478537 0.07835346992
115 -71.4626461 0.07569631546
116 -72.08855674 0.07320532516
117 -72.69195302 0.07087311596
118 -73.27238566 0.06869228705
119 -73.82952658 0.06665545175
120 -74.36317166 0.06475527339
121 -74.87324034 0.06298450301
122 -75.35977241 0.06133601637
123 -75.82292235 0.05980284886
124 -76.26295178 0.05837822686
125 -76.68022034 0.05705559484
126 -77.07517567 0.0558286376
127 -77.44834261 0.05469129778
128 -77.80031228 0.05363778846
129 -78.13173113 0.05266260133
130 -78.44329038 0.05176051081
131 -78.73571587 0.0509265745
132 -79.0097587 0.05015613064
133 -79.26618655 0.04944479296
134 -79.50577587 0.04878844346
135 -79.72930491 0.04818322354
136 -76.37136634 0.05657068965
137 -71.89160493 0.07149138662
138 -65.5726689 0.09777718139
139 -43.87717607 0.2201466779
140 39.59156425 0.9977755403
141 38.37449311 0.9999411823
142 36.4226993 0.9999171673
143 33.29345851 0.9998544748
144 29.19782769 0.9996935921
145 24.60543992 0.9992937405
146 19.95201677 0.9983668729
147 15.5182885 0.996422904
148 11.45061525 0.9927960482
149 7.81286795 0.9868153283
150 4.621461144 0.9780827881
151 1.862417918 0.9666885948
152 -0.4991072235 0.9531973335
153 -2.510434941 0.938423927
154 -4.223345495 0.9231696243
155 -5.687862166 0.908057814
156 -6.948617952 0.8934916297
157 -8.043469957 0.8796855455
158 -9.003549836 0.8667204195
159 -9.854016232 0.854594044
160 -10.61503384 0.8432582629
161 -11.30273159 0.8326430702
162 -11.93003729 0.8226709773
163 -12.50736319 0.8132649494
164 -13.0431513 0.8043523987
165 -13.54429972 0.7958668848
166 -14.0164935 0.7877485501
167 -14.46446053 0.779943896
168 -14.89216978 0.77240525
169 -15.30298555 0.7650901148
170 -15.69978797 0.7579605024
171 -16.08506791 0.7509823027
172 -16.46100218 0.7441247095
173 -16.82951368 0.7373597106
174 -17.19231984 0.7306616402
175 -17.55097199 0.7240067894
176 -17.90688769 0.7173730686
177 -18.26137739 0.7107397155
178 -18.61566682 0.7040870436
179 -18.97091569 0.6973962246
180 -19.32823366 0.6906491029
181 -19.68869399 0.6838280368
182 -20.0533452 0.6769157657
183 -20.42322115 0.6698953005
184 -20.79934976 0.6627498382
185 -21.18276036 0.6554626981
186 -21.57448993 0.6480172839
187 -21.97558815 0.6403970698
188 -22.38712129 0.6325856154
189 -22.81017478 0.6245666108
190 -23.24585443 0.6163239553
191 -23.69528616 0.6078418742
192 -24.1596139 0.5991050768
193 -24.63999557 0.5900989587
194 -25.13759689 0.5808098533
195 -25.65358261 0.5712253319
196 -26.1891052 0.5613345554
197 -26.74529051 0.5511286733
198 -27.3232205 0.540601265
199 -27.92391295 0.5297488153
200 -28.54829826 0.5185712074
201 -29.1971938 0.507072216
202 -29.87127635 0.4952599739
203 -30.57105337 0.4831473837
204 -31.29683456 0.4707524407
205 -32.04870468 0.4580984317
206 -32.82649966 0.4452139774
207 -33.62978741 0.4321328877
208 -34.45785523 0.4188938126
209 -35.30970534 0.4055396778
210 -36.18405967 0.3921169147
211 -37.07937468 0.3786745075
212 -37.99386633 0.3652628975
213 -38.92554443 0.3519327981
214 -39.87225504 0.3387339846
215 -40.83172912 0.3257141238
216 -41.80163459 0.3129177082
217 -42.77962951 0.3003851491
218 -43.76341331 0.2881520699
219 -44.75077381 0.2762488224
220 -45.7396278 0.264700235
221 -46.72805373 0.2535255791
222 -47.7143156 0.2427387346
223 -48.6968777 0.2323485176
224 -49.67441049 0.222359135
225 -50.64578816 0.2127707253
226 -51.61007892 0.2035799477
227 -52.56652916 0.1947805881
228 -53.51454259 0.1863641521
229 -54.45365573 0.1783204259
230 -55.38351093 0.1706379876
231 -56.30382789 0.1633046603
232 -57.21437502 0.1563078994
233 -58.1149413 0.1496351141
234 -59.00530988 0.1432739214
235 -59.885234 0.1372123374
236 -60.75441624 0.1314389081
237 -61.61249156 0.1259427875
238 -62.45901501 0.1207137675
239 -63.29345423 0.115742268
240 -64.11518719 0.1110192945
241 -64.92350517 0.1065363715
242 -65.7176207 0.1022854599
243 -66.49668 0.09825886633
244 -67.25977945 0.09444915064
245 -68.00598487 0.09084903977
246 -68.73435293 0.08745135115
247 -69.4439535 0.08424893043
248 -70.13389174 0.08123460536
249 -70.80332921 0.07840115656
250 -71.45150291 0.07574130477
251 -72.07774166 0.07324771302
252 -72.6814793 0.07091300139
253 -73.2622645 0.06872977169
254 -73.81976699 0.06669063911
255 -74.35378042 0.06478826816
256 -74.86422201 0.06301541027
257 -75.35112933 0.06136494084
258 -75.81465479 0.05982989417
259 -76.255058 0.05840349492
260 -76.6726968 0.05707918524
261 -77.06801716 0.05585064715
262 -77.44154246 0.05471182009
263 -77.79386252 0.05365691363
264 -78.12562271 0.05268041572
265 -78.43751331 0.05177709688
266 -78.73025945 0.0509420107
267 -79.00461163 0.05017049141
268 -79.26133711 0.04945814871
269 -79.50121207 0.04880086064
270 -79.72501461 0.04819476472
271 -76.36729015 0.05658328985
272 -71.88755087 0.07150673082
273 -65.56809945 0.09779938974
274 -43.86672013 0.2202291666
275 39.59135225 0.99777766
276 38.37390413 0.9999411766
277 36.42160926 0.9999171512
278 33.29187072 0.999854433
279 29.19591005 0.9996934852
280 24.60339972 0.9992934796
281 19.95000613 0.9983662869
282 15.51639169 0.9964217216
283 11.44887023 0.9927939274
284 7.811286402 0.9868119503
285 4.620039404 0.9780779751
286 1.861142257 0.9666823704
287 -0.5002569488 0.9531898829
288 -2.511481855 0.9384154975
289 -4.224312766 0.923160437
290 -5.688771046 0.9080480223
291 -6.949486851 0.8934813162
292 -8.044314268 0.8796747378
293 -9.004382179 0.8667091087
294 -9.854846864 0.8545822005
295 -10.61587111 0.8432458463
296 -11.3035823 0.832630036
297 -11.93090709 0.82265728
298 -12.50825685 0.8132505444
299 -13.04407287 0.8043372426
300 -13.54525277 0.7958509356
301 -14.01748124 0.7877317668
302 -14.4654859 0.779926238
303 -14.89323555 0.7723866769
304 -15.30409439 0.7650705859
305 -15.7009425 0.7579399758
306 -16.08627075 0.7509607353
307 -16.46225601 0.7441020564
308 -16.83082125 0.7373359249
309 -17.19368402 0.7306366724
310 -17.55239578 0.7239805872
311 -17.90837426 0.7173455765
312 -18.26293011 0.7107108746
313 -18.61728927 0.7040567913
314 -18.97261169 0.6973644944
315 -19.33000732 0.690615824
316 -19.69054968 0.683793134
317 -20.05528761 0.6768791593
318 -20.42525531 0.6698569064
319 -20.80148105 0.6627095673
320 -21.18499452 0.6554204572
321 -21.5768331 0.6479729752
322 -21.97804687 0.6403505916
323 -22.38970248 0.6325368626
324 -22.81288576 0.6245154753
325 -23.24870295 0.6162703275
326 -23.69828033 0.6077856439
327 -24.16276216 0.5990461346
328 -24.6433067 0.5900371985
329 -25.14107986 0.580745174
330 -25.65724659 0.5711576407
331 -26.19295939 0.5612637707
332 -26.74934406 0.551054728
333 -27.32748231 0.540524111
334 -27.92839152 0.5296684275
335 -28.55300148 0.5184875879
336 -29.20212874 0.5069853985
337 -29.87644898 0.4951700281
338 -30.57646836 0.4830544188
339 -31.30249498 0.4706566082
340 -32.05461182 0.4579999273
341 -32.83265277 0.4451130411
342 -33.63618357 0.4320298034
343 -34.46448923 0.4187889044
344 -35.31656961 0.4054333056
345 -36.19114435 0.3920094681
346 -37.08666776 0.3785663973
347 -38.0013538 0.3651545469
348 -38.93321059 0.3518246329
349 -39.88008288 0.3386264233
350 -40.83970067 0.3256075679
351 -41.80973138 0.3128125336
352 -42.787833 0.3002816989
353 -43.77170529 0.2880506486
354 -44.75913677 0.2761496924
355 -45.74804528 0.264603614
356 -46.73651056 0.2534316408
357 -47.72279809 0.2426476092
358 -48.70537375 0.2322602952
359 -49.68290962 0.2222738688
360 -50.65428147 0.2126884362
361 -51.61855903 0.2035006288
362 -52.57499003 0.1947042097
363 -53.52297933 0.1862906665
364 -54.46206442 0.1782497717
365 -55.39188833 0.1705700939
366 -56.31217123 0.1632394503
367 -57.2226817 0.1562452936
368 -58.12320866 0.1495750325
369 -59.01353494 0.143216286
370 -59.89341329 0.1371570732
371 -60.76254554 0.1313859443
372 -61.62056583 0.1258920581
373 -62.46702822 0.1206652112
374 -63.30139933 0.115695828
375 -64.12305614 0.1109749178
376 -64.93128893 0.1064940085
377 -65.72530935 0.1022450635
378 -66.50426291 0.09822039059
379 -67.26724541 0.09441255044
380 -68.01332233 0.09081426964
381 -68.74155026 0.08741836466
382 -69.45099915 0.08421767963
383 -70.14077456 0.08120504038
384 -70.81003861 0.07837322539
385 -71.4580291 0.07571495325
386 -72.08407578 0.07322288492
387 -72.68761362 0.07088963865
388 -73.26819248 0.06870781474
389 -73.82548336 0.06667002728
390 -74.35928123 0.06476894012
391 -74.86950459 0.06299730445
392 -75.35619232 0.0613479959
393 -75.81949804 0.05981404941
394 -76.25968253 0.05838869067
395 -76.67710469 0.05706536315
396 -77.07221145 0.05583775055
397 -77.44552705 0.05469979415
398 -77.79764209 0.05364570561
399 -78.12920255 0.05266997505
400 -78.44089926 0.05176737527
401 -78.73345777 0.05093296223
402 -79.00762894 0.0501620725
403 -79.26418027 0.04945031814
404 -79.50388808 0.0487935795
405 -79.72753059 0.04818799638
