0 -74.47365286 0.0643283812
1 -74.71724347 0.06340820104
2 -74.89744149 0.06276840421
3 -75.00707053 0.06236986351
4 -75.03674576 0.06223876443
5 -74.96682407 0.06243292364
6 -74.82537695 0.06283859995
7 -73.02835517 0.06791005726
8 -56.97141025 0.1314605753
9 24.79386615 0.9418609815
10 37.16657859 0.9999075177
11 36.51741123 0.9999172287
12 34.02985958 0.9998716685
13 30.53384991 0.9997579806
14 26.48192127 0.9994934708
15 22.24708562 0.9989086953
16 18.08589505 0.9977035263
17 14.15270923 0.9954272278
18 10.53358691 0.991529936
19 7.271475919 0.9855110996
20 4.379582542 0.9771155246
21 1.848633749 0.9664594244
22 -0.3470675307 0.9540000656
23 -2.24324675 0.9403778579
24 -3.879632797 0.9262363072
25 -5.295357975 0.9121026079
26 -6.526167231 0.8983459655
27 -7.603174221 0.8851889473
28 -8.552650858 0.8727410947
29 -9.396378984 0.8610347066
30 -10.15223826 0.8500541127
31 -10.83484201 0.8397566454
32 -11.45612855 0.8300864568
33 -12.02587199 0.8209830597
34 -12.55210604 0.8123862972
35 -13.04146758 0.8042390241
36 -13.49947161 0.7964883839
37 -13.93073003 0.7890862561
38 -14.33912519 0.7819892346
39 -14.72794772 0.7751583581
40 -15.10000619 0.7685587252
41 -15.45771479 0.7621590682
42 -15.8031636 0.7559313294
43 -16.13817536 0.7498502619
44 -16.46435149 0.7438930638
45 -16.78310964 0.7380390501
46 -17.09571447 0.7322693618
47 -17.40330323 0.7265667096
48 -17.70690682 0.7209151485
49 -18.00746762 0.7152998813
50 -18.30585435 0.7097070854
51 -18.60287481 0.7041237625
52 -18.89928667 0.6985376059
53 -19.19580677 0.6929368846
54 -19.49311923 0.687310342
55 -19.79188248 0.6816471064
56 -20.09273539 0.6759366137
57 -20.39630274 0.6701685394
58 -20.70320005 0.6643327411
59 -21.01403784 0.6584192083
60 -21.32942542 0.6524180229
61 -21.64997429 0.6463193259
62 -21.97630102 0.6401132951
63 -22.30902986 0.6337901304
64 -22.64879481 0.6273400495
65 -22.99624136 0.6207532942
66 -23.35202767 0.6140201485
67 -23.71682536 0.607130969
68 -24.09131958 0.6000762304
69 -24.47620855 0.5928465856
70 -24.87220228 0.5854329435
71 -25.28002055 0.5778265654
72 -25.70038984 0.5700191803
73 -26.13403936 0.5620031222
74 -26.58169581 0.5537714865
75 -27.04407706 0.5453183092
76 -27.5218844 0.5366387635
77 -28.01579359 0.5277293751
78 -28.5264445 0.51858825
79 -29.05442957 0.5092153097
80 -29.60028113 0.4996125282
81 -30.1644578 0.4897841592
82 -30.74733039 0.4797369459
83 -31.34916751 0.4694802988
84 -31.97012166 0.4590264311
85 -32.61021606 0.4483904362
86 -33.26933318 0.437590298
87 -33.94720533 0.426646822
88 -34.64340827 0.4155834801
89 -35.35735813 0.4044261661
90 -36.08831235 0.3932028638
91 -36.83537482 0.3819432334
92 -37.59750542 0.3706781291
93 -38.37353378 0.359439065
94 -39.16217698 0.348257649
95 -39.96206055 0.3371650094
96 -40.7717421 0.326191237
97 -41.58973659 0.315364867
98 -42.41454229 0.3047124196
99 -43.24466648 0.2942580175
100 -44.07864979 0.2840230899
101 -44.9150886 0.27402617
102 -45.75265449 0.2642827858
103 -46.59011051 0.2548054409
104 -47.42632384 0.2456036761
105 -48.26027458 0.2366842005
106 -49.09106098 0.2280510804
107 -49.91790094 0.2197059706
108 -50.74013031 0.211648377
109 -51.55719812 0.2038759348
110 -52.36865931 0.1963846948
111 -53.17416508 0.1891694059
112 -53.97345161 0.1822237868
113 -54.76632721 0.1755407818
114 -55.55265846 0.1691127959
115 -56.33235564 0.1629319053
116 -57.10535783 0.1569900435
117 -57.87161794 0.15127916
118 -58.63108815 0.1457913528
119 -59.38370595 0.1405189742
120 -60.12938126 0.1354547113
121 -60.86798485 0.1305916413
122 -61.5993385 0.1259232649
123 -62.3232071 0.1214435174
124 -63.03929305 0.1171467624
125 -63.74723305 0.1130277677
126 -64.44659755 0.1090816688
127 -65.13689272 0.1053039213
128 -65.81756512 0.101690247
129 -66.48800859 0.09823657495
130 -67.14757342 0.09493898241
131 -67.79557717 0.09179363802
132 -68.43131691 0.08879674917
133 -69.05408224 0.08594451636
134 -69.66316874 0.08323309554
135 -70.2578913 0.08065856965
136 -70.83759672 0.07821692944
137 -71.4016755 0.07590406348
138 -71.94957219 0.07371575672
139 -72.48079413 0.07164769653
140 -72.99491853 0.06969548505
141 -73.49159761 0.06785465647
142 -73.97056201 0.06612069781
143 -74.43162235 0.064489072
144 -74.87466915 0.0629552419
145 -75.29967132 0.06151469433
146 -75.70667327 0.06016296319
147 -76.09579105 0.05889565099
148 -76.46720754 0.05770844841
149 -76.82116698 0.05659715138
150 -77.15796918 0.05555767577
151 -77.47796324 0.05458606937
152 -77.7815414 0.05367852145
153 -78.06913273 0.05283136989
154 -78.34119711 0.05204110608
155 -78.59821936 0.05130437783
156 -78.84070374 0.05061799055
157 -79.06916881 0.04997890675
158 -79.28414268 0.04938424444
159 -79.48615875 0.04883127422
160 -79.67575178 0.04831741561
161 -79.8534545 0.04784023265
162 -80.01979462 0.04739742893
163 -80.17529216 0.04698684223
164 -80.32045731 0.04660643887
165 -80.45578851 0.04625430796
166 -80.58177098 0.04592865548
167 -80.69887545 0.04562779843
168 -80.80755722 0.04535015898
169 -80.90825548 0.04509425877
170 -81.00139276 0.04485871335
171 -81.08737471 0.04464222676
172 -81.16658988 0.04444358634
173 -81.2394098 0.04426165775
174 -81.30618906 0.04409538017
175 -81.36726558 0.04394376178
176 -81.42296088 0.04380587542
177 -81.47358053 0.04368085451
178 -81.51941452 0.04356788921
179 -81.5607378 0.0434662227
180 -81.59781076 0.04337514781
181 -81.63087981 0.04329400375
182 -81.6601779 0.04322217306
183 -81.68592509 0.04315907881
184 -81.70832914 0.04310418185
185 -81.72758604 0.04305697838
186 -81.7438806 0.04301699756
187 -81.75738698 0.04298379933
188 -81.76826921 0.04295697237
189 -81.77668177 0.04293613218
190 -81.78277002 0.04292091929
191 -81.6242256 0.04325723478
192 -81.4255082 0.04373032636
193 -81.18234695 0.04431682127
194 -80.88903487 0.04503449932
195 -80.53349883 0.0459166233
196 -80.17886763 0.04680512501
197 -78.40460648 0.05077318241
198 -62.05820189 0.1018756051
199 29.693888 0.9508898143
200 38.56622552 0.99993294
201 37.79087939 0.9999346282
202 35.76602501 0.9999063511
203 32.81473474 0.9998399508
204 29.23819172 0.9996920951
205 25.37281685 0.9993760153
206 21.47963384 0.9987364259
207 17.72425215 0.9975284654
208 14.20219937 0.9954202117
209 10.96603663 0.992040661
210 8.041743812 0.9870768333
211 5.436482306 0.9803858422
212 3.142539709 0.972061687
213 1.140687863 0.9624166491
214 -0.5960120421 0.9518915411
215 -2.098319892 0.9409469153
216 -3.397539869 0.929981537
217 -4.523254236 0.9192943068
218 -5.502066215 0.9090814594
219 -6.357120718 0.8994529069
220 -7.108123094 0.8904545052
221 -7.771625179 0.8820888244
222 -8.361422451 0.8743315836
223 -8.888970377 0.8671434551
224 -9.363772879 0.8604779872
225 -9.793723212 0.854286633
226 -10.18539263 0.8485217669
227 -10.54426975 0.8431383656
228 -10.87495647 0.8380948384
229 -11.18132736 0.8333533316
230 -11.46665873 0.8288797236
231 -11.73373321 0.8246434471
232 -11.98492452 0.8206172228
233 -12.2222663 0.8167767585
234 -12.44750825 0.8131004426
235 -12.66216195 0.8095690499
236 -12.86753856 0.8061654685
237 -13.06477987 0.8028744511
238 -13.25488395 0.7996823922
239 -13.43872654 0.7965771296
240 -13.61707888 0.79354777
241 -13.79062266 0.790584534
242 -13.95996259 0.7876786212
243 -14.12563707 0.7848220912
244 -14.28812718 0.7820077596
245 -14.44786441 0.7792291064
246 -14.6052372 0.7764801959
247 -14.76059661 0.7737556058
248 -14.9142612 0.7710503656
249 -15.06652119 0.7683599014
250 -15.21764216 0.7656799876
251 -15.3678682 0.763006704
252 -15.51742472 0.7603363976
253 -15.66652088 0.7576656487
254 -15.81535171 0.7549912404
255 -15.96410009 0.7523101317
256 -16.11293838 0.7496194327
257 -16.26202996 0.7469163824
258 -16.41153057 0.7441983291
259 -16.56158957 0.7414627117
260 -16.71235101 0.738707043
261 -16.86395468 0.7359288943
262 -17.016537 0.7331258812
263 -17.17023193 0.7302956499
264 -17.32517173 0.7274358654
265 -17.48148776 0.7245441988
266 -17.63931113 0.7216183169
267 -17.79877345 0.7186558711
268 -17.96000742 0.715654487
269 -18.12314751 0.7126117548
270 -18.28833055 0.7095252191
271 -18.45569635 0.7063923696
272 -18.62538832 0.7032106317
273 -18.79755405 0.6999773572
274 -18.97234592 0.696689815
275 -19.14992171 0.6933451817
276 -19.33044526 0.6899405329
277 -19.51408703 0.6864728335
278 -19.70102482 0.6829389289
279 -19.89144439 0.6793355356
280 -20.08554015 0.6756592324
281 -20.28351588 0.6719064512
282 -20.48558539 0.6680734684
283 -20.69197334 0.6641563961
284 -20.90291589 0.6601511745
285 -21.11866154 0.6560535638
286 -21.33947186 0.6518591376
287 -21.56562229 0.6475632767
288 -21.79740286 0.6431611647
289 -22.03511903 0.6386477842
290 -22.27909233 0.6340179163
291 -22.5296611 0.6292661406
292 -22.78718111 0.6243868396
293 -23.05202611 0.6193742061
294 -23.32458826 0.6142222539
295 -23.60527844 0.6089248346
296 -23.89452637 0.6034756595
297 -24.19278048 0.5978683279
298 -24.50050763 0.5920963634
299 -24.81819233 0.5861532589
300 -25.14633573 0.5800325311
301 -25.48545412 0.5737277865
302 -25.83607682 0.5672327981
303 -26.19874365 0.5605415963
304 -26.57400161 0.5536485725
305 -26.96240086 0.5465485967
306 -27.3644899 0.5392371495
307 -27.78080995 0.5317104669
308 -28.21188838 0.5239656984
309 -28.65823128 0.5160010741
310 -29.12031516 0.5078160799
311 -29.59857784 0.4994116363
312 -30.09340862 0.490790275
313 -30.60513797 0.4819563079
314 -31.13402679 0.4729159815
315 -31.68025574 0.4636776084
316 -32.24391476 0.454251668
317 -32.82499332 0.4446508676
318 -33.4233717 0.4348901567
319 -34.03881382 0.4249866875
320 -34.67096195 0.4149597157
321 -35.31933379 0.4048304408
322 -35.9833222 0.3946217842
323 -36.66219778 0.3843581091
324 -37.35511454 0.3740648894
325 -38.06111853 0.3637683353
326 -38.77915938 0.353494991
327 -39.50810435 0.3432713149
328 -40.24675464 0.3331232614
329 -40.99386326 0.3230758772
330 -41.74815392 0.3131529277
331 -42.50834038 0.3033765663
332 -43.27314548 0.2937670567
333 -44.04131936 0.2843425546
334 -44.81165622 0.275118954
335 -45.58300929 0.2661097972
336 -46.35430354 0.2573262469
337 -47.12454607 0.2487771154
338 -47.89283386 0.2404689437
339 -48.65835904 0.2324061234
340 -49.42041169 0.224591051
341 -50.17838024 0.2170243087
342 -50.9317498 0.2097048598
343 -51.68009855 0.2026302548
344 -52.42309244 0.1957968389
345 -53.16047841 0.1891999563
346 -53.89207651 0.1828341482
347 -54.6177709 0.1766933379
348 -55.33750016 0.1707710044
349 -56.05124699 0.1650603392
350 -56.75902746 0.1595543883
351 -57.46088015 0.1542461767
352 -58.15685507 0.1491288157
353 -58.84700286 0.1441955945
354 -59.53136421 0.1394400539
355 -60.20995978 0.1348560449
356 -60.88278091 0.1304377714
357 -61.54978113 0.1261798179
358 -62.21086891 0.1220771638
359 -62.86590164 0.1181251835
360 -63.5146812 0.1143196355
361 -64.1569512 0.1106566407
362 -64.79239596 0.1071326512
363 -65.42064139 0.1037444123
364 -66.0412578 0.1004889181
365 -66.65376438 0.09736336481
366 -67.25763547 0.09436510125
367 -67.85230833 0.09149158054
368 -68.43719201 0.08874031371
369 -69.01167732 0.08610882714
370 -69.57514728 0.08359462517
371 -70.12698785 0.08119515882
372 -70.66659863 0.07890780122
373 -71.19340304 0.07672983009
374 -71.70685785 0.07465841712
375 -72.20646171 0.072690624
376 -72.69176257 0.07082340425
377 -73.16236372 0.06905361032
378 -73.61792859 0.06737800493
379 -74.05818396 0.06579327566
380 -74.48292202 0.06429605185
381 -74.72621023 0.06337733666
382 -74.9061171 0.06273881818
383 -75.01547289 0.06234138077
384 -75.04490105 0.06221118305
385 -74.97477323 0.06240598408
386 -74.83321059 0.06281194894
387 -73.03628589 0.06788130867
388 -56.977516 0.1314186404
389 24.80466171 0.9418981628
390 37.16957854 0.9999075856
391 36.51962845 0.9999172635
392 34.03239804 0.9998717284
393 30.53680144 0.9997581113
394 26.48515337 0.9994937681
395 22.25044804 0.9989093534
396 18.08927156 0.9977048906
397 14.15601698 0.9954298217
398 10.53676716 0.9915344086
399 7.274489031 0.9855180729
400 4.382406737 0.9771253995
401 1.851264165 0.9664722634
402 -0.344621564 0.9540156206
403 -2.240966051 0.9403957035
404 -3.877492938 0.926255987
405 -5.293333029 0.9121237312
406 -6.524232222 0.8983682459
407 -7.601306433 0.8852122011
408 -8.550830327 0.872765221
409 -9.394588505 0.8610596651
410 -10.15046316 0.8500799038
411 -10.83306981 0.8397832951
412 -11.45434862 0.8301140066
413 -12.02407524 0.8210115599
414 -12.55028462 0.8124158022
415 -13.03961465 0.8042695903
416 -13.49758112 0.7965200682
417 -13.9287966 0.7891191152
418 -14.33714392 0.7820233245
419 -14.72591409 0.7751937348
420 -15.09791599 0.7685954444
421 -15.45556401 0.7621971855
422 -15.80094839 0.7559709011
423 -16.13589196 0.749891345
424 -16.46199617 0.7439357164
425 -16.78067866 0.738083332
426 -17.09320407 0.7323153345
427 -17.40070956 0.7266144369
428 -17.70422594 0.7209646968
429 -18.00469543 0.7153513197
430 -18.30298661 0.7097604862
431 -18.59990707 0.7041792015
432 -18.89621427 0.6985951626
433 -19.19262481 0.6929966425
434 -19.48982254 0.6873723888
435 -19.7884656 0.6817115344
436 -20.08919254 0.6760035197
437 -20.39262781 0.6702380253
438 -20.69938656 0.6644049135
439 -21.01007892 0.6584941793
440 -21.32531382 0.6524959093
441 -21.6457023 0.64640025
442 -21.9718605 0.6401973839
443 -22.30441221 0.6338775158
444 -22.64399095 0.6274308678
445 -22.99124172 0.6208476856
446 -23.34682222 0.6141182564
447 -23.71140355 0.6072329395
448 -24.08567041 0.6001822106
449 -24.47032056 0.5929567225
450 -24.86606361 0.5855473826
451 -25.27361894 0.5779454484
452 -25.69371274 0.5701426431
453 -26.12707398 0.5621312916
454 -26.57442924 0.5539044778
455 -27.03649637 0.5454562224
456 -27.5139768 0.5367816795
457 -28.0075466 0.5278773519
458 -28.51784613 0.5187413179
459 -29.04546854 0.5093734671
460 -29.59094711 0.499775737
461 -30.15474166 0.4899523406
462 -30.73722445 0.4799099764
463 -31.33866583 0.4696580067
464 -31.95922027 0.4592085939
465 -32.59891325 0.4485767791
466 -33.25762965 0.4377804938
467 -33.93510444 0.426840492
468 -34.63091611 0.4157801967
469 -35.3444836 0.4046254575
470 -36.07506717 0.3934042197
471 -36.82177343 0.3821461122
472 -37.58356483 0.3708819668
473 -38.35927333 0.3596432846
474 -39.14761803 0.3484616705
475 -39.94722612 0.3373682599
476 -40.75665646 0.3263931608
477 -41.57442482 0.3155649345
478 -42.39902982 0.304910136
479 -43.22897863 0.2944529291
480 -44.06281139 0.2842147894
481 -44.89912352 0.2742143003
482 -45.73658536 0.2644670422
483 -46.57395842 0.2549855714
484 -47.41010807 0.2457794802
485 -48.24401251 0.2368555275
486 -49.07476796 0.2282178258
487 -49.90159026 0.2198680725
488 -50.72381324 0.2118058114
489 -51.54088402 0.2040287108
490 -52.35235572 0.1965328499
491 -53.15787794 0.1893130005
492 -53.95718548 0.1823628998
493 -54.75008549 0.1756755062
494 -55.53644368 0.1692432341
495 -56.31616977 0.1630581658
496 -57.08920253 0.1571122371
497 -57.85549493 0.1513973974
498 -58.61499945 0.1459057419
499 -59.36765422 0.1406296182
500 -60.11337003 0.1355617072
501 -60.85201879 0.1306950791
502 -61.58342362 0.1260232268
503 -62.30735093 0.1215400783
504 -63.02350474 0.1172399894
505 -63.73152344 0.1131177212
506 -64.43097917 0.1091684032
507 -65.12137976 0.1053874864
508 -65.80217329 0.1017706888
509 -66.47275498 0.09831393706
510 -67.13247626 0.0950133076
511 -67.78065561 0.09186496929
512 -68.41659067 0.08886513094
513 -69.03957138 0.08600999542
514 -69.64889329 0.08329572193
515 -70.24387094 0.08071839717
516 -70.82385052 0.07827401609
517 -71.38822159 0.0759584716
518 -71.93642751 0.07376755297
519 -72.46797424 0.07169695173
520 -72.98243739 0.0697422738
521 -73.47946748 0.0678990567
522 -73.95879333 0.06616279028
523 -74.42022366 0.0645289397
524 -74.86364712 0.06299296943
525 -75.28903071 0.0615503673
526 -75.69641703 0.06019666762
527 -76.08592035 0.05892747276
528 -76.45772188 0.05773847272
529 -76.81206432 0.05662546232
530 -77.149246 0.05558435588
531 -77.46961476 0.05461119931
532 -77.77356163 0.05370217972
533 -78.06151468 0.05285363256
534 -78.33393287 0.05206204664
535 -78.59130026 0.05132406705
536 -78.83412048 0.05063649634
537 -79.06291157 0.04999629418
538 -79.27820124 0.04940057566
539 -79.48052257 0.04884660848
540 -79.67041014 0.04833180932
541 -79.84839655 0.04785373938
542 -80.01500945 0.04741009951
543 -80.17076891 0.0469987248
544 -80.31618518 0.04661757899
545 -80.45175685 0.04626474871
546 -80.57796932 0.04593843752
547 -80.69529353 0.04563696015
548 -80.80418503 0.04535873655
549 -80.90508327 0.04510228631
550 -80.99841109 0.04486622298
551 -81.08457443 0.04464924871
552 -81.16396217 0.04445014907
553 -81.23694616 0.04426778802
554 -81.30388132 0.04410110315
555 -81.36510588 0.04394910113
556 -81.42094172 0.04381085339
557 -81.4716947 0.04368549202
558 -81.51765515 0.04357220589
559 -81.55909834 0.04347023702
560 -81.59628496 0.04337887711
561 -81.62946171 0.04329746433
562 -81.65886183 0.04322538024
563 -81.68470568 0.04316204697
564 -81.70720126 0.04310692452
565 -81.72654484 0.04305950825
566 -81.74292147 0.04301932657
567 -81.75650555 0.0429859387
568 -81.76746135 0.04295893265
569 -81.77594355 0.04293792328
570 -81.78209773 0.04292255052
