0 -21.30069898 0.6525552811
1 -21.51490358 0.6484861298
2 -21.73432791 0.6443182487
3 -21.95923119 0.640047376
4 -22.18988714 0.6356690602
5 -22.42658466 0.631178658
6 -22.66962855 0.6265713344
7 -22.91934006 0.6218420642
8 -23.17605759 0.6169856364
9 -23.44013711 0.6119966614
10 -23.71195271 0.606869582
11 -23.99189683 0.6015986883
12 -24.28038052 0.596178138
13 -24.57783339 0.5906019824
14 -24.88470338 0.5848641988
15 -25.20145628 0.5789587315
16 -25.52857484 0.5728795408
17 -25.86655752 0.5666206618
18 -26.21591684 0.5601762744
19 -26.57717703 0.5535407852
20 -26.95087124 0.5467089209
21 -27.33753794 0.5396758363
22 -27.73771661 0.5324372348
23 -28.15194261 0.5249895025
24 -28.58074114 0.5173298546
25 -29.0246203 0.5094564935
26 -29.48406326 0.5013687749
27 -29.95951951 0.4930673797
28 -30.45139534 0.4845544875
29 -30.96004363 0.4758339455
30 -31.48575308 0.4669114266
31 -32.02873733 0.4577945694
32 -32.58912398 0.4484930925
33 -33.16694422 0.439018873
34 -33.76212315 0.4293859826
35 -34.37447154 0.4196106732
36 -35.0036793 0.4097113047
37 -35.64931122 0.3997082126
38 -36.31080531 0.3896235127
39 -36.98747407 0.3794808445
40 -37.67850895 0.3693050595
41 -38.382988 0.3591218616
42 -39.09988661 0.3489574117
43 -39.8280912 0.3388379105
44 -40.56641528 0.3287891761
45 -41.3136175 0.3188362303
46 -42.06842103 0.3090029117
47 -42.82953343 0.2993115287
48 -43.59566658 0.2897825639
49 -44.36555571 0.2804344385
50 -45.13797711 0.2712833414
51 -45.9117639 0.2623431254
52 -46.68581957 0.2536252675
53 -47.45912889 0.2451388889
54 -48.23076615 0.236890829
55 -48.99990069 0.2288857638
56 -49.7657997 0.2211263599
57 -50.52782857 0.2136134558
58 -51.28544894 0.2063462609
59 -52.03821468 0.1993225642
60 -52.78576606 0.1925389459
61 -53.52782244 0.1859909855
62 -54.26417374 0.1796734623
63 -54.99467086 0.1735805441
64 -55.71921543 0.167705961
65 -56.43774897 0.1620431636
66 -57.15024184 0.1565854636
67 -57.85668207 0.1513261558
68 -58.5570643 0.1462586228
69 -59.25137914 0.1413764211
70 -59.93960298 0.1366733498
71 -60.6216886 0.1321435028
72 -61.29755675 0.127781304
73 -61.9670889 0.1235815284
74 -62.6301213 0.1195393089
75 -63.2864406 0.1156501303
76 -63.93578113 0.111909813
77 -64.57782386 0.1083144865
78 -65.21219728 0.1048605557
79 -65.83847995 0.1015446622
80 -66.45620478 0.09836364121
81 -67.06486496 0.09531447727
82 -67.66392113 0.09239426014
83 -68.25280981 0.08960014281
84 -68.83095261 0.08692930297
85 -69.39776596 0.08437890919
86 -69.95267113 0.08194609283
87 -70.49510401 0.07962792608
88 -71.02452462 0.07742140637
89 -71.54042585 0.07532344718
90 -72.04234132 0.07333087478
91 -72.52985221 0.07144043032
92 -73.0025928 0.06964877658
93 -73.46025483 0.06795250856
94 -73.9025905 0.06634816697
95 -74.32941422 0.06483225376
96 -74.7406032 0.06340124904
97 -75.13609683 0.06205162834
98 -75.51589522 0.0607798799
99 -75.88005672 0.0595825213
100 -76.22869482 0.05845611496
101 -76.56197447 0.05739728239
102 -76.88010797 0.05640271686
103 -77.18335046 0.05546919436
104 -77.47199544 0.05459358289
105 -77.74636995 0.05377285006
106 -78.00683005 0.05300406902
107 -78.25375617 0.05228442292
108 -78.48754875 0.0516112079
109 -78.70862412 0.05098183486
110 -78.91741053 0.05039383008
111 -79.11434456 0.04984483488
112 -79.2998678 0.04933260438
113 -79.47442385 0.04885500562
114 -79.6384556 0.04841001508
115 -79.79240285 0.04799571568
116 -79.93670022 0.04761029349
117 -80.07177536 0.04725203406
118 -80.19804737 0.04691931866
119 -80.31592554 0.04661062029
120 -80.42580826 0.04632449967
121 -80.52808218 0.0460596012
122 -80.62312156 0.04581464891
123 -80.71128776 0.04558844249
124 -80.7929289 0.04537985338
125 -80.86837966 0.04518782095
126 -80.93796119 0.04501134883
127 -81.00198113 0.04484950131
128 -81.06073371 0.04470139993
129 -81.11449989 0.04456622018
130 -81.16354765 0.04444318836
131 -81.20813226 0.0443315786
132 -81.24849658 0.04423070996
133 -81.28487145 0.0441399438
134 -81.31747607 0.04405868113
135 -81.34651842 0.04398636025
136 -81.37219564 0.04392245441
137 -81.39469449 0.04386646971
138 -81.41419178 0.04381794298
139 -81.43085477 0.04377643994
140 -81.44484162 0.04374155334
141 -81.4563018 0.04371290129
142 -81.46537651 0.04369012566
143 -81.47219909 0.04367289057
144 -81.47689536 0.04366088103
145 -81.47958408 0.04365380155
146 -81.48037724 0.04365137499
147 -81.47938046 0.04365334134
148 -81.47669332 0.04365945667
149 -81.47240966 0.04366949209
150 -81.46661793 0.04368323283
151 -81.45940146 0.04370047734
152 -81.45083874 0.04372103643
153 -81.4410037 0.04374473254
154 -81.42996599 0.04377139898
155 -81.41779116 0.04380087926
156 -81.40454097 0.04383302644
157 -81.39027353 0.04386770254
158 -81.37504358 0.043904778
159 -81.35890261 0.04394413113
160 -81.34189912 0.04398564763
161 -81.32407876 0.04402922015
162 -81.30548447 0.04407474785
163 -81.28615668 0.044122136
164 -81.26613344 0.04417129559
165 -81.24545055 0.04422214302
166 -81.2241417 0.04427459975
167 -81.2022386 0.04432859198
168 -81.17977105 0.04438405039
169 -81.15676714 0.04444090985
170 -81.13325324 0.04449910919
171 -81.1092542 0.04455859096
172 -81.08479337 0.04461930118
173 -81.05989272 0.04468118919
174 -81.03457289 0.04474420741
175 -81.0088533 0.04480831118
176 -80.98275222 0.04487345858
177 -80.95628679 0.04493961029
178 -80.92947314 0.04500672944
179 -80.90232641 0.04507478143
180 -80.87486082 0.04514373387
181 -80.84708972 0.04521355641
182 -80.81902565 0.04528422062
183 -80.79068037 0.04535569993
184 -80.76206488 0.04542796948
185 -80.73318953 0.04550100605
186 -80.70406399 0.04557478799
187 -80.67469731 0.04564929508
188 -80.64509797 0.04572450855
189 -80.61527384 0.04580041098
190 -80.58523196 0.04587698688
191 -80.55497588 0.04595422821
192 -80.52448089 0.04603218647
193 -80.49346193 0.04611146115
194 -80.45920559 0.04619777049
195 -80.39632214 0.04634475036
196 -80.06776698 0.04705797118
197 -77.26627386 0.05341474627
198 -51.93548642 0.1509143995
199 34.21122268 0.9904434451
200 38.66599661 0.9999414477
201 37.73209819 0.9999339763
202 35.74840938 0.9999058642
203 32.97081852 0.9998438175
204 29.6807881 0.999714328
205 26.16659867 0.9994558249
206 22.64095457 0.9989658474
207 19.23506938 0.9980911479
208 16.02374521 0.9966292321
209 13.04867254 0.9943508571
210 10.33207939 0.9910466724
211 7.883014859 0.9865867233
212 5.700045243 0.9809679759
213 3.772986846 0.9743259822
214 2.084852912 0.9669050746
215 0.6141521657 0.9590030301
216 -0.6628027778 0.9509146719
217 -1.769950378 0.9428919736
218 -2.730092003 0.9351255598
219 -3.564063974 0.9277433658
220 -4.290361693 0.9208192068
221 -4.92507597 0.9143850537
222 -5.482016957 0.9084431643
223 -5.97293348 0.9029762811
224 -6.407767424 0.8979554238
225 -6.79490769 0.8933454596
226 -7.141425214 0.8891088782
227 -7.453281122 0.8852082248
228 -7.735506184 0.8816075777
229 -7.992352922 0.8782733757
230 -8.227423185 0.8751748134
231 -8.44377448 0.8722839619
232 -8.644008295 0.8695757211
233 -8.830343369 0.8670276733
234 -9.004676471 0.8646198855
235 -9.168632886 0.8623346905
236 -9.32360841 0.8601564632
237 -9.470804362 0.858071405
238 -9.611256855 0.8560673418
239 -9.745861317 0.8541335377
240 -9.875393107 0.8522605267
241 -10.00052488 0.8504399613
242 -10.12184125 0.8486644778
243 -10.23985123 0.846927577
244 -10.35499878 0.8452235184
245 -10.46767181 0.8435472274
246 -10.5782098 0.8418942136
247 -10.68691042 0.8402604988
248 -10.7940351 0.8386425545
249 -10.89981386 0.837037246
250 -11.0044495 0.8354417848
251 -11.10812112 0.8338536854
252 -11.21098724 0.8322707285
253 -11.31318849 0.8306909285
254 -11.41484986 0.8291125042
255 -11.51608279 0.8275338545
256 -11.61698682 0.8259535359
257 -11.71765119 0.8243702427
258 -11.81815612 0.8227827908
259 -11.91857395 0.8211901019
260 -12.01897018 0.8195911905
261 -12.11940432 0.8179851522
262 -12.21993069 0.8163711536
263 -12.32059909 0.8147484225
264 -12.42145536 0.8131162405
265 -12.52254197 0.8114739354
266 -12.62389841 0.8098208749
267 -12.72556167 0.8081564611
268 -12.82756654 0.8064801249
269 -12.92994596 0.804791322
270 -13.03273131 0.8030895286
271 -13.13595266 0.8013742376
272 -13.23963899 0.7996449556
273 -13.34381841 0.7979011993
274 -13.44851831 0.7961424936
275 -13.55376559 0.7943683682
276 -13.65958676 0.792578356
277 -13.76600808 0.7907719906
278 -13.87305574 0.7889488043
279 -13.98075592 0.7871083264
280 -14.08913491 0.7852500814
281 -14.19821927 0.7833735871
282 -14.30803584 0.7814783535
283 -14.41861191 0.7795638808
284 -14.52997528 0.7776296581
285 -14.64215432 0.7756751619
286 -14.75517813 0.7736998547
287 -14.86907652 0.7717031836
288 -14.9838802 0.7696845787
289 -15.09962078 0.7676434518
290 -15.21633091 0.765579195
291 -15.33404431 0.7634911792
292 -15.45279593 0.7613787523
293 -15.57262196 0.7592412382
294 -15.69355999 0.7570779346
295 -15.81564903 0.7548881118
296 -15.93892969 0.7526710108
297 -16.06344422 0.7504258414
298 -16.18923665 0.7481517806
299 -16.31635289 0.7458479703
300 -16.44484083 0.7435135157
301 -16.57475051 0.7411474827
302 -16.70613421 0.7387488958
303 -16.83904659 0.736316736
304 -16.97354486 0.7338499378
305 -17.10968893 0.731347387
306 -17.24754154 0.7288079176
307 -17.3871685 0.7262303091
308 -17.52863879 0.7236132833
309 -17.67202484 0.7209555012
310 -17.81740269 0.7182555592
311 -17.96485221 0.7155119859
312 -18.11445737 0.712723238
313 -18.26630647 0.7098876965
314 -18.42049241 0.7070036622
315 -18.57711297 0.7040693516
316 -18.73627113 0.701082892
317 -18.89807538 0.6980423165
318 -19.06264006 0.6949455595
319 -19.23008574 0.6917904507
320 -19.40053959 0.6885747097
321 -19.57413579 0.6852959406
322 -19.75101599 0.6819516258
323 -19.93132972 0.6785391196
324 -20.11523493 0.6750556426
325 -20.30289845 0.6714982746
326 -20.49449659 0.6678639488
327 -20.69021561 0.6641494447
328 -20.89025241 0.6603513822
329 -21.09481507 0.6564662151
330 -21.30412351 0.6524902253
331 -21.51841015 0.6484195173
332 -21.73792058 0.6442500129
333 -21.9629142 0.6399774473
334 -22.19366499 0.6355973661
335 -22.43046208 0.6311051231
336 -22.67361053 0.6264958802
337 -22.92343186 0.6217646094
338 -23.18026472 0.6169060969
339 -23.44446539 0.6119149505
340 -23.71640822 0.6067856106
341 -23.99648595 0.601512365
342 -24.2851099 0.5960893699
343 -24.58270998 0.5905106752
344 -24.88973441 0.5847702577
345 -25.20664923 0.5788620619
346 -25.53393744 0.5727800488
347 -25.87209773 0.5665182558
348 -26.2216428 0.5600708662
349 -26.58309703 0.5534322909
350 -26.95699365 0.5465972632
351 -27.34387118 0.539560946
352 -27.74426904 0.5323190529
353 -28.15872246 0.5248679825
354 -28.58775638 0.5172049649
355 -29.03187856 0.5093282197
356 -29.49157166 0.5012371228
357 -29.96728454 0.492932378
358 -30.45942272 0.4844161903
359 -30.96833809 0.4756924349
360 -31.49431824 0.466766815
361 -32.03757551 0.4576470015
362 -32.59823605 0.4483427465
363 -33.17632942 0.4388659615
364 -33.77177897 0.4292307528
365 -34.38439362 0.4194534057
366 -35.01386134 0.4095523121
367 -35.65974494 0.3995478367
368 -36.32148045 0.3894621203
369 -36.99837846 0.3793188235
370 -37.6896286 0.369142813
371 -38.39430725 0.3589598019
372 -39.11138835 0.3487959539
373 -39.83975709 0.3386774661
374 -40.57822601 0.3286301459
375 -41.32555312 0.3186789984
376 -42.08046123 0.3088478398
377 -42.84165789 0.2991589512
378 -43.60785523 0.2896327837
379 -44.37778904 0.2802877237
380 -45.15023643 0.2711399239
381 -45.92403156 0.2622031993
382 -46.69807915 0.2534889894
383 -47.47136534 0.2450063787
384 -48.24296591 0.2367621718
385 -49.01205172 0.2287610115
386 -49.77789151 0.2210055346
387 -50.53985223 0.2134965525
388 -51.29739699 0.206233251
389 -52.05008106 0.1992133986
390 -52.797546 0.1924335586
391 -53.53951236 0.1858892966
392 -54.27577106 0.1795753813
393 -55.00617387 0.1734859725
394 -55.7306231 0.167614795
395 -56.44906081 0.1619552968
396 -57.1614577 0.1565007883
397 -57.86780195 0.1512445654
398 -58.56808821 0.1461800131
399 -59.26230692 0.1413006914
400 -59.95043414 0.1366004039
401 -60.63242219 0.1320732497
402 -61.30819124 0.1277136582
403 -61.97762206 0.1235164102
404 -62.64055013 0.1194766443
405 -63.29676128 0.115589851
406 -63.94598898 0.1118518557
407 -64.58791335 0.1082587924
408 -65.22216207 0.1048070705
409 -65.84831291 0.1014933348
410 -66.46589812 0.09831442317
411 -67.07441029 0.09526732219
412 -67.67330964 0.09234912289
413 -68.26203236 0.08955697892
414 -68.83999992 0.08688806803
415 -69.40662876 0.08433955838
416 -69.96134028 0.0819085805
417 -70.50357072 0.07959220544
418 -71.03278054 0.07738742933
419 -71.54846324 0.07529116426
420 -72.05015314 0.07330023506
421 -72.53743224 0.07141138156
422 -73.0099357 0.06962126536
423 -73.46735621 0.06792648044
424 -73.90944694 0.06632356677
425 -74.33602331 0.0648090258
426 -74.74696352 0.06337933742
427 -75.14220796 0.06203097723
428 -75.52175767 0.0607604338
429 -75.88567189 0.05956422527
430 -76.23406498 0.05843891492
431 -76.56710268 0.0573811253
432 -76.88499798 0.0563875509
433 -77.18800669 0.0554549691
434 -77.47642285 0.05458024944
435 -77.75057402 0.05376036115
436 -78.01081667 0.0529923791
437 -78.25753157 0.05227348822
438 -78.49111947 0.05160098647
439 -78.71199689 0.05097228656
440 -78.92059224 0.05038491662
441 -79.11734222 0.04983651978
442 -79.30268847 0.04932485295
443 -79.47707457 0.04884778494
444 -79.6409434 0.04840329393
445 -79.79473469 0.04798946453
446 -79.93888296 0.04760448439
447 -80.07381574 0.04724664063
448 -80.19995196 0.04691431599
449 -80.31770076 0.0466059849
450 -80.42746034 0.04632020945
451 -80.52961717 0.04605563532
452 -80.6245453 0.04581098778
453 -80.71260588 0.04558506769
454 -80.79414682 0.04537674759
455 -80.86950257 0.04518496791
456 -80.93899409 0.04500873326
457 -81.00292878 0.04484710886
458 -81.06160067 0.04469921714
459 -81.11529052 0.04456423441
460 -81.16426609 0.04444138777
461 -81.20878245 0.04432995206
462 -81.24908228 0.04422924706
463 -81.28539621 0.04413863475
464 -81.31794329 0.04405751677
465 -81.34693129 0.04398533197
466 -81.3725572 0.04392155416
467 -81.39500762 0.04386568993
468 -81.41445919 0.04381727659
469 -81.43107904 0.0437758803
470 -81.44502518 0.04374109422
471 -81.45644695 0.04371253685
472 -81.46548542 0.04368985042
473 -81.4722738 0.0436726994
474 -81.47693781 0.04366076911
475 -81.47959608 0.04365376438
476 -81.48036052 0.04365140833
477 -81.47933663 0.04365344122
478 -81.4766239 0.04365961936
479 -81.4723161 0.0436697141
480 -81.46650158 0.04368351088
481 -81.45926359 0.04370080835
482 -81.45068055 0.04372141752
483 -81.44082632 0.043745161
484 -81.42977049 0.04377187227
485 -81.41757854 0.04380139499
486 -81.40431217 0.04383358237
487 -81.39002944 0.04386829657
488 -81.37478502 0.04390540816
489 -81.35863038 0.04394479556
490 -81.34161396 0.0439863446
491 -81.32378136 0.04402994803
492 -81.30517549 0.0440755051
493 -81.28583673 0.04412292117
494 -81.2658031 0.04417210734
495 -81.24511036 0.04422298008
