0 -81.47643349 0.0436581241
1 -77.90457649 0.05196395945
2 -73.24212008 0.06645960243
3 -66.77832399 0.09184533008
4 -43.4566726 0.2183876889
5 39.77578857 0.9984102179
6 38.71797218 0.9999446487
7 37.13070731 0.9999268863
8 34.51126239 0.9998828363
9 30.99361608 0.9997776169
10 26.96848657 0.9995357617
11 22.82321877 0.9990128755
12 18.81435623 0.9979705719
13 15.07642801 0.9960753853
14 11.66948289 0.9929445098
15 8.614847714 0.98824471
16 5.912839861 0.981812633
17 3.549902216 0.9737328537
18 1.502121359 0.9643249265
19 -0.2615062606 0.9540490208
20 -1.775499121 0.9433866528
21 -3.074618435 0.9327505751
22 -4.191484113 0.922443771
23 -5.155227552 0.9126582747
24 -5.990997534 0.9034949057
25 -6.720025292 0.8949886702
26 -7.359987693 0.8871316375
27 -7.92548791 0.8798904634
28 -8.428547822 0.8732185647
29 -8.879059483 0.8670639999
30 -9.285175214 0.8613742667
31 -9.653633297 0.8560990296
32 -9.990024434 0.8511915231
33 -10.29900723 0.8466091432
34 -10.58448138 0.8423135606
35 -10.8497266 0.8382705662
36 -11.09751408 0.8344497812
37 -11.330196 0.8308243076
38 -11.54977782 0.8273703657
39 -11.75797676 0.824066943
40 -11.95626931 0.8208954673
41 -12.1459301 0.8178395102
42 -12.32806377 0.8148845214
43 -12.50363129 0.8120175938
44 -12.67347167 0.8092272564
45 -12.83832014 0.8065032936
46 -12.9988233 0.8038365862
47 -13.15555182 0.8012189737
48 -13.30901114 0.7986431336
49 -13.45965061 0.7961024762
50 -13.60787113 0.793591053
51 -13.75403178 0.7911034764
52 -13.89845539 0.7886348495
53 -14.04143342 0.7861807047
54 -14.1832301 0.7837369498
55 -14.32408603 0.7812998204
56 -14.46422133 0.7788658378
57 -14.60383833 0.7764317725
58 -14.743124 0.7739946107
59 -14.88225199 0.7715515256
60 -15.0213845 0.7690998511
61 -15.1606739 0.7666370586
62 -15.3002642 0.7641607358
63 -15.44029231 0.7616685676
64 -15.58088922 0.7591583194
65 -15.72218106 0.7566278206
66 -15.86429005 0.7540749509
67 -16.00733534 0.7514976265
68 -16.15143387 0.7488937874
69 -16.29670105 0.7462613867
70 -16.44325151 0.7435983785
71 -16.59119973 0.7409027082
72 -16.74066067 0.7381723023
73 -16.89175038 0.7354050586
74 -17.04458655 0.7325988369
75 -17.19928914 0.7297514497
76 -17.35598087 0.726860653
77 -17.51478781 0.7239241374
78 -17.67583996 0.7209395191
79 -17.83927176 0.7179043305
80 -18.00522271 0.714816011
81 -18.17383791 0.7116718979
82 -18.34526872 0.7084692168
83 -18.5196733 0.7052050717
84 -18.69721733 0.7018764353
85 -18.87807461 0.6984801389
86 -19.0624278 0.695012862
87 -19.2504691 0.6914711218
88 -19.44240103 0.6878512626
89 -19.63843722 0.6841494448
90 -19.83880318 0.6803616346
91 -20.0437372 0.6764835925
92 -20.25349119 0.6725108634
93 -20.46833161 0.6684387655
94 -20.6885404 0.6642623814
95 -20.91441594 0.6599765483
96 -21.14627401 0.6555758505
97 -21.38444874 0.6510546123
98 -21.62929364 0.6464068938
99 -21.88118248 0.6416264878
100 -22.14051022 0.636706921
101 -22.40769385 0.6316414575
102 -22.68317309 0.6264231076
103 -22.96741104 0.621044642
104 -23.26089459 0.6154986118
105 -23.56413463 0.6097773773
106 -23.87766598 0.6038731443
107 -24.20204697 0.5977780125
108 -24.5378586 0.5914840342
109 -24.88570316 0.584983288
110 -25.24620231 0.578267967
111 -25.61999437 0.5713304831
112 -26.00773089 0.564163591
113 -26.41007221 0.5567605294
114 -26.82768211 0.5491151837
115 -27.26122119 0.5412222668
116 -27.71133917 0.5330775204
117 -28.17866592 0.524677932
118 -28.66380114 0.5160219665
119 -29.16730288 0.5071098064
120 -29.68967489 0.4979435953
121 -30.23135296 0.4885276755
122 -30.79269064 0.4788688112
123 -31.37394447 0.4689763849
124 -31.97525938 0.4588625555
125 -32.59665463 0.4485423647
126 -33.23801108 0.4380337798
127 -33.89906022 0.4273576605
128 -34.57937586 0.4165376415
129 -35.27836903 0.4055999257
130 -35.99528659 0.3945729852
131 -36.72921421 0.3834871758
132 -37.47908377 0.3723742732
133 -38.24368534 0.3612669459
134 -39.0216835 0.3501981847
135 -39.81163758 0.3392007105
136 -40.61202515 0.3283063861
137 -41.42126786 0.3175456571
138 -42.23775855 0.306947044
139 -43.05988883 0.2965367056
140 -43.88607566 0.2863380889
141 -44.71478638 0.2763716747
142 -45.54456097 0.2666548218
143 -46.37403123 0.2572017079
144 -47.20193612 0.2480233608
145 -48.02713323 0.2391277682
146 -48.84860633 0.2305200535
147 -49.66546895 0.2222027035
148 -50.4769645 0.2141758322
149 -51.28246305 0.2064374677
150 -52.08145538 0.1989838494
151 -52.87354462 0.1918097251
152 -53.65843591 0.1849086386
153 -54.43592459 0.1782732024
154 -55.2058832 0.1718953495
155 -55.96824776 0.1657665614
156 -56.72300349 0.1598780715
157 -57.47017041 0.1542210417
158 -58.20978902 0.1487867126
159 -58.94190632 0.143566529
160 -59.66656243 0.1385522399
161 -60.38377801 0.1337359756
162 -61.09354284 0.1291103027
163 -61.79580568 0.1246682587
164 -62.49046572 0.1204033677
165 -63.17736584 0.1163096396
166 -63.85628783 0.1123815538
167 -64.5269498 0.1086140304
168 -65.18900583 0.1050023905
169 -65.84204784 0.1015423091
170 -66.48560981 0.09822976133
171 -67.11917398 0.09506096625
172 -67.74217901 0.09203232991
173 -68.35402976 0.08914039
174 -68.95410823 0.08638176425
175 -69.54178543 0.08375310445
176 -70.11643366 0.08125105711
177 -70.67743872 0.07887223191
178 -71.22421178 0.07661317829
179 -71.75620039 0.07447037007
180 -72.27289837 0.0724401979
181 -72.7738544 0.0705189688
182 -73.25867899 0.06870291172
183 -73.72704986 0.0669881883
184 -74.17871557 0.06537090748
185 -74.61349758 0.06384714292
186 -75.03129073 0.06241295217
187 -75.43206224 0.06106439649
188 -75.81584956 0.05979756078
189 -76.18275708 0.05860857252
190 -76.53295195 0.05749361958
191 -76.86665928 0.05644896631
192 -77.18415683 0.05547096771
193 -77.48576936 0.05455608151
194 -77.77186284 0.0537008782
195 -78.04283866 0.052902049
196 -78.29912797 0.05215641189
197 -78.54118608 0.05146091574
198 -78.76948733 0.05081264293
199 -78.98452017 0.05020881037
200 -79.18678258 0.04964676935
201 -79.37677802 0.04912400419
202 -79.55501168 0.04863813004
203 -79.72198716 0.04818688987
204 -79.87820358 0.04776815092
205 -80.02415306 0.04737990058
206 -80.16031854 0.047020242
207 -80.28717203 0.0466873894
208 -80.40517309 0.04637966325
209 -80.51476761 0.04609548531
210 -80.61638691 0.04583337372
211 -80.71044707 0.04559193809
212 -80.79734837 0.0453698746
213 -80.87747507 0.04516596136
214 -80.9511952 0.04497905373
215 -81.01886064 0.04480807989
216 -81.08080714 0.04465203662
217 -81.13735463 0.04450998511
218 -81.18880746 0.0443810471
219 -81.23545479 0.04426440116
220 -81.277571 0.0441592791
221 -81.31541618 0.04406496267
222 -81.34923658 0.04398078037
223 -81.37926515 0.04390610442
224 -81.4057221 0.04384034799
225 -81.42881538 0.04378296255
226 -81.44874125 0.04373343533
227 -81.46568485 0.04369128701
228 -81.47982068 0.04365606952
229 -81.49131315 0.04362736398
230 -81.5003171 0.0436047788
231 -81.50697827 0.04358794782
232 -81.51143382 0.04357652869
233 -81.51381274 0.04357020126
234 -81.51423634 0.0435686661
235 -81.51281869 0.04357164317
236 -81.50966697 0.04357887048
237 -81.50488191 0.04359010295
238 -81.49855815 0.04360511126
239 -81.4907846 0.04362368079
240 -81.48164476 0.04364561072
241 -77.91069618 0.05194687621
242 -73.24985787 0.06643295752
243 -66.7901137 0.09179327778
244 -43.52021565 0.217952455
245 39.77496015 0.9983969389
246 38.71715273 0.9999446395
247 37.12854276 0.9999268591
248 34.50634519 0.9998827361
249 30.98448784 0.999777261
250 26.95423361 0.9995345992
251 22.8036508 0.9990095002
252 18.789847 0.9979619885
253 15.04769297 0.9960562922
254 11.63740854 0.9929071494
255 8.580367026 0.9881798157
256 5.876830555 0.9817114149
257 3.513105383 0.9735891349
258 1.465092493 0.9641363113
259 -0.2984065716 0.9538166572
260 -1.812081666 0.9431140417
261 -3.11082473 0.9324422001
262 -4.227343596 0.9221040683
263 -5.190821482 0.912291075
264 -6.026432519 0.9031032471
265 -6.755415777 0.8945748287
266 -7.395445403 0.8866972513
267 -7.961116133 0.8794366783
268 -8.464438804 0.8727461653
269 -8.91529371 0.8665735162
270 -9.321821762 0.8608660543
271 -9.69075073 0.8555733273
272 -10.02766195 0.8506484939
273 -10.33720583 0.8460489013
274 -10.62327508 0.8417361895
275 -10.88914346 0.8376761308
276 -11.13757715 0.8338383344
277 -11.37092423 0.8301958943
278 -11.59118676 0.8267250248
279 -11.8000792 0.8234047079
280 -11.99907587 0.8202163655
281 -12.1894497 0.8171435626
282 -12.37230404 0.8141717411
283 -12.54859891 0.8112879848
284 -12.71917269 0.8084808124
285 -12.88476025 0.8057399965
286 -13.04600804 0.8030564049
287 -13.20348679 0.8004218629
288 -13.35770217 0.7978290326
289 -13.5091039 0.7952713079
290 -13.6580934 0.7927427227
291 -13.80503035 0.7902378709
292 -13.95023832 0.7877518364
293 -14.09400959 0.7852801311
294 -14.23660928 0.7828186415
295 -14.37827901 0.7803635811
296 -14.51923993 0.7779114482
297 -14.65969552 0.7754589893
298 -14.79983395 0.7730031656
299 -14.93983015 0.7705411246
300 -15.07984765 0.7680701732
301 -15.22004026 0.7655877548
302 -15.36055344 0.7630914278
303 -15.5015257 0.760578847
304 -15.64308965 0.7580477458
305 -15.78537317 0.7554959209
306 -15.92850026 0.7529212172
307 -16.07259202 0.7503215146
308 -16.21776735 0.7476947155
309 -16.36414381 0.745038733
310 -16.51183824 0.7423514797
311 -16.66096748 0.7396308572
312 -16.81164898 0.7368747457
313 -16.9640014 0.7340809946
314 -17.11814522 0.7312474124
315 -17.27420334 0.7283717579
316 -17.43230159 0.7254517301
317 -17.59256936 0.7224849597
318 -17.75514014 0.7194689993
319 -17.92015211 0.7164013143
320 -18.08774873 0.7132792736
321 -18.25807931 0.7101001395
322 -18.43129968 0.7068610587
323 -18.60757279 0.7035590516
324 -18.78706936 0.700191003
325 -18.96996861 0.6967536511
326 -19.15645893 0.6932435772
327 -19.34673865 0.6896571952
328 -19.54101679 0.6859907406
329 -19.73951388 0.6822402598
330 -19.94246279 0.6784015989
331 -20.15010962 0.6744703932
332 -20.36271456 0.6704420564
333 -20.58055286 0.6663117709
334 -20.80391573 0.6620744777
335 -21.03311137 0.6577248686
336 -21.26846588 0.653257378
337 -21.51032429 0.6486661777
338 -21.75905148 0.6439451734
339 -22.01503314 0.639088003
340 -22.27867661 0.6340880395
341 -22.55041166 0.6289383975
342 -22.83069123 0.6236319439
343 -23.11999186 0.6181613159
344 -23.4188141 0.6125189452
345 -23.72768249 0.6066970907
346 -24.04714538 0.6006878813
347 -24.37777425 0.5944833696
348 -24.72016262 0.588075599
349 -25.07492435 0.5814566846
350 -25.44269135 0.5746189103
351 -25.82411046 0.5675548442
352 -26.21983948 0.5602574715
353 -26.63054224 0.5527203475
354 -27.05688259 0.5449377712
355 -27.49951718 0.5369049772
356 -27.95908702 0.5286183461
357 -28.4362078 0.520075631
358 -28.93145894 0.5112761943
359 -29.44537135 0.5022212513
360 -29.97841427 0.4929141124
361 -30.53098116 0.4833604143
362 -31.10337508 0.4735683305
363 -31.69579392 0.4635487492
364 -32.30831604 0.453315405
365 -32.94088676 0.4428849519
366 -33.59330655 0.4322769667
367 -34.26522135 0.4215138699
368 -34.95611597 0.4106207604
369 -35.66531091 0.399625157
370 -36.39196338 0.3885566508
371 -37.13507259 0.3774464747
372 -37.89348976 0.3663270016
373 -38.66593252 0.35523119
374 -39.45100351 0.3441919972
375 -40.24721248 0.3332417852
376 -41.05300128 0.3224117443
377 -41.86677056 0.3117313581
378 -42.68690735 0.301227932
379 -43.51181221 0.290926202
380 -44.33992517 0.2808480354
381 -45.16974933 0.2710122307
382 -45.99987157 0.261434415
383 -46.82897963 0.2521270363
384 -47.65587542 0.2430994393
385 -48.47948427 0.2343580137
386 -49.29886033 0.2259064012
387 -50.11318814 0.2177457448
388 -50.9217809 0.2098749683
389 -51.72407568 0.2022910702
390 -52.51962601 0.1949894231
391 -53.3080924 0.1879640668
392 -54.08923112 0.1812079888
393 -54.86288163 0.1747133867
394 -55.62895313 0.1684719071
395 -56.38741049 0.1624748608
396 -57.13825981 0.1567134116
397 -57.88153404 0.1511787384
398 -58.61727876 0.145862172
399 -59.34553854 0.1407553061
400 -60.0663439 0.1358500847
401 -60.77969938 0.131138867
402 -61.48557275 0.1266144704
403 -62.18388576 0.1222701949
404 -62.87450653 0.118099829
405 -63.55724391 0.1140976399
406 -64.23184391 0.1102583504
407 -64.89798833 0.106577103
408 -65.55529569 0.1030494163
409 -66.20332443 0.09967113309
410 -66.84157825 0.09643836566
411 -67.46951348 0.09334743824
412 -68.08654818 0.09039483079
413 -68.69207264 0.08757712554
414 -69.28546092 0.08489095827
415 -69.866083 0.08233297589
416 -70.43331707 0.07989980141
417 -70.98656165 0.07758800692
418 -71.52524697 0.07539409473
419 -72.04884545 0.07331448648
420 -72.55688086 0.07134551968
421 -73.048936 0.06948345078
422 -73.52465882 0.06772446386
423 -73.98376678 0.06606468367
424 -74.42604962 0.06450019199
425 -74.85137045 0.06302704619
426 -75.25966546 0.06164129894
427 -75.65094216 0.0603390181
428 -76.0252766 0.05911630624
429 -76.38280954 0.05796931901
430 -76.7237419 0.056894282
431 -77.04832962 0.05588750575
432 -77.35687813 0.05494539877
433 -77.64973664 0.05406447849
434 -77.92729227 0.05324138005
435 -78.18996435 0.05247286317
436 -78.43819878 0.05175581711
437 -78.67246268 0.05108726387
438 -78.89323934 0.0504643599
439 -79.10102353 0.04988439642
440 -79.29631721 0.04934479854
441 -79.47962559 0.04884312342
442 -79.6514537 0.04837705758
443 -79.81230328 0.04794441354
444 -79.96267006 0.04754312592
445 -80.10304153 0.04717124718
446 -80.23389491 0.04682694299
447 -80.35569559 0.04650848747
448 -80.46889576 0.0462142583
449 -80.57393339 0.04594273172
450 -80.67123145 0.04569247764
451 -80.76119732 0.04546215473
452 -80.8442224 0.04525050564
453 -80.92068195 0.04505635233
454 -80.99093498 0.04487859155
455 -81.05532436 0.04471619047
456 -81.11417698 0.04456818253
457 -81.16780402 0.0444336634
458 -81.21650127 0.04431178719
459 -81.26054958 0.04420176283
460 -81.30021525 0.04410285062
461 -81.33575054 0.04401435898
462 -81.36739418 0.04393564137
463 -81.39537191 0.04386609343
464 -81.41989696 0.04380515019
465 -81.44117067 0.04375228358
466 -81.45938297 0.04370699994
467 -81.47471294 0.04366883785
468 -81.48732935 0.04363736595
469 -81.49739116 0.04361218097
470 -81.50504801 0.04359290589
471 -81.51044075 0.04357918819
472 -81.51370189 0.04357069824
473 -81.51495603 0.04356712777
474 -81.51432033 0.04356818847
475 -81.51190493 0.04357361064
476 -81.50781333 0.04358314201
477 -81.50214278 0.04359654652
478 -81.49498463 0.04361360331
479 -81.48642468 0.04363410566
480 -81.47654355 0.04365786011
481 -77.90470708 0.05196359526
482 -73.24228672 0.06645902907
483 -66.77857994 0.09184420081
484 -43.45806397 0.218378161
485 39.77576992 0.998409928
486 38.71795292 0.9999446485
487 37.13065711 0.9999268857
488 34.51114969 0.999882834
489 30.9934085 0.9997776088
490 26.96816402 0.9995357355
491 22.82277728 0.9990127994
492 18.81380433 0.997970379
493 15.0757818 0.9960749568
494 11.66876224 0.9929436723
495 8.614073491 0.9882432563
496 5.91203169 0.9818103667
497 3.54907666 0.9737296366
498 1.501290824 0.964320705
499 -0.2623337267 0.9540438205
500 -1.776319306 0.943380552
501 -3.075430048 0.932743674
502 -4.192287831 0.9224361689
503 -5.156025209 0.9126500576
504 -5.99179153 0.9034861415
505 -6.720818198 0.89497941
506 -7.360782019 0.8871219179
507 -7.926285974 0.8798803103
508 -8.429351693 0.8732079957
509 -8.879870964 0.8670530269
510 -9.285995853 0.8613628978
511 -9.654464403 0.8560872701
512 -9.990867107 0.8511793769
513 -10.29986238 0.8465966129
514 -10.58534977 0.8423006482
515 -10.85060887 0.8382572732
516 -11.09841072 0.8344361089
517 -11.33110744 0.8308102571
518 -11.5507044 0.8273559381
519 -11.75891876 0.824052139
520 -11.95722697 0.8208802876
521 -12.14690361 0.8178239555
522 -12.3290533 0.814868592
523 -12.50463698 0.8120012899
524 -12.67449365 0.8092105781
525 -12.83935854 0.8064862404
526 -12.99987823 0.8038191577
527 -13.1566234 0.8012011689
528 -13.3100995 0.7986249512
529 -13.46075587 0.7960839147
530 -13.60899345 0.7935721103
531 -13.75517131 0.7910841501
532 -13.89961231 0.7886151368
533 -14.04260792 0.7861606023
534 -14.18442238 0.783716454
535 -14.32529634 0.7812789268
536 -14.46544992 0.7788445418
537 -14.60508549 0.7764100686
538 -14.74439003 0.7739724932
539 -14.88353723 0.7715289881
540 -15.02268932 0.7690768866
541 -15.16199869 0.7666136594
542 -15.3016094 0.7641368936
543 -15.44165837 0.7616442735
544 -15.58227665 0.7591335638
545 -15.72359041 0.7566025931
546 -15.86572189 0.7540492404
547 -16.0087903 0.751471421
548 -16.1529126 0.7488670743
549 -16.29820427 0.7462341522
550 -16.44477998 0.7435706081
551 -16.59275426 0.7408743865
552 -16.74224213 0.7381434127
553 -16.89335968 0.7353755836
554 -17.0462247 0.7325687577
555 -17.20095717 0.7297207464
556 -17.35767991 0.7268293045
557 -17.51651905 0.7238921213
558 -17.67760466 0.7209068115
559 -17.84107127 0.717870906
560 -18.00705846 0.7147818429
561 -18.17571144 0.7116369577
562 -18.34718164 0.7084334741
563 -18.52162736 0.7051684946
564 -18.69921436 0.7018389898
565 -18.88011657 0.6984417889
566 -19.06451677 0.6949735694
567 -19.2526073 0.6914308461
568 -19.44459083 0.687809961
569 -19.64068112 0.684107072
570 -19.84110386 0.6803181425
571 -20.0460975 0.6764389305
572 -20.25591414 0.6724649778
573 -20.47082043 0.6683915998
574 -20.69109851 0.6642138759
575 -20.91704697 0.65992664
576 -21.14898182 0.6555244732
577 -21.38723744 0.6510016965
578 -21.63216757 0.6463523663
579 -21.88414626 0.6415702724
580 -22.14356874 0.6366489377
581 -22.41085227 0.631581623
582 -22.68643687 0.6263613355
583 -22.97078594 0.6209808428
584 -23.26438667 0.6154326934
585 -23.56775025 0.609709245
586 -23.8814118 0.6038027018
587 -24.20592996 0.5977051621
588 -24.54188599 0.5914086778
589 -24.88988246 0.5849053281
590 -25.25054126 0.5781873077
591 -25.62450091 0.5712470317
592 -26.0124131 0.5640772594
593 -26.4149383 0.5566712361
594 -26.83274028 0.5490228557
595 -27.26647958 0.5411268422
596 -27.71680577 0.5329789507
597 -28.18434843 0.5245761851
598 -28.66970684 0.5159170294
599 -29.17343849 0.5070016883
600 -29.6960464 0.4978323306
601 -30.23796549 0.4884133268
602 -30.79954821 0.4787514716
603 -31.38104984 0.4688561805
604 -31.98261388 0.4587396472
605 -32.60425801 0.4484169491
606 -33.2458613 0.4379060894
607 -33.90715339 0.4272279628
608 -34.58770613 0.4164062375
609 -35.28692851 0.4054671464
610 -36.00406541 0.3944391878
611 -36.73820055 0.3833527386
612 -37.48826397 0.3722395893
613 -38.25304407 0.3611324169
614 -39.031204 0.3500642131
615 -39.8213019 0.3390676928
616 -40.62181449 0.3281747057
617 -41.43116282 0.3174156776
618 -42.24773955 0.3068191032
619 -43.06993638 0.2964111107
620 -43.89617072 0.286215113
621 -44.72491062 0.2762515538
622 -45.55469707 0.2665377535
623 -46.38416304 0.2570878513
624 -47.21204885 0.247912837
625 -48.03721361 0.2390206621
626 -48.85864261 0.2304164166
627 -49.67545099 0.2221025563
628 -50.4868837 0.2140791678
629 -51.29231233 0.2063442554
630 -52.09122909 0.1988940383
631 -52.88323842 0.1917232474
632 -53.66804663 0.1848254136
633 -54.44545009 0.1781931391
634 -55.21532222 0.1718183498
635 -55.97759969 0.1656925229
636 -56.73226825 0.1598068897
637 -57.47934827 0.1541526118
638 -58.21888039 0.1487209316
639 -58.95091162 0.1435032968
640 -59.67548188 0.1384914605
641 -60.39261153 0.1336775581
642 -61.1022899 0.1290541615
643 -61.80446516 0.124614314
644 -62.49903583 0.1203515458
645 -63.18584406 0.1162598724
646 -63.86467085 0.1123337787
647 -64.5352335 0.1085681899
648 -65.19718527 0.1049584319
649 -65.85011736 0.1015001834
650 -66.49356303 0.09818942281
651 -67.12700391 0.09502237177
652 -67.74987818 0.09199543816
653 -68.36159033 0.08910516082
654 -68.96152213 0.08634815805
655 -69.54904455 0.08372108167
656 -70.12352996 0.08122057775
657 -70.68436442 0.07884325525
658 -71.23095946 0.07658566257
659 -71.76276316 0.07444427242
660 -72.27926998 0.07241547426
661 -72.78002934 0.07049557395
662 -73.26465256 0.06868079942
663 -73.73281823 0.06696731143
664 -74.18427582 0.06535121826
665 -74.61884772 0.06382859314
666 -75.03642968 0.06239549342
667 -75.43698984 0.06104798047
668 -75.82056651 0.05978213949
669 -76.1872649 0.05859409853
670 -76.53725294 0.05748004626
671 -76.87075645 0.05643624801
672 -77.1880538 0.0554590599
673 -77.48947033 0.05454494098
674 -77.7753725 0.05369046314
675 -78.04616212 0.05289231911
676 -78.30227067 0.05214732842
677 -78.54415377 0.05145244158
678 -78.77228596 0.05080474261
679 -78.98715583 0.05020145008
680 -79.18926149 0.04963991691
681 -79.37910645 0.04911762905
682 -79.55719589 0.04863220325
683 -79.72403338 0.04818138405
684 -79.88011798 0.04776304019
685 -80.02594171 0.04737516053
686 -80.16198741 0.04701584962
687 -80.28872693 0.04668332304
688 -80.40661965 0.04637590254
689 -80.51611132 0.04609201111
690 -80.61763307 0.04583016806
691 -80.71160078 0.0455889841
692 -80.79841453 0.04536715647
693 -80.87845839 0.04516346427
694 -80.95210019 0.04497676378
695 -81.01969159 0.0448059841
696 -81.08156817 0.04465012279
697 -81.13804965 0.04450824185
698 -81.18944018 0.04437946376
699 -81.23602876 0.04426296775
700 -81.27808956 0.0441579863
701 -81.31588251 0.04406380176
702 -81.34965369 0.04397974317
703 -81.37963589 0.04390518331
704 -81.40604914 0.04383953585
705 -81.42910126 0.0437822527
706 -81.44898838 0.04373282152
707 -81.46589549 0.04369076342
708 -81.47999695 0.04365563069
709 -81.49145706 0.04362700482
710 -81.50043054 0.04360449453
711 -81.50706303 0.04358773399
712 -81.51149156 0.04357638112
713 -81.51384504 0.04357011605
714 -81.51424469 0.0435686396
715 -81.51280447 0.04357167197
716 -81.5096315 0.04357895138
717 -81.50482641 0.04359023296
718 -81.49848379 0.04360528757
719 -81.49069246 0.0436239008
720 -81.48153585 0.04364587196
