0 -57.35225678 0.1550580201
1 -58.04953328 0.1499090738
2 -58.74143157 0.1449421744
3 -59.42797354 0.1401512304
4 -60.10916124 0.1355304303
5 -60.78496699 0.1310742908
6 -61.4553245 0.1267776889
7 -62.120121 0.1226358796
8 -62.77919088 0.1186444996
9 -63.43231076 0.1147995578
10 -64.07919653 0.1110974148
11 -64.71950217 0.1075347517
12 -65.35282062 0.1041085316
13 -65.97868667 0.100815954
14 -66.59658184 0.0976544061
15 -67.20594099 0.0946214113
16 -67.80616068 0.09171457897
17 -68.3966087 0.08893155595
18 -68.97663471 0.0862699824
19 -69.54558147 0.0837274532
20 -70.10279632 0.08130148605
21 -70.64764249 0.0789894969
22 -71.17950996 0.07678878301
23 -71.69782551 0.07469651349
24 -72.20206166 0.07270972695
25 -72.69174431 0.07082533544
26 -73.16645906 0.06904013392
27 -73.62585589 0.06735081401
28 -74.06965246 0.06575398127
29 -74.49763583 0.06424617463
30 -74.90966292 0.06282388729
31 -75.30565954 0.06148358791
32 -75.68561848 0.06022174169
33 -76.04959654 0.05903483039
34 -76.39771078 0.05791937106
35 -76.73013422 0.05687193303
36 -77.04709103 0.05588915301
37 -77.34885149 0.05496774811
38 -77.63572668 0.05410452682
39 -77.90806331 0.05329639801
40 -78.1662384 0.05254037789
41 -78.41065435 0.05183359535
42 -78.64173403 0.05117329549
43 -78.85991624 0.05055684186
44 -79.06565151 0.04998171726
45 -79.25939818 0.04944552354
46 -79.44161885 0.04894598039
47 -79.61277722 0.04848092337
48 -79.77333522 0.04804830127
49 -79.92375055 0.04764617299
50 -80.06447452 0.04727270398
51 -80.19595021 0.04692616239
52 -80.31861088 0.04660491503
53 -80.43287875 0.04630742316
54 -80.53916388 0.04603223823
55 -80.63786345 0.04577799761
56 -80.72936107 0.04554342029
57 -80.81402636 0.04532730275
58 -80.89221469 0.04512851476
59 -80.96426704 0.04494599548
60 -81.03050995 0.04477874951
61 -81.09125562 0.04462584321
62 -81.14680209 0.04448640109
63 -81.19743345 0.04435960243
64 -81.24342015 0.04424467797
65 -81.28501934 0.04414090683
66 -81.32247528 0.04404761357
67 -81.35601974 0.04396416535
68 -81.38587243 0.04388996935
69 -81.41224146 0.04382447024
70 -81.4353238 0.04376714783
71 -81.45530575 0.04371751485
72 -81.47236339 0.04367511491
73 -81.48666308 0.04363952046
74 -81.49836184 0.04361033106
75 -81.50760777 0.04358717179
76 -81.51453955 0.04356969345
77 -81.51927893 0.04355758697
78 -81.52185966 0.04355072543
79 -81.52158655 0.04355044934
80 -81.51128074 0.04357111703
81 -81.42564396 0.04374405886
82 -80.67831509 0.04527371761
83 -74.0373592 0.06102411409
84 -18.38091897 0.431085652
85 37.85957703 0.9995647299
86 38.35918795 0.9999404544
87 36.83500293 0.999922674
88 34.29506444 0.9998777447
89 30.98819389 0.9997763907
90 27.247778 0.9995565392
91 23.37269394 0.9991017738
92 19.56787939 0.9982178645
93 15.95612311 0.9966222971
94 12.60682064 0.9939680842
95 9.556991352 0.9899161345
96 6.822150485 0.9842414426
97 4.401406078 0.9769237994
98 2.280833754 0.9681703876
99 0.4370454452 0.9583582461
100 -1.158920782 0.9479331299
101 -2.538021857 0.9373155407
102 -3.730493241 0.9268437966
103 -4.764157712 0.9167560968
104 -5.663614449 0.9071985063
105 -6.450043158 0.8982443612
106 -7.141370947 0.889915316
107 -7.75261545 0.8821993397
108 -8.296286458 0.8750643099
109 -8.782780784 0.8684674972
110 -9.22073927 0.8623617965
111 -9.617354848 0.8566996065
112 -9.978631123 0.8514351012
113 -10.30959583 0.8465254499
114 -10.61447538 0.841931371
115 -10.89683682 0.8376172811
116 -11.15970312 0.8335512075
117 -11.4056467 0.829704573
118 -11.63686556 0.8260519186
119 -11.85524523 0.8225706054
120 -12.06240954 0.8192405195
121 -12.25976219 0.8160437916
122 -12.44852102 0.8129645391
123 -12.6297464 0.8099886326
124 -12.80436476 0.8071034867
125 -12.9731882 0.8042978745
126 -13.13693099 0.8015617636
127 -13.29622335 0.798886172
128 -13.45162313 0.7962630412
129 -13.60362569 0.7936851252
130 -13.75267232 0.7911458926
131 -13.89915738 0.7886394417
132 -14.04343447 0.7861604247
133 -14.18582169 0.783703982
134 -14.3266062 0.7812656843
135 -14.46604813 0.778841481
136 -14.60438403 0.7764276557
137 -14.7418298 0.7740207854
138 -14.87858332 0.7716177059
139 -15.01482668 0.7692154801
140 -15.15072822 0.7668113701
141 -15.28644426 0.764402812
142 -15.42212065 0.7619873941
143 -15.55789419 0.7595628364
144 -15.69389381 0.7571269729
145 -15.83024171 0.7546777352
146 -15.96705434 0.7522131377
147 -16.10444328 0.7497312641
148 -16.24251604 0.7472302554
149 -16.38137684 0.7447082984
150 -16.52112724 0.7421636151
151 -16.66186678 0.7395944535
152 -16.80369358 0.7369990779
153 -16.94670482 0.734375761
154 -17.09099733 0.7317227755
155 -17.23666798 0.7290383866
156 -17.38381424 0.7263208446
157 -17.53253451 0.723568378
158 -17.68292865 0.7207791864
159 -17.83509834 0.7179514339
160 -17.98914751 0.7150832426
161 -18.14518275 0.7121726861
162 -18.30331373 0.7092177829
163 -18.46365357 0.7062164902
164 -18.62631931 0.7031666973
165 -18.79143231 0.7000662191
166 -18.95911865 0.6969127898
167 -19.12950963 0.693704056
168 -19.30274217 0.6904375705
169 -19.47895934 0.6871107853
170 -19.65831077 0.6837210447
171 -19.8409532 0.680265579
172 -20.027051 0.6767414974
173 -20.21677669 0.673145781
174 -20.4103115 0.6694752764
175 -20.60784592 0.6657266889
176 -20.80958036 0.6618965763
177 -21.01572567 0.6579813422
178 -21.22650384 0.6539772309
179 -21.44214855 0.6498803219
180 -21.6629059 0.6456865255
181 -21.88903498 0.6413915789
182 -22.12080855 0.6369910444
183 -22.35851361 0.632480308
184 -22.60245207 0.6278545804
185 -22.85294122 0.6231088996
186 -23.11031431 0.618238137
187 -23.37492095 0.6132370057
188 -23.64712742 0.6081000727
189 -23.92731692 0.6028217754
190 -24.21588961 0.5973964437
191 -24.51326248 0.5918183263
192 -24.81986899 0.5860816251
193 -25.13615844 0.5801805364
194 -25.46259502 0.5741092997
195 -25.79965645 0.5678622568
196 -26.14783222 0.5614339198
197 -26.50762134 0.5548190507
198 -26.87952946 0.5480127512
199 -27.26406547 0.5410105651
200 -27.66173734 0.5338085917
201 -28.07304726 0.526403611
202 -28.49848603 0.5187932186
203 -28.93852665 0.5109759701
204 -29.39361718 0.5029515321
205 -29.86417277 0.4947208364
206 -30.35056711 0.4862862345
207 -30.8531233 0.4776516462
208 -31.37210431 0.4688226983
209 -31.90770331 0.4598068456
210 -32.46003408 0.4506134681
211 -33.02912175 0.4412539368
212 -33.61489445 0.4317416421
213 -34.21717588 0.4220919769
214 -34.83567963 0.4123222711
215 -35.4700052 0.4024516724
216 -36.11963632 0.392500974
217 -36.78394185 0.3824923875
218 -37.46217923 0.3724492686
219 -38.15350085 0.3623957995
220 -38.85696302 0.3523566386
221 -39.57153766 0.3423565487
222 -40.29612609 0.3324200175
223 -41.02957482 0.3225708825
224 -41.77069257 0.3128319748
225 -42.51826815 0.3032247954
226 -43.27108848 0.2937692318
227 -44.0279562 0.2844833259
228 -44.78770636 0.2753830978
229 -45.5492216 0.2664824271
230 -46.31144556 0.2577929927
231 -47.07339407 0.2493242676
232 -47.83416411 0.2410835634
233 -48.59294026 0.2330761195
234 -49.34899882 0.2253052276
235 -50.10170953 0.2177723848
236 -50.85053514 0.2104774676
237 -51.59502893 0.2034189187
238 -52.33483046 0.1965939406
239 -53.06965968 0.1899986902
240 -53.79930972 0.1836284686
241 -54.52363848 0.177477904
242 -55.24255932 0.1715411231
243 -55.95603096 0.1658119099
244 -56.66404688 0.1602838497
245 -57.36662427 0.1549504574
246 -58.06379287 0.1498052903
247 -58.75558383 0.144842044
248 -59.44201872 0.1400546319
249 -60.12309907 0.135437249
250 -60.79879652 0.1309844189
251 -61.46904387 0.1266910263
252 -62.13372735 0.1225523339
253 -62.79268019 0.1185639861
254 -63.4456778 0.1147219994
255 -64.09243482 0.1110227409
256 -64.73260393 0.1074628982
257 -65.36577685 0.1040394395
258 -65.99148724 0.1007495687
259 -66.60921555 0.09759067619
260 -67.2183958 0.0945602877
261 -67.81842383 0.0916560138
262 -68.40866694 0.0888755016
263 -68.98847454 0.08621639069
264 -69.55718935 0.08367627464
265 -70.1141589 0.08125266929
266 -70.65874687 0.07894298829
267 -71.19034388 0.07674452634
268 -71.70837755 0.07465444986
269 -72.21232141 0.07266979478
270 -72.70170252 0.07078747066
271 -73.17610775 0.06900427013
272 -73.63518842 0.06731688287
273 -74.07866361 0.06572191283
274 -74.50632181 0.0642158978
275 -74.91802134 0.06279533019
276 -75.31368944 0.0614566784
277 -75.69332022 0.06019640772
278 -76.05697176 0.05901100041
279 -76.40476232 0.05789697442
280 -76.73686602 0.05685090027
281 -77.05350805 0.05586941617
282 -77.35495956 0.05494924098
283 -77.64153245 0.05408718514
284 -77.91357408 0.0532801596
285 -78.17146208 0.05252518284
286 -78.41559931 0.05181938605
287 -78.64640901 0.05116001675
288 -78.8643303 0.05054444088
289 -79.0698139 0.04997014368
290 -79.26331829 0.04943472942
291 -79.44530613 0.04893592015
292 -79.6162411 0.04847155379
293 -79.7765851 0.0480395814
294 -79.92679573 0.04763806409
295 -80.06732414 0.04726516944
296 -80.19861323 0.04691916766
297 -80.32109607 0.04659842753
298 -80.43519462 0.04630141219
299 -80.54131873 0.0460266749
300 -80.63986528 0.04577285474
301 -80.73121759 0.04553867232
302 -80.81574503 0.04532292566
303 -80.89380266 0.04512448601
304 -80.96573117 0.04494229389
305 -81.03185681 0.0447753552
306 -81.0924915 0.04462273753
307 -81.14793297 0.04448356657
308 -81.19846504 0.04435702266
309 -81.24435788 0.04424233757
310 -81.28586839 0.04413879139
311 -81.32324056 0.04404570957
312 -81.3567059 0.04396246014
313 -81.38648389 0.04388845106
314 -81.41278241 0.04382312774
315 -81.43579819 0.0437659707
316 -81.45571733 0.04371649334
317 -81.47271571 0.04367423984
318 -81.48695948 0.04363878327
319 -81.49860548 0.04360972371
320 -81.50780164 0.04358668674
321 -81.51468646 0.04356932364
322 -81.51938152 0.04355732581
323 -81.52192038 0.0435505668
324 -81.52160728 0.04355038844
325 -81.51125903 0.04357115771
326 -81.42553908 0.04374428262
327 -80.67773405 0.04527494968
328 -74.03269457 0.0610366568
329 -18.34579205 0.4314716571
330 37.86051329 0.999565683
331 38.35901037 0.9999404531
332 36.83458594 0.9999226682
333 34.29451475 0.9998777323
334 30.98762798 0.9997763671
335 27.24730165 0.9995564992
336 23.37237431 0.9991017183
337 19.56774601 0.9982178142
338 15.95617967 0.9966223147
339 12.60705553 0.993968297
340 9.557384722 0.9899167428
341 6.822678966 0.9842427005
342 4.402046089 0.9769259689
343 2.281563862 0.9681736875
344 0.437847745 0.9583628187
345 -1.15806021 0.947939036
346 -2.537113185 0.9373227755
347 -3.729543508 0.9268523138
348 -4.763171553 0.9167658294
349 -5.662594766 0.9072093821
350 -6.448991673 0.8982563111
351 -7.140288608 0.8899282783
352 -7.751502732 0.882213261
353 -8.29514356 0.8750791448
354 -8.781607761 0.8684832071
355 -9.219536117 0.8623783487
356 -9.616121551 0.8567169729
357 -9.977367686 0.8514532575
358 -10.30830229 0.8465443749
359 -10.61315181 0.8419510458
360 -10.89548333 0.8376376889
361 -11.15831986 0.8335723332
362 -11.40423384 0.8297264028
363 -11.63542329 0.8260744398
364 -11.85377377 0.8225938067
365 -12.0609091 0.8192643904
366 -12.25823299 0.8160683224
367 -12.44696329 0.8129897213
368 -12.62816035 0.8100144583
369 -12.80275058 0.807129949
370 -12.97154609 0.8043249671
371 -13.13526111 0.8015894812
372 -13.29452584 0.7989145099
373 -13.44989811 0.7962919956
374 -13.60187326 0.793714693
375 -13.75089253 0.7911760715
376 -13.89735027 0.7886702301
377 -14.04160004 0.7861918218
378 -14.18395991 0.7837359879
379 -14.32471699 0.7812982998
380 -14.4641314 0.7788747077
381 -14.60243964 0.7764614958
382 -14.73985757 0.7740552421
383 -14.87658302 0.7716527832
384 -15.01279806 0.7692511827
385 -15.14867098 0.7668477036
386 -15.28435805 0.7644397828
387 -15.42000509 0.7620250094
388 -15.55574884 0.7596011043
389 -15.6917182 0.7571659024
390 -15.82803532 0.7547173361
391 -15.96481659 0.7522534209
392 -16.10217354 0.7497722413
393 -16.24021365 0.7472719393
394 -16.37904106 0.7447507027
395 -16.51875729 0.7422067546
396 -16.65946182 0.7396383439
397 -16.8012527 0.7370437362
398 -16.94422707 0.7344212052
399 -17.08848166 0.7317690248
400 -17.23411331 0.7290854616
401 -17.38121937 0.726368767
402 -17.52989822 0.7236171709
403 -17.6802496 0.7208288743
404 -17.83237513 0.7180020427
405 -17.98637865 0.7151347999
406 -18.14236666 0.7122252209
407 -18.30044872 0.709271326
408 -18.46073786 0.7062710741
409 -18.62335102 0.7032223563
410 -18.78840942 0.7001229895
411 -18.95603906 0.6969707098
412 -19.12637109 0.693763166
413 -19.29954231 0.6904979131
414 -19.47569563 0.6871724053
415 -19.65498055 0.6837839895
416 -19.83755365 0.6803298984
417 -20.02357914 0.6768072438
418 -20.21322935 0.6732130095
419 -20.40668533 0.6695440451
420 -20.6041374 0.6657970588
421 -20.80578573 0.6619686113
422 -21.01184098 0.6580551096
423 -21.22252489 0.6540528011
424 -21.43807093 0.6499577687
425 -21.65872493 0.645765926
426 -21.88474573 0.6414730138
427 -22.1164058 0.6370745977
428 -22.35399188 0.6325660673
429 -22.59780556 0.6279426366
430 -22.84816385 0.623199347
431 -23.10539968 0.6183310731
432 -23.36986233 0.6133325309
433 -23.64191777 0.6081982902
434 -23.92194886 0.6029227907
435 -24.21035544 0.597500364
436 -24.50755419 0.5919252603
437 -24.81397824 0.5861916821
438 -25.13007661 0.5802938252
439 -25.4563132 0.5742259279
440 -25.79316549 0.5679823294
441 -26.14112278 0.561557538
442 -26.5006839 0.5549463099
443 -26.87235442 0.5481437396
444 -27.25664319 0.5411453614
445 -27.65405825 0.533947263
446 -28.06510193 0.5265462101
447 -28.49026531 0.5189397815
448 -28.93002181 0.5111265133
449 -29.38482001 0.5031060493
450 -29.85507577 0.4948792959
451 -30.34116364 0.4864485762
452 -30.84340777 0.4778177789
453 -31.36207236 0.4689924972
454 -31.897352 0.4599801502
455 -32.44936204 0.4507900805
456 -33.0181294 0.4414336212
457 -33.60358408 0.431924124
458 -34.20555185 0.4222769445
459 -34.82374841 0.4125093766
460 -35.45777544 0.4026405353
461 -36.10711888 0.3926911841
462 -36.77114973 0.3826835104
463 -37.44912749 0.372640851
464 -38.14020646 0.3625873755
465 -38.84344468 0.3525477367
466 -39.55781554 0.3425466991
467 -40.28222157 0.3326087591
468 -41.01551015 0.3227577697
469 -41.75649055 0.3130165846
470 -42.50395181 0.3034067324
471 -43.25668069 0.2939481338
472 -44.01347942 0.2846588675
473 -44.77318225 0.2755549933
474 -45.53467082 0.266650432
475 -46.29688749 0.2579569046
476 -47.05884665 0.2494839256
477 -47.81964365 0.2412388471
478 -48.57846139 0.2332269468
479 -49.33457439 0.2254515519
480 -50.08735063 0.2179141921
481 -50.83625112 0.2106147729
482 -51.58082745 0.2035517626
483 -52.32071759 0.1967223856
484 -53.05564004 0.1901228166
485 -53.78538661 0.1837483714
486 -54.50981406 0.1775936894
487 -55.2288348 0.1716529053
488 -55.94240678 0.1659198084
489 -56.65052292 0.1603879863
490 -57.35320008 0.1550509544
491 -58.05046786 0.1499022682
492 -58.7423575 0.1449356199
493 -59.42889086 0.1401449181
494 -60.11006995 0.135524352
495 -60.78586707 0.1310684386
496 -61.45621585 0.1267720555
497 -62.12100348 0.1226304582
498 -62.78006425 0.118639284
499 -63.43317474 0.1147945423
500 -64.08005074 0.111092594
501 -64.72034616 0.1075301208
502 -65.35365385 0.104104086
503 -65.97950855 0.1008116896
504 -66.5973917 0.09765031887
505 -67.20673812 0.09461749745
506 -67.80694432 0.09171083482
507 -68.39737806 0.08892797785
508 -68.97738899 0.08626656669
509 -69.54631988 0.08372419617
510 -70.10351806 0.08129838391
511 -70.6483468 0.07898654575
512 -71.18019614 0.07678597879
513 -71.69849289 0.07469385203
514 -72.20270964 0.07270720392
515 -72.69237237 0.0708229464
516 -73.16706675 0.0690378743
517 -73.62644285 0.06734867914
518 -74.07021841 0.06575196642
519 -74.49818061 0.06424427502
520 -74.91018641 0.06282209811
521 -75.30616174 0.06148190437
522 -75.68609947 0.06022015901
523 -76.05005646 0.05903334386
524 -76.39814985 0.05791797603
525 -76.73055274 0.05687062496
526 -77.04748936 0.05588792746
527 -77.34923002 0.05496660078
528 -77.63608588 0.05410345354
529 -77.90840366 0.05329539475
530 -78.16656045 0.05253944079
531 -78.41095864 0.05183272068
532 -78.64202114 0.05117247971
533 -78.86018676 0.05055608157
534 -79.06590606 0.04998100924
535 -79.25963736 0.04944486471
536 -79.44184328 0.04894536784
537 -79.61298751 0.04848035433
538 -79.77353198 0.04804777314
539 -79.92393437 0.0476456833
540 -80.064646 0.0472722504
541 -80.19610991 0.04692574272
542 -80.31875938 0.04660452721
543 -80.43301657 0.04630706524
544 -80.53929158 0.04603190837
545 -80.63798152 0.04577769409
546 -80.72947001 0.04554314151
547 -80.81412664 0.04532704717
548 -80.89230677 0.04512828098
549 -80.96435135 0.04494578215
550 -81.03058691 0.04477855537
551 -81.09132563 0.04462566709
552 -81.14686553 0.0444862419
553 -81.19749068 0.04435945913
554 -81.24347151 0.04424454959
555 -81.28506516 0.04414079247
556 -81.32251587 0.04404751238
557 -81.35605539 0.04396407654
558 -81.38590342 0.04388989217
559 -81.41226806 0.04382440399
560 -81.43534625 0.04376709186
561 -81.45532429 0.04371746856
562 -81.47237824 0.04367507771
563 -81.48667445 0.04363949183
564 -81.49836993 0.04361031049
565 -81.50761277 0.04358715881
566 -81.51454164 0.04356968761
567 -81.51927827 0.04355758788
568 -81.52185639 0.04355073269
569 -81.52158081 0.04355046266
570 -81.51127238 0.04357113663
571 -81.42563052 0.04374408972
572 -80.67827265 0.0452738104
573 -74.03706711 0.0610249032
574 -18.37875654 0.4311094211
575 37.85963459 0.9995647886
576 38.3591775 0.9999404543
577 36.83497845 0.9999226737
578 34.29503291 0.999877744
579 30.98816283 0.9997763894
580 27.24775409 0.9995565371
581 23.37268133 0.9991017715
582 19.56787977 0.9982178641
583 15.9561365 0.9966223039
584 12.60684608 0.9939681083
585 9.557027353 0.9899161911
586 6.822195353 0.9842415504
587 4.401458143 0.976923977
588 2.28089153 0.9681706499
589 0.4371077166 0.9583586021
590 -1.158854934 0.9479335829
591 -2.537953083 0.9373160893
592 -3.730421968 0.9268444368
593 -4.764084205 0.9167568231
594 -5.663538856 0.9071993134
595 -6.449965553 0.8982452439
596 -7.141291355 0.8899162699
597 -7.752533867 0.882200361
598 -8.296202871 0.8750653954
599 -8.782695171 0.8684686443
600 -9.220651609 0.8623630029
601 -9.617265122 0.8567008703
602 -9.978539317 0.8514364208
603 -10.30950194 0.8465268239
604 -10.61437939 0.8419327982
605 -10.89673874 0.8376187602
606 -11.15960294 0.8335527377
607 -11.40554444 0.8297061533
608 -11.63676121 0.8260535481
609 -11.85513882 0.8225722834
610 -12.06230108 0.8192422453
611 -12.25965168 0.8160455644
612 -12.44840848 0.8129663585
613 -12.62963185 0.809990498
614 -12.80424819 0.8071053977
615 -12.97306964 0.8042998306
616 -13.13681045 0.8015637645
617 -13.29610083 0.7988882174
618 -13.45149864 0.7962651308
619 -13.60349924 0.7936872588
620 -13.75254391 0.7911480701
621 -13.89902701 0.7886416629
622 -14.04330214 0.7861626896
623 -14.1856874 0.7837062907
624 -14.32646994 0.7812680368
625 -14.46590989 0.7788438775
626 -14.60424381 0.7764300962
627 -14.74168758 0.7740232702
628 -14.87843908 0.7716202354
629 -15.01468041 0.7692180546
630 -15.15057989 0.76681399
631 -15.28629384 0.7644054777
632 -15.42196812 0.7619901062
633 -15.55773952 0.7595655955
634 -15.69373696 0.7571297796
635 -15.83008265 0.7546805902
636 -15.96689302 0.7522160418
637 -16.10427965 0.7497342181
638 -16.24235007 0.7472332603
639 -16.38120846 0.7447113552
640 -16.5209564 0.7421667249
641 -16.66169343 0.7395976173
642 -16.80351764 0.7370022969
643 -16.94652623 0.7343790366
644 -17.090816 0.7317261091
645 -17.23648385 0.7290417796
646 -17.38362721 0.7263242987
647 -17.5323445 0.7235718947
648 -17.68273556 0.7207827675
649 -17.83490208 0.7179550813
650 -17.98894796 0.7150869583
651 -18.1449798 0.7121764722
652 -18.30310726 0.7092216416
653 -18.46344345 0.7062204238
654 -18.62610541 0.7031707083
655 -18.79121448 0.7000703101
656 -18.95889674 0.6969169635
657 -19.12928347 0.6937083154
658 -19.30251161 0.6904419186
659 -19.47872418 0.6871152252
660 -19.65807082 0.68372558
661 -19.84070827 0.6802702132
662 -20.02680087 0.6767462342
663 -20.21652113 0.6731506245
664 -20.41005026 0.6694802306
665 -20.60757877 0.6657317584
666 -20.80930701 0.6619017654
667 -21.01544585 0.6579866559
668 -21.22621723 0.6539826743
669 -21.44185485 0.6498859003
670 -21.66260477 0.6456922443
671 -21.88872607 0.6413974439
672 -22.12049148 0.6369970617
673 -22.35818799 0.6324864839
674 -22.60211747 0.6278609213
675 -22.85259722 0.6231154123
676 -23.10996045 0.6182448286
677 -23.37455674 0.6132438833
678 -23.64675236 0.6081071436
679 -23.92693048 0.6028290473
680 -24.21549124 0.5974039242
681 -24.51285161 0.5918260231
682 -24.81944502 0.5860895462
683 -25.13572075 0.5801886894
684 -25.46214297 0.5741176924
685 -25.79918938 0.5678708966
686 -26.14734947 0.561442814
687 -26.50712223 0.5548282061
688 -26.8790133 0.548022174
689 -27.26353158 0.5410202609
690 -27.66118502 0.5338185654
691 -28.07247584 0.5264138661
692 -28.49789486 0.5188037577
693 -28.93791511 0.5109867944
694 -29.39298468 0.502962641
695 -29.86351878 0.4947322276
696 -30.34989115 0.4862979035
697 -30.85242497 0.4776635865
698 -31.37138331 0.4688349008
699 -31.90695943 0.4598192988
700 -32.45926722 0.4506261576
701 -33.02833196 0.4412668458
702 -33.61408187 0.4317547508
703 -34.21634085 0.4221052629
704 -34.83482261 0.4123357093
705 -35.4691268 0.4024652357
706 -36.11873734 0.3925146328
707 -36.78302321 0.3825061107
708 -37.46124201 0.3724630238
709 -38.15254626 0.3624095532
710 -38.85599241 0.352370357
711 -39.57055247 0.3423701983
712 -40.29512785 0.3324335653
713 -41.02856513 0.3225842965
714 -41.76967305 0.3128452248
715 -42.51724045 0.3032378532
716 -43.27005424 0.2937820713
717 -44.02691702 0.2844959241
718 -44.78666379 0.2753954341
719 -45.54817712 0.2664944842
720 -46.31040055 0.2578047561
721 -47.07234981 0.2493357257
722 -47.83312176 0.2410947077
723 -48.59190088 0.2330869442
724 -49.34796331 0.2253157294
725 -50.10067869 0.2177825628
726 -50.84950964 0.2104873228
727 -51.59400931 0.203428454
728 -52.33381716 0.1966031607
729 -53.06865302 0.1900076007
730 -53.79830993 0.1836370763
731 -54.52264572 0.1774862166
732 -55.24157368 0.1715491488
733 -55.95505247 0.1658196572
734 -56.66307552 0.1602913273
735 -57.36566001 0.1549576741
