0 -73.25773263 0.0686941583
1 -70.04699988 0.07937413464
2 -65.36093062 0.1001670678
3 -57.68688368 0.1424872978
4 -23.14044741 0.4235894262
5 39.00152929 0.9995230484
6 37.24445936 0.9999285319
7 34.53209592 0.9998836468
8 30.81548014 0.99977141
9 26.48758108 0.9994968388
10 21.98481054 0.9988619416
11 17.61176083 0.9975141636
12 13.53428139 0.9949325634
13 9.829117168 0.9905048181
14 6.52434002 0.9837125913
15 3.619685161 0.9743512497
16 1.095321586 0.9626429184
17 -1.082517308 0.9491615425
18 -2.955689024 0.9346309397
19 -4.568416777 0.9197272772
20 -5.962899278 0.9049682933
21 -7.176771444 0.8906906978
22 -8.242151522 0.8770781429
23 -9.185709159 0.8642045886
24 -10.02924544 0.8520739392
25 -10.79044842 0.8406496747
26 -11.48364217 0.8298746411
27 -12.12044965 0.8196832851
28 -12.71034562 0.8100087326
29 -13.26110328 0.800786591
30 -13.77914857 0.7919567698
31 -14.26983881 0.7834641523
32 -14.7376812 0.775258631
33 -15.18650411 0.767294813
34 -15.61959203 0.7595315728
35 -16.03979228 0.751931551
36 -16.44960003 0.7444606539
37 -16.85122652 0.7370875812
38 -17.24665422 0.7297833924
39 -17.63768191 0.7225211184
40 -18.02596175 0.7152754158
41 -18.41303012 0.7080222619
42 -18.80033344 0.7007386886
43 -19.18925009 0.6934025508
44 -19.58110899 0.6859923274
45 -19.97720561 0.6784869533
46 -20.37881568 0.6708656811
47 -20.78720692 0.6631079735
48 -21.20364909 0.6551934259
49 -21.62942227 0.6471017229
50 -22.06582354 0.6388126308
51 -22.5141719 0.6303060308
52 -22.97581128 0.6215619968
53 -23.45211149 0.6125609254
54 -23.9444668 0.6032837215
55 -24.45429175 0.593712048
56 -24.98301393 0.5838286433
57 -25.53206328 0.5736177111
58 -26.10285753 0.5630653844
59 -26.69678352 0.5521602592
60 -27.31517415 0.5408939934
61 -27.95928107 0.5292619533
62 -28.63024317 0.517263888
63 -29.32905164 0.5049046003
64 -30.0565125 0.4921945736
65 -30.813208 0.4791505099
66 -31.59945874 0.4657957242
67 -32.41528886 0.452160345
68 -33.2603967 0.4382812687
69 -34.13413361 0.4242018327
70 -35.03549342 0.4099711828
71 -35.96311449 0.3956433383
72 -36.91529573 0.3812759817
73 -37.89002697 0.3669290258
74 -38.88503275 0.3526630371
75 -39.89782785 0.3385376077
76 -40.92578133 0.3246097769
77 -41.96618578 0.3109325995
78 -43.01632726 0.2975539427
79 -44.07355224 0.2845155721
80 -45.13532758 0.2718525595
81 -46.19929076 0.2595930185
82 -47.2632881 0.2477581458
83 -48.3254001 0.2363625301
84 -49.38395343 0.2254146735
85 -50.43752046 0.2149176675
86 -51.48490738 0.204869964
87 -52.52513255 0.1952661871
88 -53.55739711 0.1860979397
89 -54.58104968 0.1773545686
90 -55.59554732 0.1690238599
91 -56.60041464 0.161092647
92 -57.59520312 0.1535473202
93 -58.57945232 0.1463742331
94 -59.5526549 0.1395600076
95 -60.51422698 0.133091741
96 -61.4634852 0.1269571253
97 -62.39963165 0.1211444891
98 -63.32174737 0.1156427752
99 -64.22879469 0.1104414703
100 -65.11962826 0.1055305007
101 -65.99301388 0.1009001103
102 -66.84765413 0.09654073552
103 -67.68221885 0.09244288845
104 -68.49537891 0.08859705899
105 -69.28584097 0.08499364156
106 -70.05238141 0.08162289029
107 -70.79387769 0.07847490265
108 -71.50933554 0.07553962959
109 -72.19791108 0.07280690796
110 -72.85892716 0.07026651
111 -73.49188377 0.0679082045
112 -74.09646248 0.06572182391
113 -74.6725257 0.06369733268
114 -75.22011098 0.06182489284
115 -75.73942151 0.06009492365
116 -76.23081349 0.05849815339
117 -76.69478123 0.05702566212
118 -77.13194083 0.05566891497
119 -77.54301309 0.05441978613
120 -77.92880638 0.05327057416
121 -78.29019982 0.0522140096
122 -78.62812735 0.05124325564
123 -78.94356277 0.05035190328
124 -79.23750613 0.04953396174
125 -79.51097152 0.04878384534
126 -79.76497626 0.04809635756
127 -80.00053157 0.04746667329
128 -80.2186346 0.04689031972
129 -80.42026185 0.04636315657
130 -80.60636372 0.04588135608
131 -80.77786025 0.04544138312
132 -80.93563781 0.04503997567
133 -81.08054674 0.04467412593
134 -81.21339969 0.04434106218
135 -81.33497066 0.04403823151
136 -81.44599461 0.04376328343
137 -81.54716753 0.04351405448
138 -81.63914687 0.04328855378
139 -81.72255234 0.04308494956
140 -81.79796695 0.04290155654
141 -81.86593814 0.04273682434
142 -81.92697921 0.0425893266
143 -81.98157076 0.04245775104
144 -82.03016214 0.0423408902
145 -82.07317309 0.04223763293
146 -82.11099524 0.04214695659
147 -82.14399369 0.04206791981
148 -82.17250852 0.04199965584
149 -82.19685631 0.04194136652
150 -82.21733155 0.04189231665
151 -82.23420804 0.04185182886
152 -82.24774027 0.0418192789
153 -82.2581646 0.04179409135
154 -82.26570056 0.0417757356
155 -82.27055195 0.04176372228
156 -82.27290791 0.04175759989
157 -82.27294396 0.04175695176
158 -82.27082296 0.04176139324
159 -82.26669598 0.04177056915
160 -82.26070317 0.0417841514
161 -82.25297451 0.04180183685
162 -82.24363057 0.04182334532
163 -82.23278318 0.04184841779
164 -82.22053608 0.04187681471
165 -82.20698547 0.04190831445
166 -82.19222059 0.04194271197
167 -82.17632426 0.04197981745
168 -82.15937327 0.04201945515
169 -82.1414389 0.04206146232
170 -82.12258728 0.04210568817
171 -82.10287978 0.04215199298
172 -82.08237336 0.04220024727
173 -82.06112089 0.04225033096
174 -82.03917145 0.04230213274
175 -82.01657063 0.04235554934
176 -81.99336072 0.04241048496
177 -81.96958103 0.04246685072
178 -81.94526806 0.04252456411
179 -81.9204557 0.04258354858
180 -81.89517545 0.04264373303
181 -78.31478133 0.0508070262
182 -73.66875647 0.06497158676
183 -67.30223606 0.08949525553
184 -45.46237046 0.204416159
185 39.77579414 0.9979730515
186 38.75730754 0.9999449786
187 37.20185533 0.9999278128
188 34.60735818 0.9998848832
189 31.09264682 0.9997816963
190 27.04671917 0.9995426398
191 22.86538635 0.9990211905
192 18.81469558 0.9979726248
193 15.03570684 0.9960514484
194 11.59208748 0.992858698
195 8.506867084 0.9880466599
196 5.780855234 0.9814468882
197 3.400160034 0.9731524127
198 1.339986386 0.9635018455
199 -0.4318195812 0.9529772249
200 -1.950946116 0.9420776172
201 -3.253176637 0.931225925
202 -4.371933974 0.9207284928
203 -5.336931828 0.9107761858
204 -6.173715193 0.9014663824
205 -6.903769895 0.8928299614
206 -7.544926622 0.8848550578
207 -8.111873974 0.8775049684
208 -8.616674543 0.8707304177
209 -9.069232846 0.8644773931
210 -9.477696509 0.8586918435
211 -9.848789255 0.8533222997
212 -10.18808209 0.8483211805
213 -10.50021175 0.8436453049
214 -10.78905582 0.8392559406
215 -11.05787275 0.8351186024
216 -11.30941393 0.831202724
217 -11.54601366 0.8274812819
218 -11.76966151 0.8239304124
219 -11.98206085 0.8205290451
220 -12.18467632 0.817258566
221 -12.37877265 0.8141025125
222 -12.56544634 0.8110463022
223 -12.74565189 0.8080769942
224 -12.92022342 0.8051830796
225 -13.08989271 0.8023542978
226 -13.25530417 0.7995814775
227 -13.41702751 0.7968563976
228 -13.57556834 0.794171666
229 -13.73137717 0.7915206143
230 -13.884857 0.7888972059
231 -14.0363699 0.7862959558
232 -14.1862425 0.7837118601
233 -14.33477083 0.7811403351
234 -14.48222443 0.7785771625
235 -14.62884991 0.7760184426
236 -14.77487407 0.7734605517
237 -14.92050658 0.7709001053
238 -15.06594241 0.7683339248
239 -15.21136385 0.7657590083
240 -15.35694239 0.763172504
241 -15.50284038 0.7605716864
242 -15.64921245 0.757953935
243 -15.79620684 0.7553167149
244 -15.94396662 0.7526575586
245 -16.09263072 0.7499740501
246 -16.24233495 0.7472638092
247 -16.39321291 0.7445244778
248 -16.54539682 0.7417537067
249 -16.69901837 0.7389491426
250 -16.85420938 0.7361084164
251 -17.01110263 0.7332291318
252 -17.16983245 0.7303088541
253 -17.33053549 0.7273450994
254 -17.49335128 0.7243353239
255 -17.65842299 0.7212769132
256 -17.82589797 0.7181671724
257 -17.99592852 0.7150033151
258 -18.16867243 0.7117824532
259 -18.34429376 0.7085015864
260 -18.52296344 0.7051575913
261 -18.70486005 0.701747211
262 -18.89017046 0.6982670439
263 -19.07909066 0.6947135331
264 -19.27182647 0.6910829548
265 -19.46859438 0.6873714077
266 -19.66962234 0.6835748019
267 -19.87515067 0.6796888475
268 -20.08543286 0.6757090442
269 -20.30073656 0.6716306711
270 -20.52134444 0.6674487764
271 -20.74755517 0.663158169
272 -20.97968436 0.6587534101
273 -21.21806551 0.6542288072
274 -21.46305096 0.6495784093
275 -21.71501278 0.6447960048
276 -21.97434366 0.6398751224
277 -22.24145767 0.6348090355
278 -22.516791 0.6295907711
279 -22.80080246 0.6242131244
280 -23.09397393 0.6186686795
281 -23.39681044 0.6129498377
282 -23.70984012 0.6070488552
283 -24.03361368 0.6009578907
284 -24.36870351 0.5946690646
285 -24.71570234 0.588174532
286 -25.07522119 0.5814665708
287 -25.44788673 0.5745376848
288 -25.83433778 0.5673807264
289 -26.23522099 0.5599890361
290 -26.65118541 0.5523566023
291 -27.08287611 0.5444782396
292 -27.53092653 0.5363497857
293 -27.99594969 0.5279683146
294 -28.47852813 0.5193323622
295 -28.9792027 0.5104421617
296 -29.49846023 0.5012998802
297 -30.0367203 0.4919098507
298 -30.59432129 0.4822787887
299 -31.17150612 0.4724159835
300 -31.76840805 0.4623334515
301 -32.38503713 0.4520460402
302 -33.02126773 0.4415714696
303 -33.67682798 0.4309303009
304 -34.35129161 0.420145824
305 -35.04407287 0.4092438576
306 -35.75442514 0.3982524612
307 -36.48144352 0.3872015627
308 -37.2240718 0.3761225097
309 -37.9811138 0.3650475593
310 -38.75124889 0.354009324
311 -39.53305132 0.3430401959
312 -40.32501272 0.332171773
313 -41.12556691 0.3214343106
314 -41.93311615 0.3108562217
315 -42.74605773 0.3004636438
316 -43.56280992 0.2902800885
317 -44.38183644 0.2803261824
318 -45.20166839 0.2706195024
319 -46.02092329 0.2611745065
320 -46.8383206 0.2520025509
321 -47.65269349 0.2431119854
322 -48.46299687 0.234508314
323 -49.26831177 0.2261944077
324 -50.06784624 0.2181707536
325 -50.86093325 0.2104357287
326 -51.6470258 0.2029858854
327 -52.42568985 0.195816238
328 -53.19659536 0.1889205417
329 -53.95950592 0.1822915578
330 -54.71426728 0.1759213003
331 -55.46079522 0.1698012594
332 -56.19906294 0.1639226025
333 -56.92908827 0.1582763499
334 -57.65092099 0.1528535254
335 -58.36463038 0.1476452842
336 -59.07029321 0.1426430174
337 -59.76798243 0.1378384346
338 -60.45775657 0.1332236273
339 -61.1396502 0.1287911134
340 -61.81366545 0.1245338648
341 -62.4797649 0.1204453198
342 -63.13786582 0.116519382
343 -63.78783607 0.1127504066
344 -64.42949159 0.1091331776
345 -65.06259563 0.1056628753
346 -65.68685977 0.1023350377
347 -66.30194657 0.09914551767
348 -66.90747391 0.09609043631
349 -67.50302078 0.09316613576
350 -68.08813436 0.09036913266
351 -68.66233816 0.0876960737
352 -69.2251409 0.08514369474
353 -69.77604586 0.08270878458
354 -70.31456044 0.08038815418
355 -70.84020552 0.07817861177
356 -71.35252442 0.07607694403
357 -71.85109117 0.07407990345
358 -72.33551795 0.07218420119
359 -72.80546136 0.07038650529
360 -73.26062765 0.06868344331
361 -70.04983361 0.07936230368
362 -65.36385667 0.1001522444
363 -57.69038525 0.1424641298
364 -23.14646362 0.4235087662
365 39.00217663 0.999522966
366 37.24513189 0.9999285404
367 34.53311471 0.9998836682
368 30.8167445 0.9997714627
369 26.48893332 0.9994969629
370 21.98612805 0.9988622124
371 17.61297777 0.9975147
372 13.53537326 0.9949335184
373 9.830082066 0.9905063452
374 6.525187068 0.9837147956
375 3.620428843 0.9743541527
376 1.095978896 0.9626464614
377 -1.08192877 0.9491656242
378 -2.955152501 0.9346354608
379 -4.567917309 0.919732167
380 -5.962424129 0.9049735166
381 -7.17631011 0.8906962495
382 -8.241695506 0.8770840376
383 -9.185251638 0.8642108522
384 -10.02878094 0.8520806029
385 -10.78997249 0.8406567712
386 -11.48315118 0.8298822029
387 -12.11994055 0.8196913435
388 -12.7098158 0.8100173178
389 -13.26055044 0.8007957322
390 -13.77857061 0.7919664956
391 -14.26923381 0.7834744912
392 -14.73704728 0.7752696114
393 -15.18583945 0.7673064644
394 -15.6188948 0.7595439254
395 -16.03906062 0.7519446365
396 -16.44883201 0.7444745057
397 -16.85042011 0.7371022346
398 -17.24580729 0.729798885
399 -17.63679218 0.7225374905
400 -18.0250268 0.7152927101
401 -18.41204733 0.7080405245
402 -18.79930002 0.7007579687
403 -19.18816301 0.6934229011
404 -19.57996501 0.6860138041
405 -19.97600121 0.6785096165
406 -20.37754708 0.6708895947
407 -20.78587005 0.6631332052
408 -21.20223956 0.6552200472
409 -21.6279354 0.6471298089
410 -22.0642543 0.6388422602
411 -22.51251491 0.6303372848
412 -22.97406085 0.6215949593
413 -23.45026161 0.6125956813
414 -23.94251114 0.6033203559
415 -24.4522237 0.5937506448
416 -24.98082667 0.5838692831
417 -25.52974982 0.5736604694
418 -26.10041078 0.5631103284
419 -26.69419641 0.5522074454
420 -27.31243979 0.540943464
421 -27.95639282 0.5293137324
422 -28.62719489 0.5173179784
423 -29.32583785 0.5049609792
424 -30.05312857 0.4922531893
425 -30.80965038 0.4792112787
426 -31.59572516 0.4658585283
427 -32.41137853 0.452225031
428 -33.25631047 0.4383476479
429 -34.12987409 0.4242696824
430 -35.03106503 0.4100402495
431 -35.95852346 0.3957133428
432 -36.91055006 0.3813466249
433 -37.88513622 0.3669999961
434 -38.88000788 0.3527340187
435 -39.89268087 0.3386082885
436 -40.92052505 0.3246798568
437 -41.9608334 0.3110017978
438 -43.01089206 0.2976220038
439 -44.06804721 0.2845822703
440 -45.12976517 0.2719177021
441 -46.19368256 0.2596564469
442 -47.25764474 0.2478197355
443 -48.31973105 0.236422189
444 -49.378267 0.2254723397
445 -50.43182381 0.2149733056
446 -51.47920656 0.2049235616
447 -52.51943267 0.1953177505
448 -53.55170248 0.1861474903
449 -54.57536401 0.1774021387
450 -55.58987394 0.1690694897
451 -56.59475674 0.1611363815
452 -57.58956396 0.1535892064
453 -58.57383546 0.1464143186
454 -59.54706439 0.1395983388
455 -60.50866751 0.1331283622
456 -61.45796224 0.1269920785
457 -62.39415151 0.1211778137
458 -63.31631719 0.1156745086
459 -64.22342246 0.1104716482
460 -65.11432268 0.1055591579
461 -65.98778427 0.1009272814
462 -66.8425102 0.09656645575
463 -67.67717054 0.0924671944
464 -68.49043614 0.08861998908
465 -69.28101341 0.08501523642
466 -70.04767829 0.08164319293
467 -70.78930756 0.07849395854
468 -71.50490613 0.07555748644
469 -72.19362913 0.07282361542
470 -72.85479834 0.07028211933
471 -73.48791258 0.06792276805
472 -74.09265228 0.06573539463
473 -74.66887864 0.06370996368
474 -75.21662807 0.06183663685
475 -75.73610269 0.06010583262
476 -76.2276577 0.05850827811
477 -76.69178647 0.0570350519
478 -77.1291043 0.05567761735
479 -77.54033129 0.05442784672
480 -77.92627518 0.05327803648
481 -78.28781461 0.05222091498
482 -78.62588312 0.05124964317
483 -78.94145418 0.05035780981
484 -79.23552766 0.04953942189
485 -79.50911747 0.04878889154
486 -79.76324087 0.04810102014
487 -79.99890907 0.04747098052
488 -80.21711926 0.04689429794
489 -80.41884801 0.04636683025
490 -80.60504583 0.04588474795
491 -80.77663293 0.04544451424
492 -80.93449584 0.04504286555
493 -81.07948509 0.04467679265
494 -81.21241352 0.04434352245
495 -81.33405536 0.04404050077
496 -81.44514577 0.04376537595
497 -81.54638095 0.04351598346
498 -81.63841858 0.0432903314
499 -81.72187859 0.04308658705
500 -81.79734418 0.04290306429
501 -81.86536302 0.04273821193
502 -81.92644859 0.04259060288
503 -81.98108167 0.04245892417
504 -82.02971182 0.04234196771
505 -82.07275894 0.0422386218
506 -82.11061482 0.04214786324
507 -82.14364472 0.04206875016
508 -82.17218888 0.04200041539
509 -82.19656401 0.04194206034
510 -82.21706474 0.04189294941
511 -82.23396499 0.04185240489
512 -82.24751936 0.04181980221
513 -82.25796433 0.04179456563
514 -82.26551954 0.04177616427
515 -82.27038887 0.04176410852
516 -82.27276155 0.04175794662
517 -82.2728132 0.0417572617
518 -82.27070674 0.0417616689
519 -82.26659333 0.04177081285
520 -82.26061317 0.04178436531
521 -82.25289632 0.04180202297
522 -82.2435634 0.04182350551
523 -82.2327263 0.04184855376
524 -82.2204888 0.04187692805
525 -82.20694715 0.04190840666
526 -82.19219066 0.04194278442
527 -82.17630215 0.04197987141
528 -82.15935847 0.04201949182
529 -82.14143094 0.0420614828
530 -82.12258571 0.04210569348
531 -82.10288418 0.04215198408
532 -82.08238335 0.04220022505
533 -82.06113611 0.04225029624
534 -82.03919158 0.0423020863
535 -82.01659534 0.04235549188
536 -81.99338972 0.04241041716
537 -81.96961406 0.0424667732
538 -81.94530486 0.04252447745
539 -81.92049604 0.04258345332
540 -81.89521911 0.04264362967
