0 -77.82026499 0.0535556335
1 -78.08276668 0.05278364876
2 -78.33139387 0.05206175545
3 -78.56656237 0.05138716648
4 -78.7887054 0.05075721222
5 -78.99826923 0.05016934175
6 -79.19570915 0.04962112296
7 -79.38148587 0.0491102417
8 -79.55606219 0.04863450006
9 -79.71990008 0.04819181396
10 -79.87345805 0.04778021017
11 -80.01718895 0.04739782291
12 -80.15153796 0.04704289013
13 -80.27694098 0.04671374953
14 -80.39382327 0.0464088344
15 -80.50259833 0.0461266694
16 -80.60366699 0.04586586631
17 -80.69741677 0.04562511977
18 -80.78422134 0.04540320306
19 -80.86444024 0.04519896396
20 -80.93841868 0.04501132076
21 -81.00648746 0.04483925835
22 -81.06896304 0.04468182444
23 -81.12614766 0.04453812597
24 -81.17832957 0.0444073256
25 -81.22578331 0.04428863846
26 -81.26877003 0.04418132895
27 -81.30753787 0.04408470778
28 -81.34232236 0.04399812913
29 -81.37334685 0.04392098793
30 -81.40082299 0.04385271739
31 -81.4249511 0.04379278655
32 -81.44592075 0.04374069802
33 -81.46391113 0.04369598592
34 -81.47909155 0.04365821382
35 -81.49162192 0.0436269729
36 -81.50165314 0.04360188018
37 -81.50932761 0.04358257688
38 -81.5147796 0.04356872684
39 -81.5181357 0.04356001511
40 -81.51951519 0.04355614658
41 -81.51903041 0.04355684478
42 -81.51678675 0.04356185146
43 -81.5128797 0.04357093208
44 -81.50736532 0.04358393472
45 -81.49999153 0.04360132945
46 -81.48777292 0.04362908088
47 -81.44313284 0.04372264269
48 -81.11699912 0.04438778754
49 -78.2698436 0.05054272923
50 -53.2169159 0.1429776828
51 33.92971228 0.9891029705
52 38.60371555 0.9999406135
53 37.58689276 0.9999322948
54 35.44265252 0.9999006841
55 32.43153471 0.9998282005
56 28.86022227 0.9996696086
57 25.04922908 0.9993370483
58 21.2376625 0.9986776538
59 17.57456445 0.997456832
60 14.14559855 0.9953648928
61 10.9979862 0.9920650507
62 8.15487898 0.9872828063
63 5.62206078 0.9809039435
64 3.391471188 0.9730289656
65 1.444344178 0.963952237
66 -0.2452323265 0.9540806958
67 -1.706711899 0.9438374635
68 -2.970064202 0.9335896492
69 -4.063674015 0.9236140763
70 -5.01315955 0.9140940812
71 -5.840903933 0.9051335815
72 -6.566049598 0.8967768535
73 -7.204746845 0.8890273361
74 -7.770512909 0.8818627548
75 -8.274615339 0.8752461528
76 -8.7264342 0.8691334095
77 -9.133783076 0.8634780879
78 -9.503183215 0.8582343947
79 -9.840092503 0.8533588679
80 -10.14909418 0.8488112399
81 -10.43405117 0.8445547838
82 -10.69823184 0.840556349
83 -10.94441236 0.8367862183
84 -11.17495998 0.8332178711
85 -11.39190104 0.829827706
86 -11.59697657 0.8265947519
87 -11.79168783 0.8235003876
88 -11.97733398 0.8205280795
89 -12.15504302 0.8176631399
90 -12.32579764 0.8148925101
91 -12.49045663 0.8122045667
92 -12.64977286 0.8095889489
93 -12.80440834 0.8070364071
94 -12.95494694 0.8045386688
95 -13.10190513 0.8020883213
96 -13.24574111 0.7996787086
97 -13.3868626 0.7973038408
98 -13.52563346 0.7949583147
99 -13.66237941 0.7926372439
100 -13.79739292 0.7903361977
101 -13.93093747 0.788051147
102 -14.06325119 0.7857784166
103 -14.19455004 0.7835146437
104 -14.32503059 0.7812567403
105 -14.45487244 0.7790018607
106 -14.58424032 0.7767473721
107 -14.71328599 0.7744908291
108 -14.8421498 0.7722299503
109 -14.97096222 0.7699625976
110 -15.09984509 0.7676867582
111 -15.22891273 0.7654005276
112 -15.358273 0.7631020948
113 -15.48802819 0.7607897289
114 -15.61827585 0.7584617666
115 -15.74910951 0.7561166015
116 -15.88061936 0.7537526733
117 -16.01289288 0.7513684591
118 -16.14601536 0.7489624641
119 -16.28007046 0.7465332139
120 -16.41514064 0.7440792469
121 -16.55130766 0.7415991075
122 -16.68865295 0.7390913388
123 -16.82725805 0.736554477
124 -16.96720495 0.7339870448
125 -17.1085765 0.7313875456
126 -17.2514567 0.7287544581
127 -17.39593111 0.7260862303
128 -17.54208715 0.7233812742
129 -17.69001445 0.7206379606
130 -17.83980519 0.7178546133
131 -17.9915544 0.7150295039
132 -18.14536037 0.7121608465
133 -18.30132494 0.7092467919
134 -18.45955386 0.7062854224
135 -18.62015717 0.7032747458
136 -18.78324959 0.7002126899
137 -18.94895088 0.6970970968
138 -19.11738622 0.6939257166
139 -19.2886867 0.6906962016
140 -19.46298968 0.6874060998
141 -19.64043929 0.6840528491
142 -19.82118688 0.6806337705
143 -20.0053915 0.6771460619
144 -20.19322044 0.6735867917
145 -20.38484975 0.669952892
146 -20.58046476 0.6662411527
147 -20.78026071 0.6624482148
148 -20.98444327 0.6585705649
149 -21.1932292 0.6546045294
150 -21.40684693 0.6505462692
151 -21.62553721 0.6463917754
152 -21.84955372 0.6421368656
153 -22.07916369 0.6377771813
154 -22.31464855 0.6333081869
155 -22.55630449 0.6287251699
156 -22.80444304 0.6240232435
157 -23.05939156 0.6191973514
158 -23.3214937 0.6142422759
159 -23.59110975 0.6091526492
160 -23.86861688 0.6039229687
161 -24.15440923 0.5985476171
162 -24.44889782 0.5930208884
163 -24.75251028 0.5873370196
164 -25.06569024 0.58149023
165 -25.38889651 0.5754747681
166 -25.72260182 0.5692849676
167 -26.06729116 0.562915313
168 -26.42345967 0.5563605157
169 -26.79160995 0.5496156012
170 -27.17224881 0.5426760077
171 -27.56588326 0.5355376961
172 -27.97301596 0.5281972721
173 -28.39413974 0.520652118
174 -28.82973145 0.5129005346
175 -29.28024504 0.5049418898
176 -29.74610379 0.496776772
177 -30.22769198 0.4884071445
178 -30.72534591 0.4798364955
179 -31.23934447 0.4710699795
180 -31.76989951 0.4621145434
181 -32.31714626 0.45297903
182 -32.88113396 0.4436742534
183 -33.46181724 0.434213037
184 -34.05904849 0.42461021
185 -34.67257162 0.4148825555
186 -35.30201764 0.4050487064
187 -35.94690233 0.395128988
188 -36.60662642 0.3851452063
189 -37.2804783 0.3751203872
190 -37.96763958 0.3650784705
191 -38.66719337 0.3550439691
192 -39.37813516 0.3450416034
193 -40.09938605 0.3350959232
194 -40.82980798 0.3252309318
195 -41.56822042 0.3154697249
196 -42.31341799 0.3058341573
197 -43.06418848 0.2963445484
198 -43.81933053 0.2870194367
199 -44.57767061 0.2778753877
200 -45.3380786 0.2689268595
201 -46.09948169 0.260186127
202 -46.86087617 0.2516632612
203 -47.62133703 0.2433661609
204 -48.38002508 0.2353006288
205 -49.13619172 0.2274704871
206 -49.88918133 0.2198777223
207 -50.63843142 0.2125226537
208 -51.38347078 0.2054041165
209 -52.12391564 0.1985196532
210 -52.85946435 0.1918657081
211 -53.5898905 0.1854378179
212 -54.31503488 0.1792307965
213 -55.03479644 0.1732389093
214 -55.74912246 0.1674560352
215 -56.45799808 0.1618758144
216 -57.16143544 0.1564917816
217 -57.85946253 0.1512974819
218 -58.55211209 0.1462865722
219 -59.2394106 0.1414529052
220 -59.9213676 0.1367905971
221 -60.59796575 0.1322940802
222 -61.26915153 0.1279581388
223 -61.9348272 0.1237779317
224 -62.59484387 0.1197489986
225 -63.24899627 0.1158672553
226 -63.89701914 0.1121289758
227 -64.53858553 0.108530764
228 -65.17330706 0.1050695176
229 -65.80073623 0.101742384
230 -66.42037069 0.09854671288
231 -67.03165937 0.09548000496
232 -67.63401028 0.0925398616
233 -68.22679974 0.08972393551
234 -68.8093827 0.08702988531
235 -69.38110377 0.0844553352
236 -69.94130868 0.08199784106
237 -70.48935562 0.0796548636
238 -71.02462629 0.0774237492
239 -71.54653615 0.07530171821
240 -72.05454371 0.07328586051
241 -72.54815861 0.07137313761
242 -73.02694826 0.06956039047
243 -73.49054307 0.06784435208
244 -73.93864016 0.06622166366
245 -74.3710055 0.06468889355
246 -74.78747479 0.06324255762
247 -75.18795291 0.06187914048
248 -75.57241227 0.0605951166
249 -75.94089014 0.05938697059
250 -76.29348519 0.05825121644
251 -76.63035328 0.05718441496
252 -76.95170288 0.05618318948
253 -77.25778999 0.05524423951
254 -77.54891304 0.05436435231
255 -77.82540758 0.05354041246
256 -78.08764106 0.05276940955
257 -78.33600775 0.05204844385
258 -78.57092386 0.05137473052
259 -78.79282289 0.05074560219
260 -79.0021513 0.05015851018
261 -79.19936454 0.04961102466
262 -79.38492338 0.0491008337
263 -79.55929065 0.04862574159
264 -79.72292825 0.04818366637
265 -79.87629463 0.04777263691
266 -80.01984249 0.04739078943
267 -80.15401686 0.04703636383
268 -80.27925345 0.04670769965
269 -80.3959773 0.04640323197
270 -80.50460168 0.04612148715
271 -80.60552718 0.04586107861
272 -80.69914104 0.04562070249
273 -80.78581668 0.04539913354
274 -80.86591337 0.04519522093
275 -80.93977605 0.04500788426
276 -81.00773522 0.04483610964
277 -81.07010709 0.04467894595
278 -81.12719363 0.04453550121
279 -81.17928282 0.04440493913
280 -81.22664894 0.04428647579
281 -81.26955289 0.04417937651
282 -81.30824257 0.04408295286
283 -81.34295328 0.04399655981
284 -81.37390813 0.04391959307
285 -81.40131855 0.04385148651
286 -81.42538467 0.04379170985
287 -81.44629582 0.04373976634
288 -81.46423103 0.04369519066
289 -81.47935942 0.04365754693
290 -81.49184072 0.04362642684
291 -81.50182566 0.04360144788
292 -81.50945649 0.04358225172
293 -81.51486733 0.04356850262
294 -81.51818461 0.04355988601
295 -81.5195275 0.04355610716
296 -81.5190082 0.04355688993
297 -81.51673197 0.0435619764
298 -81.51279418 0.04357113233
299 -81.5072508 0.04358420612
300 -81.49984946 0.0436016684
301 -81.48760319 0.04362948704
302 -81.44292167 0.0437231438
303 -81.11660623 0.04438867553
304 -78.26796053 0.05054712928
305 -53.20212862 0.1430574714
306 33.93446073 0.9891255598
307 38.60371771 0.9999406177
308 37.58659899 0.9999322913
309 35.4422141 0.9999006761
310 32.43104702 0.9998281849
311 28.85978583 0.9996695813
312 25.04891638 0.9993370083
313 21.23751054 0.9986776126
314 17.57458333 0.99745683
315 14.14578173 0.9953650196
316 10.99831783 0.9920654586
317 8.155338737 0.9872837037
318 5.622627146 0.9809055631
319 3.392123874 0.9730315196
320 1.445065686 0.9639558793
321 -0.2444559848 0.9540855075
322 -1.705891185 0.9438434605
323 -2.969206499 0.933596801
324 -4.062784261 0.9236223269
325 -5.012240878 0.9141033647
326 -5.839958221 0.9051438323
327 -6.565077896 0.8967880116
328 -7.203749681 0.8890393487
329 -7.769490509 0.8818755766
330 -8.273567766 0.8752597455
331 -8.725361446 0.8691477401
332 -9.13268512 0.8634931284
333 -9.502060052 0.8582501207
334 -9.838944165 0.8533752581
335 -10.14792074 0.8488282754
336 -10.43285273 0.8445724476
337 -10.69700856 0.8405746258
338 -10.94316442 0.836805094
339 -11.17368759 0.833237333
340 -11.39060443 0.8298477423
341 -11.59565597 0.8266153516
342 -11.7903435 0.8235215408
343 -11.97596616 0.820549777
344 -12.15365197 0.8176853732
345 -12.32438359 0.8149152715
346 -12.48901982 0.8122278492
347 -12.6483135 0.8096127463
348 -12.80292662 0.8070607137
349 -12.95344305 0.8045634797
350 -13.10037922 0.8021136322
351 -13.24419332 0.799704516
352 -13.38529304 0.7973301417
353 -13.52404221 0.7949851068
354 -13.66076652 0.7926645256
355 -13.79575842 0.7903639681
356 -13.92928137 0.7880794056
357 -14.06157344 0.7858071638
358 -14.19285059 0.7835438804
359 -14.32330934 0.7812864681
360 -14.45312927 0.7790320818
361 -14.58247508 0.7767780895
362 -14.71149848 0.7745220463
363 -14.8403398 0.7722616714
364 -14.96912948 0.7699948275
365 -15.09798931 0.7677195024
366 -15.22703359 0.7654337922
367 -15.35637014 0.7631358868
368 -15.48610121 0.7608240558
369 -15.6163243 0.7584966367
370 -15.74713293 0.7561520239
371 -15.87861723 0.7537886578
372 -16.01086463 0.7514050161
373 -16.14396041 0.748999605
374 -16.27798814 0.7465709508
375 -16.41303028 0.7441175929
376 -16.54916851 0.7416380763
377 -16.68648424 0.7391309453
378 -16.82505893 0.7365947369
379 -16.96497453 0.7340279748
380 -17.10631382 0.7314291634
381 -17.24916077 0.7287967823
382 -17.39360086 0.7261292808
383 -17.53972144 0.7234250721
384 -17.68761209 0.7206825281
385 -17.8373649 0.7178999738
386 -17.98907484 0.7150756823
387 -18.14284012 0.7122078689
388 -18.29876248 0.709294686
389 -18.45694759 0.7063342173
390 -18.61750542 0.7033244722
391 -18.78055056 0.7002633804
392 -18.94620267 0.6971487854
393 -19.11458685 0.6939784394
394 -19.28583404 0.6907499964
395 -19.4600815 0.6874610067
396 -19.63747322 0.6841089102
397 -19.81816041 0.6806910301
398 -20.00230199 0.6772045666
399 -20.19006508 0.6736465905
400 -20.38162557 0.6700140364
401 -20.57716864 0.6663036969
402 -20.77688932 0.6625122157
403 -20.98099311 0.6586360822
404 -21.18969656 0.6546716255
405 -21.4032279 0.6506150098
406 -21.62182765 0.6464622289
407 -21.84574925 0.6422091037
408 -22.0752597 0.6378512788
409 -22.31064019 0.6333842217
410 -22.55218663 0.6288032229
411 -22.80021028 0.6241033986
412 -23.05503823 0.6192796956
413 -23.31701384 0.614326899
414 -23.58649711 0.6092396432
415 -23.86386492 0.6040124281
416 -24.1495111 0.5986396381
417 -24.4438464 0.5931155686
418 -24.74729815 0.5874344574
419 -25.06030972 0.5815905238
420 -25.38333966 0.5755780153
421 -25.71686047 0.5693912638
422 -26.06135694 0.5630247507
423 -26.41732407 0.556473183
424 -26.78526434 0.54973158
425 -27.1656845 0.542795372
426 -27.55909161 0.5356605102
427 -27.96598844 0.5283235882
428 -28.38686802 0.520781974
429 -28.82220755 0.5130339514
430 -29.27246139 0.505078869
431 -29.73805344 0.4969172931
432 -30.21936871 0.4885511622
433 -30.71674437 0.4799839373
434 -31.23046039 0.4712207434
435 -31.76072984 0.4622684957
436 -32.30768933 0.4531360041
437 -32.87138964 0.4438340483
438 -33.45178709 0.4343754174
439 -34.04873587 0.4247749065
440 -34.66198178 0.415049266
441 -35.29115778 0.4052170982
442 -35.93578165 0.395298701
443 -36.59525605 0.385315857
444 -37.26887127 0.3752915736
445 -37.95581067 0.3652497776
446 -38.65515898 0.355214975
447 -39.36591308 0.3452118855
448 -40.08699522 0.335265065
449 -40.81726823 0.3253985291
450 -41.55555217 0.3156353917
451 -42.30064193 0.3059975311
452 -43.05132526 0.2965052953
453 -43.80640051 0.2871772549
454 -44.56469352 0.2780300102
455 -45.32507332 0.2690780561
456 -46.08646601 0.2603337051
457 -46.84786662 0.2518070659
458 -47.60834874 0.2435060735
459 -48.36707167 0.235436566
460 -49.12328522 0.2276023981
461 -49.87633218 0.2200055864
462 -50.62564849 0.2126464772
463 -51.37076139 0.2055239295
464 -52.11128567 0.1986355064
465 -52.84691832 0.1919776694
466 -53.57743172 0.1855459692
467 -54.30266557 0.1793352305
468 -55.02251791 0.1733397268
469 -55.73693529 0.1675533424
470 -56.44590228 0.1619697206
471 -57.14943065 0.1565823965
472 -57.84754823 0.1513849145
473 -58.54028778 0.1463709288
474 -59.22767594 0.1415342881
475 -59.90972268 0.1368691036
476 -60.58641116 0.132369802
477 -61.2576886 0.1280311613
478 -61.92345804 0.1238483336
479 -62.58357155 0.1198168525
480 -63.23782486 0.1159326271
481 -63.88595376 0.1121919257
482 -64.52763236 0.1085913469
483 -65.16247334 0.1051277835
484 -65.79003018 0.1017983794
485 -66.40980144 0.09860048087
486 -67.02123681 0.09553158673
487 -67.62374495 0.092589297
488 -68.21670263 0.08977126395
489 -68.79946508 0.08707514649
490 -69.371377 0.08449856975
491 -69.931784 0.08203909107
492 -70.48004398 0.07969417302
493 -71.01553813 0.07746116409
494 -71.53768124 0.07533728691
495 -72.04593103 0.07331963363
496 -72.53979619 0.07140516796
497 -73.01884309 0.06959073286
498 -73.48270102 0.06787306309
499 -73.93106591 0.06624880133
500 -74.36370257 0.06471451704
501 -74.78044548 0.06326672684
502 -75.18119833 0.06190191574
503 -75.5659324 0.06061655822
504 -75.93468386 0.05940713859
505 -76.28755036 0.05827017019
506 -76.62468683 0.05720221293
507 -76.94630083 0.05619988895
508 -77.25264762 0.05525989637
509 -77.54402492 0.05437902086
510 -77.82076769 0.0535541453
511 -78.08324288 0.05278225741
512 -78.33184434 0.05206045554
513 -78.56698793 0.05138595287
514 -78.78910688 0.05075607999
515 -78.99864748 0.05016828619
516 -79.19606504 0.0496201396
517 -79.38182028 0.0491093263
518 -79.55637599 0.0486336486
519 -79.72019414 0.04819102261
520 -79.87373324 0.04777947533
521 -80.0174461 0.04739714117
522 -80.15177791 0.04704225828
523 -80.27716454 0.04671316453
524 -80.39403124 0.04640829339
525 -80.50279146 0.0461261697
526 -80.60384603 0.0458654054
527 -80.69758243 0.04562469526
528 -80.78437432 0.04540281272
529 -80.8645812 0.0451986057
530 -80.93854825 0.04501099262
531 -81.00660625 0.04483895849
532 -81.06907163 0.04468155113
533 -81.1262466 0.04453787758
534 -81.1784194 0.04440710061
535 -81.22586452 0.04428843545
536 -81.2688431 0.04418114659
537 -81.30760326 0.04408454482
538 -81.3423805 0.04399798439
539 -81.37339815 0.04392086033
540 -81.40086782 0.04385260589
541 -81.42498985 0.04379269018
542 -81.44595375 0.04374061589
543 -81.46393871 0.04369591719
544 -81.47911402 0.04365815769
545 -81.49163956 0.04362692864
546 -81.50166624 0.04360184709
547 -81.50933642 0.04358255431
548 -81.51478437 0.04356871418
549 -81.51813666 0.04356001179
550 -81.51951256 0.04355615206
551 -81.51902439 0.04355685857
552 -81.51677753 0.04356187308
553 -81.51286746 0.0435709611
554 -81.50735023 0.04358397073
555 -81.49997374 0.04360137209
556 -81.48775242 0.0436291301
557 -81.4431084 0.04372270101
558 -81.1169579 0.04438788179
559 -78.26966538 0.05054314785
560 -53.21554788 0.1429850668
561 33.93015148 0.9891050608
562 38.60371622 0.9999406139
563 37.58686669 0.9999322945
564 35.44261413 0.9999006834
565 32.43149321 0.9998281991
566 28.86018718 0.9996696063
567 25.04920715 0.9993370454
568 21.23765706 0.998677652
569 17.57457625 0.9974568362
570 14.14562674 0.9953649134
571 10.99802904 0.9920651043
572 8.154934328 0.9872829153
573 5.622126401 0.9809041321
574 3.391545009 0.9730292555
575 1.444424441 0.9639526433
576 -0.245147003 0.9540812257
577 -1.706622523 0.9438381177
578 -2.969971464 0.9335904235
579 -4.063578358 0.9236149643
580 -5.013061235 0.9140950756
581 -5.840803101 0.9051346752
582 -6.565946312 0.8967780403
583 -7.20464112 0.8890286104
584 -7.770404736 0.8818641119
585 -8.274504697 0.875247589
586 -8.726321065 0.8691349213
587 -9.133667427 0.8634796726
588 -9.503065034 0.8582360498
589 -9.839971781 0.8533605913
590 -10.14897091 0.8488130297
591 -10.43392535 0.8445566384
592 -10.69810349 0.8405582669
593 -10.94428148 0.836788198
594 -11.1748266 0.8332199115
595 -11.39176517 0.8298298058
596 -11.59683822 0.82659691
597 -11.79154704 0.8235026032
598 -11.97719076 0.8205303515
599 -12.1548974 0.8176654675
600 -12.32564964 0.8148948926
601 -12.49030627 0.8122070033
602 -12.64962016 0.8095914391
603 -12.80425332 0.8070389502
604 -12.95478962 0.8045412643
605 -13.10174552 0.8020909689
606 -13.24557923 0.7996814079
607 -13.38669846 0.7973065915
608 -13.52546706 0.7949611165
609 -13.66221075 0.7926400968
610 -13.79722202 0.7903391015
611 -13.93076432 0.7880541017
612 -14.06307578 0.7857814223
613 -14.19437237 0.7835177004
614 -14.32485065 0.7812598482
615 -14.45469021 0.77900502
616 -14.5840558 0.7767505832
617 -14.71309913 0.7744940924
618 -14.8419606 0.7722332661
619 -14.97077065 0.7699659666
620 -15.09965111 0.7676901808
621 -15.22871632 0.7654040045
622 -15.35807411 0.7631056268
623 -15.48782679 0.7607933167
624 -15.61807188 0.7584654111
625 -15.74890293 0.7561203036
626 -15.88041012 0.7537564342
627 -16.01268091 0.7513722797
628 -16.14580061 0.7489663456
629 -16.27985285 0.7465371576
630 -16.41492011 0.7440832542
631 -16.55108412 0.7416031798
632 -16.68842633 0.7390954777
633 -16.82702825 0.7365586841
634 -16.96697189 0.7339913218
635 -17.10834007 0.7313918944
636 -17.2512168 0.7287588806
637 -17.39568763 0.7260907285
638 -17.54183997 0.7233858505
639 -17.68976345 0.7206426171
640 -17.83955023 0.7178593526
641 -17.99129535 0.7150343285
642 -18.14509708 0.7121657592
643 -18.30105724 0.7092517955
644 -18.45928159 0.7062905199
645 -18.61988016 0.7032799405
646 -18.78296765 0.7002179851
647 -18.94866381 0.6971024961
648 -19.11709382 0.6939312238
649 -19.28838874 0.6907018205
650 -19.46268594 0.6874118346
651 -19.64012952 0.6840587042
652 -19.82087081 0.6806397505
653 -20.00506886 0.6771521717
654 -20.19289094 0.6735930364
655 -20.38451308 0.6699592769
656 -20.5801206 0.6662476834
657 -20.7799087 0.6624548972
658 -20.98408306 0.6585774053
659 -21.1928604 0.6546115342
660 -21.40646914 0.6505534452
661 -21.62514999 0.6463991298
662 -21.84915661 0.6421444057
663 -22.07875623 0.637784915
664 -22.31423022 0.6333161222
665 -22.55587477 0.6287333152
666 -22.80400136 0.6240316075
667 -23.05893734 0.6192059431
668 -23.32102632 0.6142511047
669 -23.59062856 0.6091617245
670 -23.8681212 0.6039323003
671 -24.15389835 0.5985572149
672 -24.44837101 0.5930307626
673 -24.75196676 0.5873471804
674 -25.06512922 0.5815006875
675 -25.38831717 0.5754855323
676 -25.72200331 0.5692960484
677 -26.06667261 0.5629267199
678 -26.42282021 0.5563722578
679 -26.79094869 0.549627687
680 -27.17156484 0.5426884447
681 -27.56517569 0.5355504909
682 -27.97228391 0.52821043
683 -28.39338235 0.5206656428
684 -28.82894791 0.5129144283
685 -29.27943455 0.5049561525
686 -29.74526564 0.4967914015
687 -30.22682554 0.4884221359
688 -30.72445062 0.4798518412
689 -31.23841989 0.4710856687
690 -31.76894535 0.4621305622
691 -32.31616233 0.452995361
692 -32.88012026 0.4436908756
693 -33.46077394 0.4342299259
694 -34.05797594 0.4246273375
695 -34.67147037 0.4148998903
696 -35.30088844 0.4050662139
697 -35.94574614 0.3951466308
698 -36.60544439 0.3851629446
699 -37.27927179 0.3751381793
700 -37.96641012 0.3650962734
701 -38.66594266 0.3550617391
702 -39.37686503 0.3450592966
703 -40.09809848 0.3351134966
704 -40.82850501 0.3252483436
705 -41.56690417 0.3154869352
706 -42.3120906 0.3058511284
707 -43.06285208 0.296361246
708 -43.81798722 0.2870358295
709 -44.57632244 0.2778914482
710 -45.33672752 0.2689425639
711 -46.09812953 0.2602014555
712 -46.85952464 0.2516781977
713 -47.6199877 0.2433806933
714 -48.37867935 0.2353147485
715 -49.13485083 0.2274841889
716 -49.88784635 0.2198910041
717 -50.63710328 0.2125355162
718 -51.38215022 0.2054165628
719 -52.12260328 0.1985316888
720 -52.85816065 0.1918773399
721 -53.58859579 0.1854490544
722 -54.31374939 0.1792416474
723 -55.03352031 0.1732493851
724 -55.74785575 0.1674661468
725 -56.45674079 0.1618855733
726 -57.16018753 0.156501199
727 -57.85822394 0.1513065691
728 -58.55088278 0.1462953403
729 -59.23819052 0.1414613648
730 -59.92015677 0.1367987583
731 -60.59676423 0.1323019524
732 -61.26795946 0.127965731
733 -61.93364479 0.1237852519
734 -62.59367145 0.1197560544
735 -63.24783426 0.1158740535
736 -63.89586807 0.1121355226
737 -64.53744604 0.1085370651
738 -65.1721799 0.1050755782
739 -65.79962226 0.101748209
740 -66.41927086 0.09855230668
741 -67.0305747 0.09548537184
742 -67.63294187 0.09254500568
743 -68.22574873 0.08972886087
744 -68.80835025 0.08703459607
745 -69.38009107 0.08445983558
746 -69.94031689 0.08200213542
747 -70.48838589 0.07965895649
748 -71.0236797 0.0774276454
749 -71.54561371 0.07530542273
750 -72.05364637 0.07328937859
751 -72.54728719 0.07137647472
752 -73.0261035 0.06956355229
753 -73.48972558 0.06784734447
754 -73.93785043 0.06622449264
755 -74.3702439 0.06469156523
756 -74.78674157 0.06324507822
757 -75.18724819 0.06188151626
758 -75.57173605 0.06059735378
759 -75.94024232 0.05938907541
760 -76.29286554 0.05825319505
761 -76.6297615 0.05718627341
762 -76.95113856 0.05618493372
763 -77.25725265 0.05524587531
764 -77.54840211 0.05436588531
765 -77.82492245 0.05354184812
