0 -81.30853123 0.0440651935
1 -77.71612615 0.05249499976
2 -73.01342328 0.06725487442
3 -66.44275142 0.09334391237
4 -41.72650627 0.230503187
5 39.79537358 0.9987159303
6 38.73602254 0.9999448536
7 37.1802072 0.9999275039
8 34.6273035 0.9998851696
9 31.2131349 0.999785998
10 27.31497202 0.9995631396
11 23.30196505 0.9990920096
12 19.41645928 0.9981707368
13 15.78443963 0.9965187962
14 12.46170399 0.9938105053
15 9.468364207 0.9897498166
16 6.805935576 0.9841667024
17 4.463996334 0.9770895778
18 2.422993228 0.968751801
19 0.6566078797 0.9595287609
20 -0.865456038 0.9498422072
21 -2.174652082 0.9400767671
22 -3.301308026 0.930532711
23 -4.273152104 0.9214142279
24 -5.114603025 0.9128401294
25 -5.846620654 0.9048636031
26 -6.486896177 0.8974923981
27 -7.050208541 0.8907055408
28 -7.548834488 0.8844656647
29 -7.992948754 0.8787274232
30 -8.3909842 0.8734428888
31 -8.749941305 0.8685648189
32 -9.075646957 0.8640484919
33 -9.372967324 0.8598526263
34 -9.645981301 0.8559397334
35 -9.898121181 0.8522761332
36 -10.13228654 0.8488317826
37 -10.35093648 0.845580007
38 -10.55616452 0.8424971922
39 -10.74975955 0.8395624684
40 -10.93325558 0.8367574062
41 -11.10797261 0.834065734
42 -11.27505026 0.8314730796
43 -11.43547553 0.8289667398
44 -11.59010592 0.8265354739
45 -11.73968866 0.8241693228
46 -11.88487681 0.8218594495
47 -12.02624282 0.8195979987
48 -12.16428989 0.817377975
49 -12.29946168 0.8151931352
50 -12.43215048 0.8130378954
51 -12.56270417 0.810907249
52 -12.69143222 0.8087966954
53 -12.8186108 0.806702177
54 -12.94448712 0.8046200253
55 -13.0692833 0.802546912
56 -13.19319956 0.8004798075
57 -13.31641711 0.7984159435
58 -13.43910056 0.7963527804
59 -13.56140014 0.7942879785
60 -13.6834535 0.7922193728
61 -13.8053874 0.7901449498
62 -13.92731911 0.788062828
63 -14.04935775 0.7859712399
64 -14.17160534 0.7838685156
65 -14.29415785 0.7817530692
66 -14.41710605 0.7796233852
67 -14.54053634 0.7774780073
68 -14.66453145 0.7753155278
69 -14.78917108 0.7731345776
70 -14.91453247 0.7709338177
71 -15.04069099 0.7687119309
72 -15.16772056 0.7664676145
73 -15.29569415 0.7641995726
74 -15.42468419 0.76190651
75 -15.55476294 0.7595871257
76 -15.68600294 0.7572401069
77 -15.81847726 0.7548641231
78 -15.95225993 0.7524578204
79 -16.08742626 0.7500198162
80 -16.22405313 0.7475486934
81 -16.36221935 0.7450429953
82 -16.50200596 0.74250122
83 -16.64349659 0.7399218149
84 -16.78677774 0.7373031714
85 -16.93193914 0.7346436189
86 -17.07907411 0.731941419
87 -17.22827988 0.7291947599
88 -17.37965797 0.7264017502
89 -17.53331458 0.7235604119
90 -17.68936096 0.7206686747
91 -17.84791387 0.7177243684
92 -18.00909597 0.7147252161
93 -18.17303633 0.7116688268
94 -18.33987087 0.7085526873
95 -18.50974289 0.7053741544
96 -18.68280363 0.7021304464
97 -18.85921282 0.6988186344
98 -19.03913929 0.6954356332
99 -19.2227616 0.6919781921
100 -19.41026874 0.6884428852
101 -19.6018608 0.6848261016
102 -19.79774974 0.6811240357
103 -19.99816016 0.6773326769
104 -20.20333013 0.6734478001
105 -20.413512 0.6694649553
106 -20.62897332 0.665379459
107 -20.8499977 0.6611863848
108 -21.07688577 0.6568805558
109 -21.3099561 0.6524565376
110 -21.54954611 0.6479086334
111 -21.796013 0.6432308806
112 -22.04973465 0.6384170502
113 -22.31111044 0.6334606494
114 -22.58056202 0.6283549283
115 -22.85853392 0.6230928912
116 -23.1454941 0.6176673138
117 -23.44193418 0.6120707671
118 -23.74836957 0.6062956504
119 -24.06533917 0.6003342319
120 -24.39340473 0.5941787026
121 -24.73314983 0.5878212409
122 -25.08517814 0.5812540918
123 -25.45011126 0.5744696622
124 -25.82858564 0.5674606323
125 -26.22124871 0.5602200861
126 -26.62875415 0.5527416604
127 -27.05175594 0.5450197131
128 -27.49090144 0.5370495113
129 -27.94682313 0.5288274357
130 -28.4201292 0.5203512019
131 -28.91139288 0.511620092
132 -29.42114058 0.5026351927
133 -29.94983897 0.4933996327
134 -30.49788126 0.4839188105
135 -31.06557286 0.4742006028
136 -31.65311697 0.4642555414
137 -32.26060033 0.4540969467
138 -32.88797999 0.4437410056
139 -33.53507148 0.4332067808
140 -34.20153907 0.422516143
141 -34.88688901 0.4116936168
142 -35.59046598 0.4007661384
143 -36.31145359 0.389762724
144 -37.04887913 0.3787140576
145 -37.80162278 0.3676520066
146 -38.56843119 0.3566090842
147 -39.34793525 0.3456178775
148 -40.13867134 0.3347104651
149 -40.93910547 0.3239178484
150 -41.74765935 0.3132694206
151 -42.56273729 0.3027924949
152 -43.38275304 0.2925119081
153 -44.20615541 0.2824497137
154 -45.03145192 0.2726249701
155 -45.85722951 0.2630536252
156 -46.68217201 0.2537484936
157 -47.50507382 0.2447193181
158 -48.32484971 0.2359729034
159 -49.14054079 0.2275133097
160 -49.95131677 0.2193420906
161 -50.75647488 0.2114585615
162 -51.55543573 0.2038600866
163 -52.34773664 0.1965423712
164 -53.13302272 0.1894997508
165 -53.91103626 0.1827254687
166 -54.68160473 0.1762119366
167 -55.44462784 0.1699509746
168 -56.20006386 0.1639340262
169 -56.94791564 0.1581523497
170 -57.68821653 0.1525971827
171 -58.42101639 0.1472598825
172 -59.14636811 0.1421320404
173 -59.86431464 0.1372055741
174 -60.57487702 0.1324727964
175 -61.27804342 0.1279264638
176 -61.97375956 0.1235598053
177 -62.66192073 0.1193665341
178 -63.34236555 0.1153408422
179 -64.01487174 0.1114773822
180 -64.67915392 0.1077712362
181 -65.33486374 0.1042178753
182 -65.98159209 0.1008131117
183 -66.6188735 0.0975530456
184 -67.24619264 0.09443400941
185 -67.86299246 0.09145251222
186 -68.46868401 0.08860518573
187 -69.06265729 0.08588873438
188 -69.64429293 0.08329989092
189 -70.2129742 0.08083537884
190 -70.76809896 0.07849188224
191 -71.30909115 0.07626602375
192 -71.83541148 0.07415435024
193 -72.34656697 0.0721533261
194 -72.84211915 0.07025933323
195 -73.32169075 0.06846867697
196 -73.78497079 0.06677759686
197 -74.23171797 0.06518228112
198 -74.66176259 0.06367888376
199 -75.07500682 0.06226354332
200 -75.47142373 0.06093240227
201 -75.851055 0.05968162633
202 -76.2140077 0.05850742294
203 -76.56045017 0.05740605858
204 -76.89060725 0.05637387435
205 -77.2047551 0.05540729975
206 -77.50321568 0.05450286444
207 -77.78635107 0.05365720797
208 -78.05455785 0.05286708753
209 -78.30826151 0.05212938382
210 -78.54791109 0.05144110512
211 -78.77397411 0.05079938985
212 -78.98693174 0.05020150756
213 -79.18727449 0.04964485887
214 -79.3754981 0.04912697417
215 -79.55209993 0.04864551149
216 -76.14304931 0.05725715548
217 -71.58001707 0.07263540083
218 -65.04876346 0.1002098936
219 -40.48129103 0.2441828168
220 39.65098244 0.9986295115
221 38.38868571 0.9999414211
222 36.47251691 0.9999178578
223 33.42917526 0.9998578164
224 29.4722598 0.9997078144
225 25.05147516 0.9993462943
226 20.57591568 0.9985328511
227 16.30541942 0.996867565
228 12.37363902 0.993808659
229 8.838619292 0.9887928175
230 5.716656794 0.9814411043
231 2.998325393 0.9717412398
232 0.6562670086 0.9600789714
233 -1.348644894 0.9470987386
234 -3.061097983 0.9334967129
235 -4.525952661 0.9198625827
236 -5.784593696 0.9066134659
237 -6.873119141 0.8939988635
238 -7.821898219 0.8821380666
239 -8.655922212 0.8710624202
240 -9.395505856 0.8607500608
241 -10.05707189 0.8511504334
242 -10.6538851 0.8422000248
243 -11.19668356 0.833831752
244 -11.69419732 0.8259801747
245 -12.15356376 0.8185841249
246 -12.58065574 0.8115878119
247 -12.98033897 0.8049410697
248 -13.35667358 0.7985991485
249 -13.71307199 0.7925222878
250 -14.05242319 0.7866752037
251 -14.37719077 0.7810265637
252 -14.68949084 0.7755484871
253 -14.99115432 0.7702160871
254 -15.28377693 0.7650070621
255 -15.5687598 0.7599013336
256 -15.84734244 0.7548807308
257 -16.12062992 0.7499287136
258 -16.38961525 0.7450301335
259 -16.65519806 0.7401710236
260 -16.91820023 0.7353384167
261 -17.17937915 0.7305201856
262 -17.43943893 0.7257049033
263 -17.69904011 0.7208817195
264 -17.95880797 0.7160402522
265 -18.21933986 0.7111704905
266 -18.48121164 0.7062627085
267 -18.74498333 0.701307388
268 -19.01120427 0.6962951492
269 -19.28041771 0.6912166886
270 -19.55316507 0.6860627226
271 -19.82998975 0.6808239377
272 -20.11144071 0.6754909463
273 -20.39807582 0.6700542471
274 -20.69046485 0.664504193
275 -20.98919235 0.658830963
276 -21.29486024 0.6530245431
277 -21.60809016 0.6470747128
278 -21.92952557 0.6409710412
279 -22.25983352 0.6347028933
280 -22.59970602 0.6282594468
281 -22.94986108 0.6216297236
282 -23.31104308 0.6148026358
283 -23.68402264 0.60776705
284 -24.06959568 0.6005118718
285 -24.46858158 0.5930261537
286 -24.88182032 0.5852992275
287 -25.31016845 0.5773208658
288 -25.75449358 0.5690814727
289 -26.21566744 0.5605723054
290 -26.69455717 0.5517857281
291 -27.19201476 0.5427154948
292 -27.70886459 0.5333570608
293 -28.24588903 0.5237079149
294 -28.80381212 0.513767926
295 -29.38328154 0.503539693
296 -29.98484915 0.4930288839
297 -30.60895066 0.4822445465
298 -31.25588485 0.4711993726
299 -31.92579331 0.4599098943
300 -32.61864159 0.4483965905
301 -33.33420268 0.436683885
302 -34.07204408 0.4248000183
303 -34.83151943 0.4127767833
304 -35.61176566 0.4006491204
305 -36.41170641 0.3884545771
306 -37.23006228 0.3762326461
307 -38.06536777 0.3640240078
308 -38.91599483 0.351869706
309 -39.78018199 0.3398102984
310 -40.65606815 0.3278850199
311 -41.54172942 0.3161310002
312 -42.43521741 0.3045825726
313 -43.33459717 0.293270702
314 -44.23798325 0.2822225534
315 -45.14357229 0.2714612106
316 -46.04967105 0.2610055459
317 -46.95471891 0.2508702309
318 -47.85730456 0.2410658735
319 -48.75617657 0.2315992586
320 -49.65024809 0.222473671
321 -50.53859611 0.2136892743
322 -51.42045576 0.2052435238
323 -52.29521049 0.1971315934
324 -53.16237867 0.1893467979
325 -54.02159754 0.1818809985
326 -54.87260504 0.1747249801
327 -55.71522031 0.167868794
328 -56.5493233 0.1613020606
329 -57.37483435 0.1550142312
330 -58.19169385 0.1489948068
331 -58.9998429 0.1432335162
332 -59.79920512 0.1377204529
333 -60.58967025 0.1324461755
334 -61.37107987 0.1274017727
335 -62.14321576 0.1225788969
336 -62.90579107 0.117969769
337 -63.65844475 0.1135671603
338 -64.40073938 0.1093643533
339 -65.13216237 0.1053550876
340 -65.85213066 0.1015334947
341 -66.55999853 0.09789402614
342 -67.25506831 0.09443137956
343 -67.93660351 0.09114042695
344 -68.60384372 0.08801614783
345 -69.25602072 0.08505357078
346 -69.8923751 0.08224772512
347 -70.51217264 0.07959360406
348 -71.11471999 0.07708613961
349 -71.69937891 0.07472018917
350 -72.26557872 0.07249053266
351 -72.81282662 0.0703918791
352 -73.34071568 0.0684188808
353 -73.84893035 0.06656615336
354 -74.33724962 0.06482829986
355 -74.80554786 0.06319993727
356 -75.25379363 0.06167572373
357 -75.68204655 0.06025038543
358 -76.09045279 0.05891874185
359 -76.47923913 0.05767572894
360 -76.84870625 0.05651641937
361 -77.19922124 0.05543603983
362 -77.5312098 0.05442998507
363 -77.8451482 0.05349382883
364 -78.14155542 0.05262333178
365 -78.42098535 0.05181444664
366 -78.68401946 0.0510633208
367 -78.93125984 0.05036629677
368 -79.16332281 0.04971991066
369 -79.38083305 0.04912088913
370 -79.58441838 0.04856614496
371 -79.77470509 0.04805277165
372 -79.95231387 0.04757803712
373 -80.11785628 0.04713937691
374 -80.27193183 0.04673438688
375 -80.41512548 0.04636081569
376 -80.54800561 0.04601655721
377 -80.6711225 0.04569964279
378 -80.78500704 0.0454082337
379 -80.89016991 0.04514061371
380 -80.98710096 0.04489518181
381 -81.07626892 0.04467044522
382 -81.15812125 0.04446501265
383 -81.23308428 0.04427758788
384 -81.30156339 0.04410696358
385 -81.36394342 0.0439520155
386 -81.42058914 0.04381169697
387 -81.4718458 0.04368503367
388 -81.51803977 0.04357111873
389 -81.55947921 0.04346910812
390 -81.59645479 0.04337821635
391 -81.62924039 0.04329771237
392 -81.65809389 0.04322691585
393 -81.68325789 0.04316519359
394 -81.70496049 0.04311195622
395 -81.72341595 0.04306665517
396 -81.7388255 0.04302877974
397 -81.75137798 0.04299785447
398 -81.76125057 0.04297343665
399 -81.76860938 0.04295511397
400 -81.77361015 0.04294250245
401 -81.77639883 0.04293524438
402 -81.77711213 0.04293300647
403 -81.77587813 0.04293547817
404 -81.77281674 0.04294237004
405 -81.76804026 0.04295341226
406 -81.76165381 0.04296835328
407 -81.75375579 0.04298695852
408 -81.74443828 0.04300900919
409 -81.7337875 0.0430343012
410 -81.72188409 0.04306264411
411 -81.70880354 0.04309386024
412 -81.69461649 0.04312778371
413 -81.67938904 0.04316425968
414 -81.66318303 0.04320314358
415 -81.64605635 0.04324430042
416 -81.62806314 0.04328760408
417 -81.60925411 0.0433329368
418 -81.58967667 0.04338018851
419 -81.5693752 0.0434292564
420 -81.54839126 0.04348004436
421 -81.5267637 0.0435324626
422 -81.50452892 0.04358642716
423 -81.48172097 0.04364185958
424 -81.45837171 0.04369868651
425 -81.43451097 0.04375683934
426 -81.41016667 0.04381625398
427 -81.38536495 0.04387687048
428 -81.36013024 0.04393863279
429 -81.33448545 0.04400148853
430 -81.30845198 0.04406538871
431 -77.71604631 0.05249522859
432 -73.01333719 0.06725517956
433 -66.44263975 0.09334442178
434 -41.72600549 0.2305068113
435 39.79537486 0.998716002
436 38.73601753 0.9999448535
437 37.1801995 0.9999275038
438 34.62729693 0.9998851695
439 31.21313572 0.999785998
440 27.31498569 0.9995631406
441 23.30199434 0.9990920141
442 19.41650445 0.9981707508
443 15.78449933 0.996518831
444 12.46177597 0.9938105786
445 9.46844589 0.9897499508
446 6.806024337 0.9841669209
447 4.464089791 0.9770898995
448 2.423089414 0.9687522363
449 0.6567053226 0.9595293111
450 -0.8653583232 0.9498428662
451 -2.174554669 0.9400775243
452 -3.301211172 0.9305335547
453 -4.273055854 0.9214151469
454 -5.114507286 0.9128411142
455 -5.846525257 0.904864646
456 -6.486800917 0.8974934932
457 -7.050113204 0.8907066839
458 -7.548738867 0.8844668525
459 -7.992852658 0.8787286534
460 -8.390887454 0.8734441599
461 -8.749843757 0.8685661297
462 -9.075548475 0.8640498416
463 -9.372867794 0.8598540144
464 -9.645880627 0.8559411594
465 -9.898019282 0.8522775968
466 -10.13218335 0.8488332835
467 -10.35083194 0.8455815452
468 -10.55605859 0.8424987674
469 -10.74965218 0.8395640803
470 -10.93314675 0.8367590549
471 -11.1078623 0.8340674192
472 -11.27493844 0.8314748014
473 -11.43536219 0.8289684979
474 -11.58999104 0.8265372683
475 -11.73957223 0.8241711535
476 -11.88475882 0.8218613164
477 -12.02612325 0.8195999019
478 -12.16416875 0.8173799143
479 -12.29933896 0.8151951108
480 -12.43202616 0.8130399073
481 -12.56257825 0.8109092974
482 -12.69130469 0.8087987803
483 -12.81848164 0.8067042988
484 -12.94435634 0.804622184
485 -13.06915086 0.8025491079
486 -13.19306546 0.8004820409
487 -13.31628132 0.7984182147
488 -13.43896307 0.7963550898
489 -13.56126093 0.7942903266
490 -13.68331254 0.79222176
491 -13.80524466 0.7901473766
492 -13.92717457 0.788065295
493 -14.04921137 0.7859737477
494 -14.1714571 0.7838710649
495 -14.2940077 0.7817556607
496 -14.41695395 0.7796260197
497 -14.54038226 0.7774806857
498 -14.66437533 0.7753182509
499 -14.78901287 0.7731373464
500 -14.91437213 0.7709366332
501 -15.04052845 0.7687147944
502 -15.16755577 0.7664705269
503 -15.29552704 0.7642025353
504 -15.42451468 0.7619095244
505 -15.55459098 0.7595901932
506 -15.68582843 0.757243229
507 -15.81830013 0.7548673013
508 -15.9520801 0.7524610565
509 -16.08724363 0.7500231119
510 -16.2238676 0.7475520507
511 -16.36203081 0.7450464162
512 -16.5018143 0.7425047066
513 -16.64330169 0.7399253696
514 -16.78657948 0.7373067965
515 -16.93173739 0.7346473169
516 -17.07886873 0.7319451926
517 -17.22807071 0.7291986121
518 -17.37944486 0.7264056838
519 -17.53309735 0.7235644303
520 -17.68913944 0.7206727811
521 -17.84768787 0.7177285665
522 -18.00886529 0.7147295098
523 -18.17280075 0.71167322
524 -18.33963016 0.7085571843
525 -18.50949681 0.7053787597
526 -18.68255193 0.7021351648
527 -18.85895522 0.6988234709
528 -19.0388755 0.6954405933
529 -19.22249131 0.6919832815
530 -19.40999162 0.6884481098
531 -19.60157651 0.6848314679
532 -19.79745789 0.6811295504
533 -19.99786037 0.6773383473
534 -20.20302197 0.6734536336
535 -20.41319502 0.66947096
536 -20.62864704 0.6653856433
537 -20.84966162 0.6611927576
538 -21.07653935 0.6568871265
539 -21.30959876 0.6524633162
540 -21.54917723 0.6479156303
541 -21.79563195 0.6432381067
542 -22.04934074 0.6384245169
543 -22.31070294 0.6334683688
544 -22.58014016 0.6283629129
545 -22.85809689 0.6231011539
546 -23.14504103 0.617675868
547 -23.44146418 0.6120796269
548 -23.74788169 0.6063048298
549 -24.06483241 0.6003437455
550 -24.39287806 0.5941885652
551 -24.73260216 0.5878314671
552 -25.08460836 0.5812646965
553 -25.44951821 0.5744806597
554 -25.82796813 0.5674720368
555 -26.22060554 0.5602319109
556 -26.6280841 0.5527539178
557 -27.05105779 0.5450324142
558 -27.49017397 0.5370626654
559 -27.94606515 0.5288410504
560 -28.41933958 0.5203652822
561 -28.91057054 0.5116346401
562 -29.42028452 0.5026502074
563 -29.94894831 0.4934151091
564 -30.49695524 0.4839347397
565 -31.0646109 0.4742169714
566 -31.65211866 0.4642723309
567 -32.25956548 0.4541141338
568 -32.88690866 0.4437585617
569 -33.53396396 0.4332246722
570 -34.20039595 0.4225343309
571 -34.88571116 0.4117120578
572 -35.58925455 0.4007847845
573 -36.31021002 0.3897815239
574 -37.04760516 0.3787329569
575 -37.80032039 0.367670949
576 -38.5671026 0.3566280123
577 -39.34658288 0.3456367339
578 -40.13729778 0.3347291934
579 -40.93771344 0.3239363943
580 -41.74625161 0.3132877327
581 -42.56131665 0.3028105255
582 -43.38132227 0.2925296139
583 -44.20471724 0.2824670564
584 -45.03000894 0.2726419165
585 -45.85578419 0.2630701477
586 -46.68072663 0.2537645699
587 -47.50363049 0.2447349312
588 -48.3234103 0.2359880414
589 -49.13910697 0.2275279654
590 -49.94988998 0.2193562609
591 -50.75505633 0.2114722472
592 -51.55402645 0.2038732918
593 -52.34633744 0.1965551029
594 -53.13163422 0.189512018
595 -53.90965893 0.1827372824
596 -54.6802389 0.1762233093
597 -55.44327372 0.1699619194
598 -56.19872156 0.1639445572
599 -56.94658522 0.158162481
600 -57.68689799 0.1526069286
601 -58.41970972 0.147269257
602 -59.14507329 0.142141057
603 -59.8630317 0.1372142459
604 -60.57360602 0.1324811357
605 -61.27678449 0.1279344821
606 -61.97251292 0.1235675136
607 -62.6606867 0.1193739422
608 -63.34114455 0.1153479594
609 -64.01366429 0.1114842169
610 -64.67796068 0.1077777962
611 -65.33368547 0.1042241678
612 -65.98042964 0.1008191433
613 -66.61772784 0.09755882254
614 -67.2450648 0.0944395376
615 -67.86188356 0.09145779734
616 -68.46759521 0.08861023333
617 -69.06158976 0.08589354995
618 -69.64324786 0.08330447999
619 -70.21195276 0.080839747
620 -70.76710228 0.07849603523
621 -71.30812031 0.07626996747
622 -71.83446747 0.07415809076
623 -72.34565068 0.07215686967
624 -72.84123137 0.07026268628
625 -73.32083216 0.06847184608
626 -73.78414193 0.06678058875
627 -74.23091925 0.0651851026
628 -74.66099429 0.06368154172
629 -75.07426909 0.06226604467
630 -75.47071657 0.06093475392
631 -75.85037832 0.05968383513
632 -76.21336126 0.05850949568
633 -76.55983363 0.05740800193
634 -76.89002017 0.05637569485
635 -77.20419695 0.05540900377
636 -77.50268585 0.05450445816
637 -77.78584888 0.05365869738
638 -78.05408255 0.05286847841
639 -78.30781232 0.05213068172
640 -78.54748718 0.05144231537
641 -78.7735746 0.05080051752
642 -78.98655577 0.05020255752
643 -79.18692116 0.04964583573
644 -79.37516649 0.0491278823
645 -79.55178915 0.04864635506
