0 -62.5010095 0.1204918782
1 -63.36815583 0.1153368094
2 -64.22184401 0.1104478239
3 -65.06113437 0.105816377
4 -65.88501207 0.1014342287
5 -66.69240242 0.0972933497
6 -67.48221567 0.09338573676
7 -68.25331706 0.08970354103
8 -69.00459375 0.0862388708
9 -69.73496843 0.08298375942
10 -70.44341781 0.07993016871
11 -71.1289449 0.07707014437
12 -71.79023159 0.07439699413
13 -72.42319842 0.07191294151
14 -73.00508356 0.06967739428
15 -73.39192497 0.06811172262
16 -72.6610091 0.07000551761
17 -64.95043642 0.09731608237
18 -17.31254485 0.4913977862
19 32.99304019 0.9990379977
20 35.38054452 0.9998940921
21 33.33125153 0.999853154
22 29.76895485 0.9997220105
23 25.46133383 0.9993934821
24 20.90083823 0.9986212169
25 16.41349857 0.996946283
26 12.19449774 0.9936701609
27 8.3501081 0.9879743558
28 4.927538634 0.9792131845
29 1.932154473 0.9672277305
30 -0.6604278319 0.9524442539
31 -2.892940887 0.9356888545
32 -4.815978684 0.9178810386
33 -6.480109368 0.8998004208
34 -7.931260803 0.8819940509
35 -9.208819807 0.8647867179
36 -10.34543953 0.8483342268
37 -11.36769254 0.8326804643
38 -12.29702058 0.8178025716
39 -13.15069502 0.8036418915
40 -13.9426665 0.7901233636
41 -14.68426924 0.7771668844
42 -15.38478516 0.7646935279
43 -16.05188744 0.7526286544
44 -16.69198633 0.7409032187
45 -17.31049783 0.7294540782
46 -17.9120526 0.718223784
47 -18.5006588 0.7071601292
48 -19.07982948 0.6962156136
49 -19.6526826 0.6853469101
50 -20.22201981 0.674514378
51 -20.79038852 0.6636816473
52 -21.36013074 0.6528152813
53 -21.9334212 0.6418845235
54 -22.51229661 0.6308611267
55 -23.09867747 0.6197192637
56 -23.69438332 0.6084355171
57 -24.3011423 0.5969889439
58 -24.92059531 0.5853612118
59 -25.5542954 0.5735368009
60 -26.20370247 0.5615032618
61 -26.87017379 0.5492515213
62 -27.55495062 0.5367762189
63 -28.25914141 0.5240760576
64 -28.98370225 0.5111541444
65 -29.72941553 0.4980182949
66 -30.49686763 0.4846812729
67 -31.28642716 0.4711609317
68 -32.09822512 0.4574802292
69 -32.93213855 0.4436670886
70 -33.78777924 0.4297540858
71 -34.66448905 0.4157779535
72 -35.56134293 0.401778906
73 -36.47716047 0.3877998
74 -37.41052629 0.3738851654
75 -38.35981875 0.3600801464
76 -39.32324615 0.3464294096
77 -40.29888877 0.3329760726
78 -41.28474469 0.3197607119
79 -42.27877728 0.3068204992
80 -43.27896167 0.2941885054
81 -44.28332825 0.2818931981
82 -45.290001 0.269958143
83 -46.29722921 0.2584019062
84 -47.30341157 0.24723814
85 -48.30711201 0.2364758272
86 -49.30706732 0.2261196516
87 -50.30218683 0.2161704609
88 -51.29154498 0.2066257871
89 -52.27436752 0.1974803937
90 -53.25001255 0.1887268228
91 -54.21794751 0.1803559188
92 -55.1777233 0.1723573119
93 -56.12894684 0.1647198493
94 -57.07125311 0.1574319659
95 -58.00427809 0.1504819892
96 -58.9276334 0.1438583791
97 -59.84088412 0.1375499025
98 -60.74353031 0.1315457479
99 -61.63499338 0.1258355846
100 -62.51460775 0.1204095756
101 -63.38159148 0.1152584798
102 -64.23510146 0.1103733581
103 -65.07419678 0.1057456688
104 -65.89786166 0.1013671733
105 -66.70502071 0.09722984263
106 -67.49458395 0.09332567227
107 -68.26541672 0.08964681125
108 -69.01640674 0.08618536496
109 -69.74647764 0.08293336343
110 -70.45460744 0.07988276508
111 -71.13980078 0.07702561227
112 -71.80074121 0.07435520998
113 -72.43334822 0.07187378434
114 -73.01483162 0.06964080313
115 -73.4009712 0.06807822243
116 -72.66699187 0.06998088896
117 -64.9355585 0.09736810997
118 -17.17787516 0.493029227
119 33.01450159 0.9990490169
120 35.38456755 0.9998941933
121 33.33180088 0.9998531762
122 29.76824095 0.9997219793
123 25.4600958 0.99939335
124 20.89944053 0.998620875
125 16.41212746 0.99694555
126 12.1932426 0.9936688064
127 8.349006915 0.9879721793
128 4.926602274 0.9792101263
129 1.931379134 0.967223938
130 -0.6610537101 0.9524400486
131 -2.893432187 0.93568463
132 -4.816350703 0.9178771615
133 -6.480376132 0.8997971774
134 -7.931434319 0.8819916384
135 -9.208909902 0.8647852599
136 -10.34545401 0.8483337944
137 -11.36763743 0.8326810954
138 -12.29690046 0.8178042849
139 -13.15051323 0.8036446961
140 -13.9424254 0.790127265
141 -14.68397035 0.7771718881
142 -15.3844293 0.7646996416
143 -16.05147484 0.7526358894
144 -16.69151671 0.7409115899
145 -17.30997044 0.7294636051
146 -17.91146628 0.7182344904
147 -18.50001201 0.7071720432
148 -19.07912033 0.6962287672
149 -19.65190885 0.6853613393
150 -20.22117888 0.6745301223
151 -20.78947754 0.6636987493
152 -21.35914653 0.6528337863
153 -21.93236029 0.6419044788
154 -22.51115528 0.6308825807
155 -23.09745173 0.6197422655
156 -23.69306897 0.6084601149
157 -24.29973495 0.5970151839
158 -24.91909044 0.585389137
159 -25.55268839 0.5735664489
160 -26.2019887 0.5615346635
161 -26.86834871 0.5492846983
162 -27.55300982 0.536811182
163 -28.25708074 0.5241128039
164 -28.98151796 0.5111926555
165 -29.72710436 0.4980585348
166 -30.49442694 0.4847231862
167 -31.28385508 0.4712044422
168 -32.09552065 0.4575252392
169 -32.92930165 0.4437134788
170 -33.78481094 0.4298017157
171 -34.66139147 0.4158266634
172 -35.55811932 0.401828519
173 -36.47381518 0.3878501257
174 -37.40706471 0.3739360031
175 -38.35624721 0.3601312901
176 -39.31957177 0.3464806521
177 -40.29511928 0.3330272105
178 -41.28088829 0.3198115499
179 -42.2748424 0.306870854
180 -43.2749568 0.2942382089
181 -44.27926172 0.2819420998
182 -45.28588085 0.270006112
183 -46.29306304 0.2584488315
184 -47.29920641 0.2472839309
185 -48.30287429 0.2365204124
186 -49.30280279 0.226162978
187 -50.29790059 0.2162124917
188 -51.2872415 0.2066664999
189 -52.2700507 0.1975197788
190 -53.24568583 0.1887648803
191 -54.21361393 0.1803926568
192 -55.17338567 0.1723927446
193 -56.12460784 0.1647539951
194 -57.06691545 0.1574648456
195 -57.9999446 0.1505136251
196 -58.92330721 0.1438887938
197 -59.83656871 0.1375791183
198 -60.73922962 0.1315737862
199 -61.63071187 0.125862466
200 -62.51035044 0.1204353194
201 -63.37736393 0.1152831048
202 -64.23090975 0.1103968827
203 -65.07004745 0.1057681113
204 -65.89376161 0.1013885526
205 -66.70097711 0.09725017856
206 -67.49060406 0.093344986
207 -68.2615078 0.08966512568
208 -69.01257586 0.08620270497
209 -69.74273157 0.08294975595
210 -70.45095251 0.07989823917
211 -71.13624273 0.07704019903
212 -71.79728522 0.07436894234
213 -72.42999988 0.07188669483
214 -73.01160731 0.06965290094
215 -73.39798474 0.06808928812
216 -72.6651268 0.0699886935
217 -64.94137564 0.09734725865
218 -17.22705946 0.4924308097
219 33.007065 0.9990450654
220 35.38335726 0.9998941617
221 33.3318636 0.9998531752
222 29.76880252 0.999722006
223 25.46088711 0.9993934353
224 20.90032041 0.99862109
225 16.413018 0.9969460235
226 12.19410142 0.9936697253
227 8.349811279 0.9879737515
228 4.927341091 0.9792125058
229 1.93204911 0.9672271583
230 -0.6604503643 0.9524440135
231 -2.892889734 0.9356891618
232 -4.815861647 0.9178820655
233 -6.479932556 0.8998022872
234 -7.931028704 0.8819968327
235 -9.208535524 0.8647904613
236 -10.34510505 0.8483389599
237 -11.36730897 0.8326862063
238 -12.29658834 0.8178093383
239 -13.15021396 0.8036496987
240 -13.94213602 0.7901322291
241 -14.68368836 0.7771768292
242 -15.38415254 0.7647045761
243 -16.05120146 0.7526408343
244 -16.69124505 0.7409165621
245 -17.30969904 0.7294686211
246 -17.91119382 0.718239566
247 -18.49973728 0.7071771935
248 -19.07884221 0.6962340071
249 -19.65162628 0.6853666826
250 -20.22089087 0.6745355825
251 -20.78918312 0.6637043393
252 -21.35884477 0.6528395183
253 -21.9320503 0.6419103643
254 -22.51083615 0.6308886307
255 -23.0971226 0.6197484901
256 -23.69272899 0.6084665232
257 -24.29938328 0.5970217843
258 -24.91872626 0.5853959362
259 -25.55231091 0.5735734526
260 -26.20159716 0.5615418754
261 -26.86794238 0.5492921206
262 -27.55258804 0.5368188146
263 -28.2566429 0.5241206443
264 -28.98106353 0.5112006987
265 -29.7266329 0.4980667731
266 -30.49393811 0.4847316089
267 -31.28334866 0.4712130357
268 -32.09499654 0.4575339869
269 -32.92875989 0.4437223611
270 -33.78425173 0.4298107106
271 -34.66081514 0.4158357463
272 -35.55752635 0.4018376635
273 -36.4732062 0.3878593038
274 -37.40644047 0.373945186
275 -38.35560857 0.3601404487
276 -39.31891969 0.3464897578
277 -40.29445481 0.3330362354
278 -41.2802125 0.3198204678
279 -42.2741564 0.3068796407
280 -43.27426168 0.2942468425
281 -44.27855857 0.2819505612
282 -45.28517069 0.2700143848
283 -46.29234684 0.2584569024
284 -47.29848506 0.2472917892
285 -48.30214858 0.2365280503
286 -49.30207344 0.2261703901
287 -50.29716822 0.216219675
288 -51.28650666 0.2066734533
289 -52.26931385 0.1975265026
290 -53.24494737 0.1887713765
291 -54.21287422 0.1803989283
292 -55.17264504 0.172398795
293 -56.1238666 0.1647598285
294 -57.06617392 0.1574704665
295 -57.99920313 0.1505190381
296 -58.92256618 0.1438940034
297 -59.83582856 0.137584129
298 -60.73849086 0.1315786021
299 -61.62997511 0.1258670912
300 -62.50961635 0.1204397577
