0 -81.08352546 0.0446459088
1 -81.14192131 0.0444992967
2 -81.19527256 0.04436569382
3 -81.24385484 0.04424431012
4 -81.28793038 0.04413440516
5 -81.32774841 0.04403528509
6 -81.36354551 0.04394629983
7 -81.39554612 0.04386684032
8 -81.4239629 0.04379633595
9 -81.44899725 0.04373425216
10 -81.47083976 0.04368008817
11 -81.48967067 0.04363337483
12 -81.5056603 0.04359367261
13 -81.51896958 0.04356056973
14 -81.52975042 0.04353368036
15 -81.53814619 0.04351264299
16 -81.54429215 0.04349711887
17 -81.54831586 0.04348679051
18 -81.55033754 0.04348136039
19 -81.55047051 0.04348054962
20 -81.54882154 0.04348409676
21 -81.5454912 0.04349175674
22 -81.54057419 0.04350329976
23 -81.53415968 0.04351851036
24 -81.52633161 0.04353718651
25 -81.51716868 0.04355913929
26 -81.50674265 0.04358419619
27 -81.49509965 0.04361223832
28 -81.48208969 0.04364354288
29 -81.46582098 0.04368189159
30 -81.42867377 0.04376274227
31 -81.21082886 0.04420994371
32 -79.36876434 0.04810137882
33 -63.03414994 0.09728855469
34 29.30430884 0.9448230478
35 38.61574908 0.9999323467
36 37.91074709 0.9999359882
37 35.98291548 0.9999098962
38 33.14820618 0.9998492367
39 29.6910823 0.9997161176
40 25.93651242 0.9994357008
41 22.13996823 0.9988753387
42 18.46485586 0.997826451
43 15.00606454 0.9960043908
44 11.81646382 0.9930842486
45 8.923269757 0.9887781746
46 6.335856755 0.9829309111
47 4.049518545 0.9755861436
48 2.048383061 0.9669855215
49 0.3086957344 0.9575028516
50 -1.197681649 0.9475516819
51 -2.500159616 0.9375076182
52 -3.627127371 0.9276653232
53 -4.604562819 0.918228051
54 -5.4553927 0.9093174793
55 -6.199367807 0.9009918326
56 -6.853238904 0.8932645885
57 -7.431077223 0.8861202047
58 -7.944641298 0.8795259362
59 -8.40373555 0.8734400779
60 -8.816534533 0.8678173922
61 -9.189863459 0.8626124978
62 -9.529434567 0.85778186
63 -9.840043133 0.8532848579
64 -10.12572848 0.8490842666
65 -10.38990555 0.8451463785
66 -10.63547224 0.8414409143
67 -10.86489693 0.8379408178
68 -11.08028991 0.8346219951
69 -11.28346188 0.8314630348
70 -11.47597194 0.8284449296
71 -11.65916717 0.8255508125
72 -11.83421523 0.8227657133
73 -12.00213152 0.8200763374
74 -12.16380177 0.8174708671
75 -12.32000088 0.8149387854
76 -12.47140877 0.81247072
77 -12.61862377 0.8100583055
78 -12.76217385 0.8076940621
79 -12.90252621 0.8053712898
80 -13.04009544 0.8030839746
81 -13.17525048 0.8008267068
82 -13.30832057 0.798594609
83 -13.43960037 0.7963832727
84 -13.56935442 0.7941887032
85 -13.69782089 0.79200727
86 -13.82521495 0.7898356642
87 -13.95173162 0.7876708604
88 -14.07754827 0.7855100828
89 -14.20282686 0.7833507755
90 -14.32771578 0.7811905762
91 -14.4523516 0.7790272925
92 -14.57686054 0.7768588812
93 -14.70135978 0.7746834294
94 -14.82595861 0.7724991379
95 -14.95075949 0.7703043061
96 -15.07585896 0.7680973188
97 -15.20134846 0.7658766335
98 -15.32731507 0.7636407698
99 -15.45384219 0.7613882991
100 -15.58101012 0.7591178355
101 -15.70889665 0.7568280274
102 -15.83757753 0.7545175497
103 -15.96712694 0.7521850968
104 -16.09761791 0.7498293756
105 -16.22912275 0.7474490993
106 -16.36171337 0.7450429817
107 -16.49546167 0.7426097315
108 -16.63043989 0.7401480466
109 -16.76672087 0.7376566094
110 -16.9043784 0.7351340816
111 -17.04348752 0.7325790993
112 -17.1841248 0.7299902682
113 -17.32636865 0.7273661588
114 -17.47029957 0.724705302
115 -17.6160005 0.7220061841
116 -17.76355703 0.7192672422
117 -17.9130578 0.7164868594
118 -18.06459468 0.7136633599
119 -18.2182632 0.7107950044
120 -18.37416278 0.7078799847
121 -18.5323971 0.7049164188
122 -18.69307442 0.7019023457
123 -18.85630797 0.6988357198
124 -19.02221626 0.6957144057
125 -19.19092353 0.6925361724
126 -19.3625601 0.6892986876
127 -19.53726283 0.6859995116
128 -19.71517553 0.6826360918
129 -19.89644943 0.6792057559
130 -20.08124365 0.6757057065
131 -20.26972574 0.6721330141
132 -20.46207213 0.6684846118
133 -20.65846873 0.6647572886
134 -20.85911147 0.6609476839
135 -21.06420688 0.6570522816
136 -21.27397266 0.6530674049
137 -21.48863831 0.6489892117
138 -21.70844574 0.6448136904
139 -21.93364988 0.640536657
140 -22.16451929 0.6361537527
141 -22.40133674 0.6316604435
142 -22.64439982 0.6270520214
143 -22.89402145 0.6223236073
144 -23.15053038 0.6174701569
145 -23.41427158 0.6124864696
146 -23.68560661 0.6073672004
147 -23.96491376 0.6021068765
148 -24.25258817 0.5966999186
149 -24.54904166 0.5911406676
150 -24.85470242 0.5854234178
151 -25.17001435 0.5795424574
152 -25.49543619 0.5734921163
153 -25.83144019 0.5672668237
154 -26.17851043 0.5608611747
155 -26.53714061 0.5542700073
156 -26.90783133 0.5474884906
157 -27.29108672 0.5405122241
158 -27.68741051 0.5333373484
159 -28.09730126 0.5259606665
160 -28.52124699 0.5183797763
161 -28.95971891 0.5105932108
162 -29.41316448 0.5026005858
163 -29.88199973 0.4944027509
164 -30.36660084 0.4860019412
165 -30.86729525 0.4774019242
166 -31.38435229 0.4686081369
167 -31.91797365 0.459627807
168 -32.46828386 0.4504700519
169 -33.03532109 0.4411459475
170 -33.61902869 0.4316685611
171 -34.21924767 0.4220529418
172 -34.83571073 0.4123160629
173 -35.46803798 0.4024767128
174 -36.11573482 0.3925553325
175 -36.7781923 0.3825738011
176 -37.45469007 0.3725551716
177 -38.14440206 0.3625233639
178 -38.84640494 0.3525028242
179 -39.55968913 0.3425181602
180 -40.28317217 0.3325937658
181 -41.01571395 0.3227534488
182 -41.75613353 0.3130200744
183 -42.50322672 0.3034152374
184 -43.25578405 0.2939589742
185 -44.01260848 0.2846695229
186 -44.77253219 0.2755631383
187 -45.53443211 0.2666539634
188 -46.2972436 0.2579539602
189 -47.05997215 0.2494728941
190 -47.82170274 0.2412183703
191 -48.58160674 0.2331959153
192 -49.33894647 0.2254090944
193 -50.09307739 0.2178596604
194 -50.84344799 0.2105477237
195 -51.58959767 0.2034719366
196 -52.33115275 0.1966296859
197 -53.06782082 0.1900172867
198 -53.79938371 0.1836301734
199 -54.52568915 0.1774630835
200 -55.24664159 0.1715102306
201 -55.9621921 0.165765465
202 -56.67232773 0.1602224204
203 -57.37706046 0.1548746445
204 -58.07641591 0.1497157135
205 -58.77042211 0.1447393311
206 -59.45909833 0.1399394101
207 -60.14244443 0.1353101379
208 -60.82043085 0.1308460264
209 -61.49298939 0.1265419455
210 -62.16000522 0.1223931425
211 -62.82131025 0.1183952467
212 -63.476678 0.114544261
213 -64.12582041 0.1108365422
214 -64.76838649 0.1072687703
215 -65.40396308 0.1038379097
216 -66.0320776 0.1005411644
217 -66.6522029 0.09737592791
218 -67.26376392 0.09433973226
219 -67.86614609 0.09143019632
220 -68.45870507 0.08864497675
221 -69.04077758 0.08598172295
222 -69.61169287 0.08343803757
223 -70.17078448 0.08101144374
224 -70.71740197 0.07869935986
225 -71.250922 0.07649908201
226 -71.77075877 0.07440777417
227 -72.27637322 0.0724224656
228 -72.76728098 0.07054005482
229 -73.24305888 0.06875731913
230 -73.70334984 0.06707092874
231 -74.14786623 0.06547746438
232 -74.57639173 0.0639734373
233 -74.98878173 0.0625553106
234 -75.38496238 0.06121952114
235 -75.76492856 0.05996250105
236 -76.12874078 0.05878069841
237 -76.47652134 0.05767059642
238 -76.80844981 0.05662873091
239 -77.12475807 0.05565170578
240 -77.42572502 0.05473620642
241 -77.71167119 0.05387901094
242 -77.98295324 0.05307699936
243 -78.23995862 0.05232716081
244 -78.48310033 0.05162659888
245 -78.71281194 0.05097253534
246 -78.92954293 0.05036231226
247 -79.13375429 0.04979339294
248 -79.32591459 0.04926336158
249 -79.50649627 0.04876992206
250 -79.67597245 0.04831089591
251 -79.834814 0.04788421953
252 -79.98348705 0.04748794106
253 -80.12245078 0.04712021662
254 -80.25215553 0.0467793065
255 -80.37304111 0.0464635713
256 -80.48553406 0.04617147065
257 -80.59003428 0.0459015848
258 -80.68680634 0.04565283568
259 -80.7750378 0.04542644115
260 -80.84462217 0.04524295098
261 -80.80438219 0.04529116054
262 -79.85520241 0.0472706283
263 -71.05359503 0.0698690618
264 -1.167318415 0.626919387
265 37.98327282 0.9998075787
266 38.04031088 0.9999371455
267 36.24548693 0.9999141025
268 33.40245517 0.9998564146
269 29.80848755 0.9997232923
270 25.8249364 0.9994273055
271 21.75598322 0.9988027221
272 17.80412344 0.9975742915
273 14.08929133 0.995352374
274 10.67825076 0.9916871094
275 7.604075953 0.986191719
276 4.875954005 0.9786900292
277 2.484567781 0.9693028973
278 0.4068308431 0.9584180746
279 -1.388972249 0.9465683003
280 -2.938252574 0.9342928105
281 -4.276242243 0.9220419951
282 -5.435531235 0.9101400001
283 -6.444865141 0.8987894131
284 -7.328829658 0.8880957082
285 -8.108051037 0.878095535
286 -8.799639493 0.8687811127
287 -9.417707254 0.8601184837
288 -9.973871558 0.852060029
289 -10.47770246 0.844552516
290 -10.93710304 0.8375419875
291 -11.35862355 0.830976547
292 -11.74771678 0.8248078029
293 -12.10894391 0.8189914877
294 -12.44613975 0.8134875918
295 -12.76254515 0.8082602233
296 -13.0609133 0.8032773262
297 -13.34359526 0.7985103373
298 -13.6126089 0.7939338263
299 -13.8696949 0.7895251463
300 -14.11636219 0.7852641078
301 -14.35392521 0.7811326816
302 -14.58353443 0.7771147325
303 -14.80620165 0.7731957837
304 -15.02282088 0.7693628085
305 -15.23418584 0.7656040476
306 -15.44100454 0.7619088494
307 -15.64391162 0.7582675298
308 -15.84347871 0.7546712495
309 -16.04022333 0.7511119072
310 -16.23461636 0.7475820449
311 -16.42708858 0.744074765
312 -16.61803621 0.7405836579
313 -16.80782575 0.7371027369
314 -16.99679817 0.7336263813
315 -17.1852726 0.7301492855
316 -17.37354957 0.7266664137
317 -17.56191386 0.723172959
318 -17.75063703 0.7196643067
319 -17.93997975 0.7161360015
320 -18.13019379 0.7125837168
321 -18.32152393 0.7090032278
322 -18.51420965 0.7053903856
323 -18.70848669 0.7017410946
324 -18.90458851 0.6980512902
325 -19.10274767 0.6943169192
326 -19.30319706 0.6905339209
327 -19.50617117 0.6866982095
328 -19.71190723 0.6828056574
329 -19.9206463 0.6788520798
330 -20.1326344 0.6748332199
331 -20.34812352 0.6707447352
332 -20.56737267 0.666582185
333 -20.79064884 0.6623410177
334 -21.01822806 0.6580165608
335 -21.25039628 0.6536040108
336 -21.48745034 0.6490984248
337 -21.7296989 0.6444947137
338 -21.9774633 0.6397876371
339 -22.23107839 0.6349718001
340 -22.49089333 0.6300416531
341 -22.75727228 0.6249914939
342 -23.03059509 0.6198154732
343 -23.31125772 0.6145076046
344 -23.59967273 0.6090617791
345 -23.8962694 0.6034717842
346 -24.20149382 0.5977313306
347 -24.51580859 0.5918340846
348 -24.83969232 0.5857737093
349 -25.17363872 0.5795439146
350 -25.51815534 0.5731385169
351 -25.87376177 0.5665515102
352 -26.24098736 0.5597771481
353 -26.62036826 0.5528100389
354 -27.0124439 0.5456452533
355 -27.41775261 0.5382784443
356 -27.83682652 0.5307059811
357 -28.27018562 0.5229250927
358 -28.71833093 0.5149340235
359 -29.18173689 0.5067321943
360 -29.6608429 0.498320369
361 -30.15604416 0.4897008205
362 -30.66768191 0.4808774905
363 -31.19603329 0.4718561381
364 -31.741301 0.4626444693
365 -32.30360314 0.4532522388
366 -32.8829635 0.4436913189
367 -33.47930272 0.4339757248
368 -34.09243073 0.4241215914
369 -34.72204094 0.4141470963
370 -35.36770646 0.4040723238
371 -36.02887886 0.3939190709
372 -36.7048896 0.383710596
373 -37.39495443 0.3734713159
374 -38.09818074 0.3632264587
375 -38.81357782 0.3530016837
376 -39.54006972 0.342822682
377 -40.27651056 0.3327147702
378 -41.0217015 0.3227024956
379 -41.77440905 0.3128092633
380 -42.53338407 0.3030570024
381 -43.2973806 0.2934658792
382 -44.06517425 0.2840540666
383 -44.83557918 0.274837575
384 -45.60746357 0.2658301458
385 -46.37976288 0.257043206
386 -47.15149082 0.2484858812
387 -47.92174775 0.2401650589
388 -48.68972659 0.2320854973
389 -49.45471611 0.2242499684
390 -50.21610181 0.2166594295
391 -50.97336459 0.2093132131
392 -51.72607735 0.2022092283
393 -52.47389971 0.1953441661
394 -53.2165712 0.1887137043
395 -53.95390315 0.1823127051
396 -54.6857693 0.176135404
397 -55.41209571 0.1701755849
398 -56.13284983 0.1644267408
399 -56.84802917 0.1588822188
400 -57.55764967 0.1535353472
401 -58.26173403 0.1483795456
402 -58.96030021 0.1434084169
403 -59.65335025 0.1386158225
404 -60.34085986 0.1339959389
405 -61.02276876 0.1295432989
406 -61.69897221 0.1252528154
407 -62.36931401 0.1211197906
408 -63.03358097 0.117139911
409 -63.69149932 0.1133092292
410 -64.34273304 0.1096241353
411 -64.98688431 0.1060813189
412 -65.62349595 0.1026777237
413 -66.25205603 0.09941049784
414 -66.87200428 0.0962769418
415 -67.48274028 0.09327445623
416 -68.08363293 0.09040049179
417 -68.67403114 0.08765250312
418 -69.25327513 0.08502790846
419 -69.82070799 0.08252405596
420 -70.37568724 0.08013819769
421 -70.91759588 0.07786747136
422 -71.44585263 0.07570888996
423 -71.95992112 0.07365933866
424 -72.45931781 0.07171557834
425 -72.94361847 0.06987425482
426 -73.41246316 0.06813191271
427 -73.86555963 0.06648501271
428 -74.30268531 0.0649299514
429 -74.72368785 0.06346308242
430 -75.12848436 0.06208073811
431 -75.51705952 0.0607792509
432 -75.88946277 0.05955497369
433 -76.24580457 0.05840429899
434 -76.58625221 0.0573236761
435 -76.91102496 0.05630962647
436 -77.22038907 0.05535875688
437 -77.51465246 0.05446777053
438 -77.79415954 0.05363347605
439 -78.05928585 0.0528527945
440 -78.3104331 0.05212276461
441 -78.54802423 0.05144054629
442 -78.77249883 0.05080342267
443 -78.98430886 0.05020880078
444 -79.18391471 0.04965421119
445 -79.37178158 0.04913730659
446 -79.54837628 0.04865585964
447 -79.71416427 0.04820776014
448 -79.86960723 0.04779101166
449 -80.01516075 0.04740372781
450 -80.15127248 0.04704412819
451 -80.27838053 0.04671053414
452 -80.39691216 0.04640136434
453 -80.50728264 0.04611513039
454 -80.60989445 0.0458504323
455 -80.70513663 0.04560595416
456 -80.79338427 0.04538045966
457 -80.87499825 0.04517278795
458 -80.95032502 0.04498184943
459 -81.01969661 0.04480662177
460 -81.08343064 0.04464614607
461 -81.14183052 0.04449952317
462 -81.19518561 0.04436591011
463 -81.24377155 0.04424451677
464 -81.28785058 0.04413460268
465 -81.32767193 0.04403547399
466 -81.36347221 0.04394648057
467 -81.39547582 0.04386701333
468 -81.42389547 0.04379650165
469 -81.44893255 0.04373441094
470 -81.47077766 0.04368024041
471 -81.48961103 0.04363352087
472 -81.50560301 0.04359381278
473 -81.51891451 0.04356070435
474 -81.52969747 0.04353380972
475 -81.53809525 0.04351276738
476 -81.54424313 0.04349723854
477 -81.54826865 0.04348690572
478 -81.55029205 0.04348147137
479 -81.55042666 0.04348065659
480 -81.54877925 0.04348419995
481 -81.54545038 0.04349185633
482 -81.54053478 0.04350339595
483 -81.53412161 0.04351860331
484 -81.52629479 0.0435372764
485 -81.51713307 0.04355922627
486 -81.50670818 0.04358428043
487 -81.49506627 0.04361231995
488 -81.48205734 0.04364362205
489 -81.46578957 0.04368196849
490 -81.42864294 0.0437628177
491 -81.21079572 0.0442100241
492 -79.3687025 0.04810152764
493 -63.03381995 0.0972898775
494 29.3045788 0.9448264311
495 38.61575039 0.9999323474
496 37.91073587 0.9999359881
497 35.98289721 0.9999098959
498 33.14818328 0.9998492361
499 29.69105795 0.9997161163
500 25.93648933 0.9994356984
501 22.13994806 0.9988753345
502 18.46483943 0.9978264445
503 15.00605209 0.9960043818
504 11.81645526 0.9930842381
505 8.923264841 0.9887781646
506 6.335855117 0.9829309053
507 4.04951978 0.9755861464
508 2.048386765 0.9669855371
509 0.3087015342 0.9575028836
510 -1.197674078 0.9475517326
511 -2.500150544 0.9375076888
512 -3.627117015 0.9276654139
513 -4.604551349 0.9182281615
514 -5.45538025 0.9093176089
515 -6.19935448 0.9009919803
516 -6.853224779 0.8932647534
517 -7.431062365 0.8861203858
518 -7.944625757 0.8795261328
519 -8.403719368 0.8734402891
520 -8.816517743 0.8678176173
521 -9.189846089 0.8626127362
522 -9.529416643 0.857782111
523 -9.840024676 0.8532851211
524 -10.12570951 0.8490845414
525 -10.38988608 0.8451466646
526 -10.6354523 0.8414412112
527 -10.86487652 0.8379411252
528 -11.08026905 0.8346223128
529 -11.28344057 0.8314633623
530 -11.47595021 0.8284452667
531 -11.65914502 0.8255511589
532 -11.83419267 0.8227660689
533 -12.00210857 0.820076702
534 -12.16377843 0.8174712404
535 -12.31997715 0.8149391673
536 -12.47138467 0.8124711104
537 -12.6185993 0.8100587041
538 -12.76214901 0.8076944689
539 -12.90250102 0.8053717046
540 -13.0400699 0.8030843974
541 -13.17522459 0.8008271376
542 -13.30829433 0.7985950476
543 -13.43957379 0.7963837191
544 -13.56932749 0.7941891573
545 -13.69779362 0.7920077318
546 -13.82518734 0.7898361337
547 -13.95170367 0.7876713376
548 -14.07752 0.7855105677
549 -14.20279824 0.7833512681
550 -14.32768682 0.7811910766
551 -14.4523223 0.7790278007
552 -14.57683089 0.7768593972
553 -14.70132978 0.7746839532
554 -14.82592826 0.7724996697
555 -14.95072878 0.770304846
556 -15.07582789 0.7680978668
557 -15.20131702 0.7658771898
558 -15.32728326 0.7636413344
559 -15.45380999 0.7613888722
560 -15.58097754 0.7591184172
561 -15.70886368 0.7568286179
562 -15.83754416 0.7545181492
563 -15.96709315 0.7521857054
564 -16.0975837 0.7498299934
565 -16.2290881 0.7474497267
566 -16.36167827 0.7450436188
567 -16.49542612 0.7426103785
568 -16.63040387 0.7401487038
569 -16.76668436 0.7376572771
570 -16.90434139 0.73513476
571 -17.04345 0.7325797887
572 -17.18408675 0.7299909689
573 -17.32633005 0.7273668711
574 -17.47026041 0.7247060263
575 -17.61596075 0.7220069208
576 -17.76351668 0.7192679916
577 -17.91301682 0.7164876219
578 -18.06455306 0.713664136
579 -18.2182209 0.7107957945
580 -18.37411978 0.7078807892
581 -18.53235337 0.7049172383
582 -18.69302993 0.7019031806
583 -18.85626269 0.6988365707
584 -19.02217016 0.6957152732
585 -19.19087658 0.6925370572
586 -19.36251226 0.6892995902
587 -19.53721407 0.6860004328
588 -19.7151258 0.6826370322
589 -19.89639869 0.6792067164
590 -20.08119186 0.6757066877
591 -20.26967284 0.6721340169
592 -20.46201808 0.6684856371
593 -20.65841348 0.6647583374
594 -20.85905496 0.660948757
595 -21.06414904 0.65705338
596 -21.27391343 0.6530685298
597 -21.48857764 0.6489903641
598 -21.70838355 0.6448148715
599 -21.9335861 0.640537868
600 -22.16445383 0.6361549948
601 -22.40126953 0.6316617181
602 -22.64433077 0.6270533298
603 -22.89395047 0.6223249509
604 -23.15045737 0.6174715373
605 -23.41419645 0.6124878881
606 -23.68552924 0.6073686587
607 -23.96483405 0.602108376
608 -24.252506 0.596701461
609 -24.54895692 0.5911422546
610 -24.85461497 0.585425051
611 -25.16992407 0.5795441384
612 -25.49534295 0.5734938468
613 -25.83134385 0.5672686052
614 -26.17841085 0.5608630088
615 -26.53703764 0.5542718953
616 -26.90772483 0.547490434
617 -27.29097655 0.5405142241
618 -27.68729652 0.533339406
619 -28.09718331 0.5259627825
620 -28.52112494 0.5183819513
621 -28.95959262 0.5105954451
622 -29.41303384 0.5026028794
623 -29.88186462 0.4944051033
624 -30.36646115 0.4860043517
625 -30.8671509 0.4774043914
626 -31.38420322 0.4686106591
627 -31.9178198 0.4596303819
628 -32.46812521 0.4504726766
629 -33.03515764 0.4411486185
630 -33.61886046 0.4316712744
631 -34.21907474 0.4220556929
632 -34.83553318 0.4123188467
633 -35.46785594 0.4024795236
634 -36.11554845 0.3925581642
635 -36.77800179 0.3825766473
636 -37.45449564 0.3725580254
637 -38.14420397 0.3625262185
638 -38.84620346 0.3525056726
639 -39.55948457 0.3425209951
640 -40.28296484 0.3325965804
641 -41.01550421 0.3227562363
642 -41.75592171 0.3130228285
643 -42.50301316 0.303417952
644 -43.25556912 0.2939616437
645 -44.01239251 0.2846721425
646 -44.77231551 0.2755657034
647 -45.53421504 0.2666564704
648 -46.29702643 0.2579564059
649 -47.05975518 0.249475276
650 -47.8214862 0.2412206866
651 -48.58139086 0.2331981645
652 -49.33873146 0.2254112758
653 -50.09286342 0.2178617738
654 -50.8432352 0.2105497693
655 -51.58938618 0.2034739149
656 -52.33094266 0.1966315979
657 -53.06761221 0.1900191335
658 -53.79917661 0.1836319565
659 -54.52548362 0.1774648045
660 -55.24643764 0.1715118911
661 -55.96198974 0.1657670669
662 -56.67212696 0.1602239656
663 -57.37686127 0.1548761347
664 -58.0762183 0.1497171507
665 -58.77022607 0.144740717
666 -59.45890385 0.1399407465
667 -60.14225152 0.1353114263
668 -60.82023951 0.1308472684
669 -61.49279965 0.1265431425
670 -62.15981714 0.1223942958
671 -62.82112386 0.1183963575
672 -63.47649338 0.1145453305
673 -64.12563765 0.1108375714
674 -64.76820571 0.10726976
675 -65.4037844 0.1038388608
676 -66.03190116 0.1005420776
677 -66.65202885 0.097376804
678 -67.26359244 0.09434057192
679 -67.86597736 0.09143100023
680 -68.45853927 0.08864574558
681 -69.04061491 0.08598245738
682 -69.6115335 0.0834387383
683 -70.17062862 0.0810121115
684 -70.71724979 0.0786999954
685 -71.25077367 0.07649968613
686 -71.77061445 0.0744083477
687 -72.27623305 0.07242300942
688 -72.76714509 0.07054056984
689 -73.24292739 0.06875780628
690 -73.70322282 0.067071389
