0 -71.25294297 0.0764812375
1 -71.75246016 0.07447113705
2 -72.23827578 0.07256126705
3 -72.7100239 0.07074847527
4 -73.16738968 0.06902954453
5 -73.61011261 0.06740120361
6 -74.03798873 0.06586014038
7 -74.45087166 0.06440301641
8 -74.84867263 0.06302648245
9 -75.23135954 0.06172719407
10 -75.59895529 0.060501827
11 -75.95153523 0.05934709174
12 -76.28922421 0.05825974715
13 -76.61219306 0.05723661268
14 -76.92065478 0.05627457921
15 -77.21486047 0.05537061844
16 -77.49509517 0.05452179065
17 -77.76167366 0.05372525103
18 -78.01493628 0.05297825462
19 -78.25524487 0.05227815981
20 -78.48297886 0.0516224308
21 -78.69853162 0.05100863873
22 -78.90230691 0.05043446211
23 -79.09471578 0.04989768618
24 -79.2761735 0.04939620173
25 -79.44709684 0.04892800345
26 -79.60790062 0.04849118994
27 -79.75898634 0.04808398094
28 -79.90066063 0.04770488729
29 -80.03243845 0.04735420619
30 -80.14698025 0.04704701319
31 -80.17723994 0.04692618753
32 -79.53621513 0.04826728786
33 -73.13839305 0.06419197774
34 -20.25276969 0.4156404544
35 37.41829534 0.9994659471
36 38.10318322 0.9999374848
37 36.44276462 0.9999170483
38 33.67750049 0.9998634471
39 30.11261236 0.9997383943
40 26.11547382 0.9994572565
41 22.0050428 0.9988563996
42 17.99761498 0.9976586441
43 14.2224959 0.9954637648
44 10.75208703 0.991800018
45 7.622733857 0.9862513937
46 4.845389732 0.9786164128
47 2.411407423 0.9690063953
48 0.2975373773 0.957818928
49 -1.528650826 0.9456096919
50 -3.103546487 0.9329439079
51 -4.463393211 0.9202935737
52 -5.641687709 0.9079973051
53 -6.667920929 0.8962655698
54 -7.567258161 0.8852069756
55 -8.360760388 0.8748584161
56 -9.065856451 0.8652108511
57 -9.696888832 0.8562284381
58 -10.2656399 0.8478615412
59 -10.78179786 0.8400550237
60 -11.25335055 0.8327532362
61 -11.68690942 0.8259028253
62 -12.08797209 0.8194541629
63 -12.46113325 0.8133619375
64 -12.81025339 0.8075852544
65 -13.13859387 0.802087466
66 -13.44892492 0.7968358626
67 -13.74361244 0.7918013068
68 -14.02468785 0.7869578557
69 -14.29390466 0.7822823966
70 -14.55278443 0.777754309
71 -14.80265425 0.7733551585
72 -15.0446776 0.7690684228
73 -15.27987967 0.7648792501
74 -15.50916851 0.7607742462
75 -15.73335247 0.7567412879
76 -15.95315499 0.7527693598
77 -16.16922687 0.7488484119
78 -16.38215679 0.7449692345
79 -16.59248016 0.7411233492
80 -16.80068674 0.7373029126
81 -17.00722712 0.7335006326
82 -17.21251836 0.7297096935
83 -17.41694888 0.7259236904
84 -17.6208827 0.7221365712
85 -17.82466319 0.7183425841
86 -18.02861635 0.7145362315
87 -18.23305375 0.7107122282
88 -18.43827512 0.706865464
89 -18.64457075 0.7029909692
90 -18.85222359 0.6990838843
91 -19.06151117 0.6951394312
92 -19.27270745 0.6911528876
93 -19.48608444 0.6871195635
94 -19.70191374 0.6830347788
95 -19.92046799 0.6788938433
96 -20.14202226 0.6746920382
97 -20.36685532 0.6704245987
98 -20.59525094 0.6660866984
99 -20.82749901 0.6616734346
100 -21.06389675 0.6571798159
101 -21.30474979 0.6526007503
102 -21.55037323 0.6479310356
103 -21.80109268 0.6431653512
104 -22.05724523 0.6382982525
105 -22.31918038 0.6333241667
106 -22.58726086 0.6282373923
107 -22.86186347 0.6230321004
108 -23.14337977 0.6177023406
109 -23.4322166 0.6122420504
110 -23.72879661 0.606645069
111 -24.03355848 0.6009051571
112 -24.34695705 0.5950160222
113 -24.66946312 0.5889713507
114 -25.00156305 0.5827648485
115 -25.34375798 0.576390289
116 -25.69656267 0.5698415719
117 -26.06050389 0.5631127913
118 -26.43611829 0.5561983156
119 -26.82394972 0.5490928791
120 -27.22454587 0.5417916852
121 -27.63845422 0.5342905231
122 -28.06621717 0.5265858956
123 -28.50836647 0.5186751581
124 -28.96541666 0.5105566685
125 -29.43785775 0.5022299432
126 -29.92614705 0.4936958193
127 -30.43070022 0.4849566162
128 -30.95188164 0.4760162934
129 -31.48999431 0.4668805983
130 -32.04526941 0.4575571967
131 -32.61785589 0.4480557796
132 -33.20781029 0.4383881375
133 -33.8150873 0.428568195
134 -34.4395314 0.4186119991
135 -35.08087003 0.4085376544
136 -35.73870873 0.3983652013
137 -36.41252861 0.3881164345
138 -37.10168663 0.3778146647
139 -37.80541877 0.3674844235
140 -38.52284633 0.357151123
141 -39.25298535 0.3468406761
142 -39.99475895 0.3365790931
143 -40.74701239 0.3263920669
144 -41.50853017 0.3163045643
145 -42.2780549 0.306340437
146 -43.05430703 0.2965220679
147 -43.83600486 0.2868700654
148 -44.62188405 0.2774030135
149 -45.4107161 0.2681372869
150 -46.201325 0.2590869308
151 -46.99260175 0.2502636076
152 -47.78351636 0.241676605
153 -48.573127 0.2333329009
154 -49.36058631 0.2252372754
155 -50.14514489 0.2173924637
156 -50.92615199 0.2097993375
157 -51.70305365 0.2024571078
158 -52.47538855 0.1953635396
159 -53.24278178 0.1885151709
160 -54.0049369 0.1819075293
161 -54.76162648 0.1755353416
162 -55.5126815 0.1693927303
163 -56.25797993 0.1634733961
164 -56.99743463 0.1577707822
165 -57.73098098 0.1522782202
166 -58.45856444 0.1469890551
167 -59.18012838 0.141896752
168 -59.89560232 0.1369949804
169 -60.60489106 0.132277681
170 -61.30786478 0.1277391118
171 -62.00435051 0.1233738768
172 -62.6941252 0.1191769388
173 -63.37691052 0.1151436152
174 -64.05236972 0.1112695623
175 -64.72010663 0.1075507466
176 -65.37966679 0.1039834082
177 -66.03054078 0.1005640169
178 -66.67216966 0.0972892243
179 -67.30395231 0.09415581379
180 -67.92525436 0.09116065192
181 -68.53541853 0.08830064196
182 -69.13377587 0.08557268231
183 -69.71965756 0.08297363093
184 -70.29240681 0.08050027686
185 -70.85139051 0.07814931935
186 -71.39601022 0.07591735478
187 -71.92571216 0.073800871
188 -72.43999597 0.07179624861
189 -72.93842203 0.06989976826
190 -73.42061717 0.06810762297
191 -73.88627885 0.06641593437
192 -74.33517762 0.06482077169
193 -74.76715816 0.06331817259
194 -75.18213873 0.06190416458
195 -75.58010953 0.06057478654
196 -75.96112977 0.05932610927
197 -76.32532394 0.05815425487
198 -76.67287729 0.05705541424
199 -77.00403075 0.05602586268
200 -77.31907549 0.05506197332
201 -77.61834726 0.0541602283
202 -77.90222063 0.05331722787
203 -78.17110334 0.05252969735
204 -78.42543069 0.05179449222
205 -78.66566026 0.05110860142
206 -78.89226689 0.0504691491
207 -79.10573797 0.04987339493
208 -79.30656916 0.04931873331
209 -79.49526046 0.04880269151
210 -79.67231269 0.04832292699
211 -79.83822438 0.04787722404
212 -79.99348903 0.04746348991
213 -80.13859274 0.0470797505
214 -80.27401219 0.04672414577
215 -80.40021299 0.04639492496
216 -80.51764822 0.04609044168
217 -80.62675741 0.04580914893
218 -80.72796561 0.0455495942
219 -80.82168278 0.04531041453
220 -80.90830334 0.04509033173
221 -80.98820593 0.0448881477
222 -81.06175325 0.0447027399
223 -81.12929211 0.04453305699
224 -81.19115356 0.04437811459
225 -81.24765308 0.04423699133
226 -81.29909091 0.04410882495
227 -81.34575239 0.04399280872
228 -81.3879084 0.04388818794
229 -81.42581578 0.0437942567
230 -81.45971781 0.04371035476
231 -81.48984477 0.04363586466
232 -81.51641439 0.04357020895
233 -81.53963239 0.04351284765
234 -81.55969304 0.04346327579
235 -81.57677948 0.04342102144
236 -81.59106321 0.04338564571
237 -81.60269484 0.04335676026
238 -81.61171802 0.0433341984
239 -81.61729878 0.0433195538
240 -81.61085484 0.04332990811
241 -81.51481284 0.04352060219
242 -80.63698837 0.04531235626
243 -72.84065099 0.06424852668
244 -9.038216701 0.5354109684
245 38.0410652 0.999738416
246 38.26595109 0.9999395952
247 36.637451 0.9999199123
248 33.99445637 0.9998709298
249 30.5968121 0.9997599548
250 26.78552366 0.999517938
251 22.85881334 0.9990153673
252 19.01860178 0.998037046
253 15.38524048 0.9962732002
254 12.02645223 0.9933508993
255 8.977679526 0.9889191731
256 6.252445366 0.9827659419
257 3.847390124 0.9749083332
258 1.745950651 0.9656021388
259 -0.07765689312 0.9552671047
260 -1.654250898 0.9443750069
261 -3.016011506 0.9333545989
262 -4.193830576 0.9225397893
263 -5.215761309 0.9121580845
264 -6.106354332 0.9023433884
265 -6.886581347 0.8931580705
266 -7.574086056 0.8846150348
267 -8.183580536 0.8766957962
268 -8.727277516 0.8693637429
269 -9.215300949 0.8625731756
270 -9.656049549 0.856275123
271 -10.05650613 0.850420883
272 -10.42249466 0.8449640395
273 -10.75889091 0.8398614988
274 -11.06979373 0.835073916
275 -11.35866376 0.8305657579
276 -11.62843565 0.8263051579
277 -11.88160893 0.8222636646
278 -12.12032175 0.8184159409
279 -12.34641086 0.8147394529
280 -12.56146061 0.8112141663
281 -12.76684311 0.8078222637
282 -12.96375128 0.8045478847
283 -13.1532262 0.8013768934
284 -13.33617977 0.7982966705
285 -13.51341368 0.7952959297
286 -13.6856352 0.7923645561
287 -13.85347052 0.7894934634
288 -14.01747602 0.7866744699
289 -14.17814774 0.7839001886
290 -14.33592956 0.7811639317
291 -14.49122008 0.778459626
292 -14.64437856 0.7757817394
293 -14.79573006 0.7731252156
294 -14.94556981 0.7704854169
295 -15.09416708 0.7678580738
296 -15.24176845 0.7652392401
297 -15.38860077 0.7626252533
298 -15.53487365 0.7600126992
299 -15.68078173 0.7573983808
300 -15.82650664 0.7547792899
301 -15.97221876 0.752152582
302 -16.11807876 0.7495155538
303 -16.26423899 0.7468656222
304 -16.41084475 0.7442003062
305 -16.55803541 0.7415172096
306 -16.70594544 0.7388140056
307 -16.85470532 0.7360884222
308 -17.00444244 0.7333382292
309 -17.15528188 0.7305612259
310 -17.30734713 0.7277552289
311 -17.46076083 0.7249180618
312 -17.61564541 0.7220475443
313 -17.77212373 0.7191414823
314 -17.93031966 0.7161976583
315 -18.09035871 0.7132138222
