0 -81.52084744 0.0435781694
1 -59.3493126 0.1205046823
2 15.41106496 0.7686936311
3 42.3476895 0.9999406871
4 45.67008153 0.9999836772
5 51.53687119 0.9999944191
6 42.90771292 0.9999776013
7 37.75702985 0.9999388534
8 33.15628597 0.9998542073
9 28.65640447 0.9996631333
10 24.24864854 0.9992429172
11 19.99421712 0.9983661093
12 15.95396163 0.9966578728
13 12.1788434 0.9935888746
14 8.709449375 0.9885538288
15 5.573919423 0.9810540521
16 2.784516949 0.9709130176
17 0.3357494959 0.9583858319
18 -1.793916615 0.9440805942
19 -3.637144436 0.9287517815
20 -5.231747029 0.9130984793
21 -6.615672278 0.8976517676
22 -7.823828557 0.8827529946
23 -8.886620015 0.8685841441
24 -9.829647337 0.8552138077
25 -10.67404166 0.8426389123
26 -11.43706215 0.8308157491
27 -12.1327467 0.8196805654
28 -12.77251474 0.8091621821
29 -13.36568422 0.7991891935
30 -13.91989708 0.7896937447
31 -14.44146115 0.7806132573
32 -14.93562169 0.771890981
33 -15.40677554 0.7634759098
34 -15.85863982 0.7553223807
35 -16.294385 0.7473895392
36 -16.71674002 0.7396407701
37 -17.12807585 0.7320431484
38 -17.53047215 0.7245669348
39 -17.92577069 0.7171851263
40 -18.31561853 0.7098730626
41 -18.70150301 0.7026080874
42 -19.08478018 0.6953692585
43 -19.4666982 0.6881371033
44 -19.84841642 0.6808934156
45 -20.23102106 0.6736210871
46 -20.61553811 0.6663039735
47 -21.00294377 0.6589267899
48 -21.39417285 0.6514750339
49 -21.7901254 0.6439349358
50 -22.1916717 0.6362934332
51 -22.5996558 0.6285381697
52 -23.01489767 0.6206575172
53 -23.43819403 0.6126406209
54 -23.87031794 0.6044774661
55 -24.31201715 0.5961589662
56 -24.7640112 0.5876770698
57 -25.22698749 0.5790248865
58 -25.70159609 0.5701968261
59 -26.18844361 0.5611887509
60 -26.68808619 0.5519981339
61 -27.20102159 0.5426242183
62 -27.72768087 0.5330681724
63 -28.26841957 0.523333232
64 -28.82350899 0.5134248214
65 -29.39312758 0.5033506463
66 -29.97735312 0.4931207486
67 -30.57615581 0.4827475168
68 -31.18939274 0.4722456451
69 -31.81680415 0.4616320354
70 -32.45801176 0.4509256422
71 -33.11251938 0.4401472583
72 -33.77971601 0.4293192469
73 -34.45888151 0.4184652244
74 -35.1491948 0.4076097044
75 -35.84974434 0.3967777141
76 -36.55954079 0.385994395
77 -37.27753127 0.3752846041
78 -38.00261499 0.3646725271
79 -38.73365959 0.3541813172
80 -39.46951779 0.3438327728
81 -40.20904384 0.3336470596
82 -40.95110913 0.3236424869
83 -41.69461683 0.3138353395
84 -42.43851501 0.3042397677
85 -43.18180798 0.2948677319
86 -43.9235658 0.2857290006
87 -44.66293179 0.2768311937
88 -45.39912803 0.2681798666
89 -46.13145888 0.2597786277
90 -46.85931264 0.2516292802
91 -47.58216161 0.243731984
92 -48.29956043 0.2360854288
93 -49.0111432 0.2286870129
94 -49.71661936 0.2215330239
95 -50.41576856 0.2146188154
96 -51.10843474 0.2079389775
97 -51.79451957 0.2014874974
98 -52.47397526 0.1952579101
99 -53.14679719 0.1892434356
100 -53.81301608 0.1834371032
101 -54.47269022 0.1778318631
102 -55.1258976 0.1724206831
103 -55.77272811 0.1671966326
104 -56.41327608 0.1621529532
105 -57.04763304 0.1572831164
106 -57.67588099 0.1525808689
107 -58.29808618 0.1480402664
108 -58.91429363 0.1436556966
109 -59.52452233 0.1394218905
110 -60.1287614 0.1353339263
111 -60.72696707 0.1313872229
112 -61.31906082 0.1275775265
113 -61.90492837 0.1239008914
114 -62.48441982 0.1203536542
115 -63.05735076 0.1169324053
116 -63.62350431 0.1136339568
117 -64.18263409 0.1104553093
118 -64.73446787 0.107393618
119 -65.27871192 0.1044461604
120 -65.8150558 0.1016103047
121 -66.34317751 0.09888348173
122 -66.86274882 0.09626315929
123 -67.37344062 0.09374682096
124 -67.8749281 0.09133194827
125 -68.36689581 0.0890160071
126 -44.88063433 0.228550159
127 24.24528646 0.9433256307
128 43.98703872 0.9999681197
129 50.95706905 0.9999936777
130 59.64738304 0.9999987906
131 50.44623335 0.9999948449
132 43.32011483 0.9999794351
133 36.93058937 0.9999304289
134 30.94160022 0.9997853548
135 25.30315195 0.9993899348
136 20.03619098 0.9984114317
137 15.17877155 0.9962438704
138 10.76893655 0.9919999106
139 6.833818443 0.9847163274
140 3.380395184 0.9737650376
141 0.3909083599 0.9592070573
142 -2.17451008 0.941793057
143 -4.36961151 0.9226271892
144 -6.252569371 0.9027763756
145 -7.878793686 0.8830436818
146 -9.297058325 0.8639246707
147 -10.54827725 0.8456639234
148 -11.66582809 0.8283362254
149 -12.67655308 0.8119157318
150 -13.6019258 0.7963240686
151 -14.45914049 0.7814601092
152 -15.26203584 0.7672168974
153 -16.02184071 0.7534904868
154 -16.74776032 0.7401840397
155 -17.44743064 0.7272093024
156 -18.12726816 0.7144867203
157 -18.79273839 0.7019449127
158 -19.44856173 0.6895199103
159 -20.09887127 0.6771543651
160 -20.74733351 0.6647968427
161 -21.3972401 0.6524012469
162 -22.05157675 0.6399263947
163 -22.71307391 0.6273357456
164 -23.38424224 0.6145972784
165 -24.06739564 0.6016835044
166 -24.76466355 0.5885716015
167 -25.47799389 0.5752436495
168 -26.20914814 0.5616869444
169 -26.95968954 0.54789436
170 -27.7309658 0.5338647262
171 -28.52408757 0.5196031812
172 -29.33990447 0.5051214555
173 -30.17898039 0.4904380409
174 -31.04157019 0.4755782005
175 -31.92760006 0.4605737777
176 -32.8366538 0.4454627755
177 -33.76796715 0.4302886894
178 -34.72043189 0.4150995955
179 -35.69261105 0.3999470184
180 -36.68276563 0.3848846204
181 -37.68889249 0.3699667761
182 -38.70877208 0.3552471066
183 -39.74002398 0.3407770551
184 -40.78016741 0.3266045833
185 -41.82668356 0.3127730581
186 -42.87707637 0.2993203811
187 -43.92892888 0.2862783927
188 -44.97995234 0.2736725592
189 -46.0280263 0.2615219309
190 -47.07122845 0.2498393423
191 -48.10785387 0.2386318104
192 -49.1364239 0.2279010847
193 -50.15568554 0.2176442968
194 -51.16460259 0.2078546635
195 -52.16233997 0.1985222022
196 -53.1482427 0.1896344244
197 -54.12181124 0.181176984
198 -55.08267433 0.1731342606
199 -56.03056084 0.1654898704
200 -56.9652716 0.1582270984
201 -57.88665232 0.1513292518
202 -58.79456822 0.1447799393
203 -59.68888122 0.1385632803
204 -60.56943029 0.1326640509
205 -61.43601521 0.1270677751
206 -62.28838434 0.1217607686
207 -63.12622642 0.1167301437
208 -63.94916656 0.111963783
209 -64.7567664 0.1074502896
210 -65.54852805 0.1031789216
211 -66.32390168 0.09913951721
212 -67.08229609 0.09532241577
213 -67.82309165 0.09171838123
214 -68.54565505 0.08831853054
215 -69.24935494 0.0851142709
216 -69.93357795 0.08209724759
217 -70.59774411 0.07925930326
218 -71.24132129 0.07659244889
219 -71.8638381 0.07408884579
220 -72.46489466 0.07174079731
221 -73.04417132 0.06954074885
222 -73.6014348 0.06748129433
223 -74.13654212 0.06555518736
224 -74.64944211 0.06375535533
225 -75.14017482 0.06207491497
226 -75.60886902 0.06050718803
227 -76.05573813 0.05904571605
228 -76.48107474 0.05768427338
229 -76.88524418 0.05641687813
230 -77.26867733 0.05523780045
231 -77.63186292 0.05414156829
232 -77.97533971 0.05312297045
233 -78.29968853 0.05217705726
234 -78.60552466 0.05129913893
235 -78.8934903 0.05048478187
236 -79.16424767 0.04972980334
237 -79.41847247 0.04903026469
238 -79.65684794 0.04838246334
239 -79.8800595 0.04778292399
240 -80.08879 0.04722838909
241 -80.28371552 0.04671580896
242 -80.46550176 0.04624233156
243 -80.63480101 0.04580529224
244 -80.79224954 0.04540220353
245 -80.93846557 0.04503074499
246 -81.07404758 0.04468875343
247 -81.19957306 0.04437421329
248 -81.31559763 0.04408524746
249 -81.42265435 0.04382010842
250 -81.52125347 0.04357716984
251 -59.34970821 0.1205023966
252 15.41073597 0.7686869888
253 42.3476503 0.9999406861
254 45.66998723 0.9999836769
255 51.53673425 0.999994419
256 42.90766796 0.999977601
257 37.75712365 0.9999388543
258 33.156509 0.999854213
259 28.65674308 0.9996631535
260 24.24908822 0.999242976
261 19.99474265 0.998366259
262 15.95455686 0.9966582124
263 12.17949125 0.9935895643
264 8.7101325 0.9885550824
265 5.574621464 0.9810560967
266 2.785224228 0.9709160319
267 0.3364523436 0.9583898991
268 -1.793223424 0.944085698
269 -3.636462203 0.9287578392
270 -5.231074186 0.9131053852
271 -6.615005521 0.8976594242
272 -7.823163747 0.8827613279
273 -8.885952785 0.868593106
274 -9.828973437 0.8552233722
275 -10.67335713 0.8426490708
276 -11.43636337 0.8308265049
277 -12.13203039 0.8196919302
278 -12.77177792 0.8091741732
279 -13.36492417 0.7992018319
280 -13.91911127 0.7897070541
281 -14.44064724 0.7806272633
282 -14.93477742 0.7719057106
283 -15.40589873 0.7634913914
284 -15.85772835 0.7553386443
285 -16.29343674 0.7474066158
286 -16.71575284 0.7396586922
287 -17.12704759 0.7320619499
288 -17.52940056 0.7245866512
289 -17.92465349 0.7172057948
290 -18.31445334 0.7098947223
291 -18.70028733 0.7026307788
292 -19.08351143 0.6953930242
293 -19.46537365 0.6881619877
294 -19.8470332 0.6809194648
295 -20.2295762 0.673648349
296 -20.61402847 0.6663324977
297 -21.00136607 0.6589566273
298 -21.39252367 0.6515062367
299 -21.78840117 0.6439675571
300 -22.18986873 0.6363275265
301 -22.59777025 0.6285737884
302 -23.01292561 0.6206947142
303 -23.43613143 0.6126794477
304 -23.86816071 0.6045179719
305 -24.30976115 0.5962011972
306 -24.76165233 0.5877210679
307 -25.22452166 0.5790706881
308 -25.69901932 0.5702444612
309 -26.1857521 0.5612382412
310 -26.68527631 0.5520494915
311 -27.19809005 0.5426774447
312 -27.7246247 0.5331232567
313 -28.26523626 0.5233901497
314 -28.82019653 0.5134835332
315 -29.38968454 0.5034110973
316 -29.97377875 0.4931828674
317 -30.57245003 0.4828112155
318 -31.18555627 0.4723108188
319 -31.81283852 0.4616985632
320 -32.45391932 0.4509933877
321 -33.10830331 0.4402160713
322 -33.77538033 0.4293889648
323 -34.45443103 0.4185356745
324 -35.14463508 0.4076807065
325 -35.84508161 0.3968490827
326 -36.55478188 0.3860659429
327 -37.27268349 0.3753561445
328 -37.99768604 0.3647438767
329 -38.72865745 0.3542522992
330 -39.46445059 0.3439032186
331 -40.20391972 0.3337168113
332 -40.94593617 0.3237113991
333 -41.68940293 0.3139032805
334 -42.43326777 0.3043066203
335 -43.17653462 0.2949333941
336 -43.91827311 0.2857933858
337 -44.65762607 0.2768942303
338 -45.39381501 0.2682414979
339 -46.12614372 0.2598388107
340 -46.85399993 0.2516879852
341 -47.57685532 0.2437891933
342 -48.29426397 0.2361411352
343 -49.00585939 0.2287412191
344 -49.71135048 0.221585741
345 -50.41051641 0.2146700615
346 -51.10320065 0.2079887765
347 -51.78930445 0.2015358782
348 -52.46877969 0.1953049051
349 -53.14162144 0.1892890799
350 -53.80786018 0.1834814338
351 -54.46755405 0.1778749177
352 -55.1207809 0.1724624997
353 -55.7676306 0.1672372486
354 -56.40819749 0.1621924051
355 -57.04257318 0.1573214391
356 -57.67083979 0.1526180956
357 -58.29306378 0.1480764283
358 -58.90929038 0.1436908223
359 -59.51953887 0.1394560066
360 -60.12379864 0.135367057
361 -60.72202628 0.1314193898
362 -61.31414359 0.1276087494
363 -61.90003664 0.1239311879
364 -62.47955588 0.1203830402
365 -63.0525172 0.1169608952
366 -63.61870405 0.1136615638
367 -64.17787031 0.1104820455
368 -64.72974399 0.1074194951
369 -65.27403155 0.1044711895
370 -65.81042269 0.101634497
371 -66.33859551 0.09890684846
372 -66.85822184 0.09628571205
373 -67.36897254 0.09376857189
374 -67.87052276 0.09135291016
375 -68.36255693 0.08903619349
