0 -79.87625895 0.0477591509
1 -79.975992 0.04749362336
2 -80.06913856 0.04724681337
3 -80.15596225 0.04701776978
4 -80.23671538 0.04680560609
5 -80.31163692 0.04660949772
6 -80.38097589 0.04642862754
7 -80.44493691 0.04626229601
8 -80.50372361 0.04610984241
9 -80.55752663 0.04597065239
10 -80.60651839 0.04584417141
11 -80.65079019 0.04573003248
12 -80.68972624 0.04562935598
13 -80.71625651 0.04555672513
14 -80.66531464 0.04564783202
15 -79.95327697 0.04714449098
16 -73.38036322 0.06324104613
17 -18.16049655 0.4356262105
18 37.75493561 0.9995586496
19 38.3121115 0.999939902
20 36.78118724 0.9999219015
21 34.23327091 0.9998763297
22 30.93009017 0.9997739176
23 27.20527149 0.9995528676
24 23.35325097 0.9990980863
25 19.57449498 0.9982188228
26 15.98873998 0.9966392168
27 12.66360009 0.9940220158
28 9.63514394 0.990038701
29 6.918472565 0.9844715477
30 4.512668855 0.9773005939
31 2.404074303 0.9687255676
32 0.5697518786 0.9591112151
33 -1.018736046 0.9488904297
34 -2.391840752 0.9384734758
35 -3.579366016 0.9281922222
36 -4.608797113 0.9182818258
37 -5.504486566 0.9088876965
38 -6.287443599 0.9000838857
39 -6.975483376 0.8918933835
40 -7.58355398 0.884305654
41 -8.124124976 0.8772899886
42 -8.607572451 0.8708048886
43 -9.042528998 0.864804272
44 -9.436186915 0.8592413668
45 -9.794553516 0.8540710099
46 -10.12266246 0.8492508979
47 -10.42474693 0.8447421696
48 -10.70438078 0.8405095788
49 -10.96459334 0.8365214258
50 -11.20796273 0.8327493572
51 -11.43669183 0.8291680999
52 -11.65267032 0.8257551713
53 -11.85752541 0.8224905901
54 -12.05266359 0.8193566007
55 -12.23930494 0.8163374184
56 -12.41851165 0.8134189978
57 -12.59121164 0.8105888251
58 -12.75821833 0.8078357337
59 -12.92024719 0.8051497406
60 -13.07792963 0.8025219024
61 -13.2318248 0.7999441883
62 -13.38242952 0.7974093691
63 -13.53018678 0.7949109187
64 -13.67549303 0.7924429284
65 -13.81870434 0.790000031
66 -13.9601418 0.7875773339
67 -14.10009612 0.7851703599
68 -14.23883166 0.7827749957
69 -14.37658994 0.7803874444
70 -14.51359267 0.7780041854
71 -14.65004446 0.7756219365
72 -14.78613519 0.7732376214
73 -14.92204211 0.7708483397
74 -15.05793174 0.7684513395
75 -15.19396153 0.766043993
76 -15.33028142 0.7636237738
77 -15.4670352 0.7611882357
78 -15.60436181 0.7587349933
79 -15.74239651 0.7562617033
80 -15.881272 0.7537660473
81 -16.02111945 0.7512457149
82 -16.16206952 0.7486983874
83 -16.30425327 0.7461217217
84 -16.44780316 0.7435133353
85 -16.5928539 0.74087079
86 -16.73954341 0.7381915768
87 -16.88801373 0.7354730999
88 -17.03841187 0.7327126607
89 -17.19089082 0.7299074415
90 -17.34561047 0.7270544891
91 -17.50273856 0.724150697
92 -17.66245167 0.7211927882
93 -17.82493631 0.718177297
94 -17.99038989 0.7151005504
95 -18.15902186 0.711958649
96 -18.33105484 0.7087474476
97 -18.50672571 0.7054625355
98 -18.68628681 0.702099217
99 -18.87000714 0.6986524914
100 -19.05817355 0.6951170343
101 -19.2510919 0.6914871784
102 -19.44908829 0.6877568969
103 -19.65251016 0.6839197874
104 -19.86172742 0.6799690585
105 -20.07713341 0.6758975196
106 -20.29914584 0.6716975744
107 -20.52820749 0.6673612191
108 -20.76478681 0.6628800467
109 -21.00937818 0.6582452588
110 -21.26250199 0.6534476855
111 -21.52470427 0.6484778157
112 -21.79655596 0.6433258399
113 -22.07865167 0.6379817049
114 -22.37160789 0.6324351856
115 -22.67606057 0.6266759724
116 -22.99266196 0.6206937775
117 -23.32207675 0.6144784615
118 -23.66497725 0.6080201796
119 -24.02203783 0.6013095499
120 -24.39392827 0.5943378419
121 -24.78130634 0.5870971846
122 -25.18480937 0.5795807921
123 -25.605045 0.5717832025
124 -26.04258113 0.5637005262
125 -26.49793534 0.5553306959
126 -26.97153655 0.5466740929
127 -27.46376391 0.5377331997
128 -27.97488933 0.5285132175
129 -28.50507163 0.5190223744
130 -29.05433786 0.509272133
131 -29.62259063 0.4992770604
132 -30.20953843 0.4890555682
133 -30.81471861 0.4786296901
134 -31.43746909 0.4680250716
135 -32.07690481 0.4572710644
136 -32.73187216 0.4464010073
137 -33.40085013 0.4354531888
138 -34.08177357 0.42447286
139 -34.77180895 0.4135148738
140 -35.46719233 0.4026453261
141 -36.16327125 0.3919401231
142 -36.85482714 0.3814794609
143 -37.53662701 0.3713392291
144 -38.20404667 0.3615819343
145 -38.85358382 0.3522499158
146 -39.48313708 0.3433625175
147 -40.09202125 0.3349173228
148 -40.680769 0.3268943707
149 -41.25080988 0.3192617965
150 -41.80411824 0.3119814862
151 -42.34289789 0.3050138101
152 -42.86933972 0.2983210227
153 -43.38546116 0.2918693192
154 -43.89301907 0.285629776
155 -44.39347855 0.279578488
156 -44.88801955 0.2736962076
157 -45.37756506 0.267967728
158 -45.86281907 0.2623811817
159 -46.34430641 0.2569273621
160 -46.82240994 0.2515991204
161 -47.29740298 0.2463908613
162 -47.76947623 0.2412981365
163 -48.23875956 0.2363173274
164 -48.70533922 0.231445402
165 -49.16927131 0.2266797314
166 -49.6305922 0.2220179537
167 -50.08932659 0.2174578737
168 -50.54549376 0.2129973899
169 -50.99911246 0.2086344414
170 -51.45020458 0.2043669713
171 -51.89879818 0.200192901
172 -52.34492963 0.1961101138
173 -52.78864539 0.1921164449
174 -53.23000327 0.1882096773
175 -53.66907328 0.1843875411
176 -54.10593823 0.1806477164
177 -54.54069402 0.1769878389
178 -54.9734496 0.1734055072
179 -55.40432681 0.1698982918
180 -55.83345988 0.1664637451
181 -56.2609948 0.1630994131
182 -56.68708843 0.1598028472
183 -57.1119074 0.156571617
184 -57.53562685 0.1534033235
185 -57.95842891 0.1502956125
186 -58.38050101 0.1472461886
187 -58.80203396 0.144252829
188 -59.22321984 0.1413133977
189 -59.64424966 0.1384258592
190 -60.06531085 0.1355882925
191 -60.48658449 0.1327989042
192 -60.90824246 0.1300560415
193 -61.33044432 0.1273582045
194 -61.75333413 0.1247040569
195 -62.17703712 0.1220924364
196 -62.60165632 0.1195223632
197 -63.02726916 0.1169930467
198 -63.45392417 0.11450389
199 -63.88163769 0.1120544927
200 -64.31039088 0.1096446509
201 -64.74012694 0.1072743537
202 -65.17074871 0.1049437782
203 -65.60211667 0.1026532798
204 -66.03404753 0.1004033808
205 -66.46631336 0.09819475496
206 -66.8986414 0.09602820988
207 -67.33071462 0.09390466635
208 -67.76217302 0.09182513567
209 -68.19261567 0.08979069501
210 -68.6216036 0.08780246173
211 -69.04866336 0.08586156676
212 -69.47329134 0.08396912821
213 -69.89495863 0.08212622533
214 -70.31311651 0.08033387387
215 -70.72720227 0.07859300313
216 -71.13664538 0.07690443536
217 -71.54087377 0.07526886782
218 -71.9393202 0.073686858
219 -72.33142845 0.07215881196
220 -72.71665932 0.07068497614
221 -73.09449621 0.06926543244
222 -73.46445034 0.06790009657
223 -73.82606529 0.06658871939
224 -74.178921 0.06533089107
225 -74.52263708 0.06412604763
226 -74.85687539 0.06297347958
227 -75.18134199 0.06187234221
228 -75.49578827 0.06082166724
229 -75.80001152 0.05982037537
230 -76.0938548 0.0588672894
231 -76.37720623 0.0579611476
232 -76.64999778 0.05710061712
233 -76.91220361 0.05628430699
234 -77.16383793 0.05551078081
235 -77.4049527 0.05477856866
236 -77.63563491 0.05408617828
237 -77.85600381 0.05343210548
238 -78.06620793 0.0528148435
239 -78.26642211 0.05223289154
240 -78.45684446 0.0516847623
241 -78.63769338 0.0511689886
242 -78.80920469 0.05068412912
243 -78.97162879 0.05022877324
244 -79.12522802 0.04980154517
245 -79.27027413 0.04940110722
246 -79.40704598 0.04902616248
247 -79.53582732 0.04867545685
248 -79.65690487 0.04834778052
249 -79.77056646 0.04804196893
250 -79.87709948 0.04775690334
251 -79.97676386 0.04749156922
252 -80.06984484 0.04724494198
253 -80.15660598 0.04701607097
254 -80.23729949 0.04680407022
255 -80.31216427 0.04660811564
256 -80.38144924 0.04642739057
257 -80.44535893 0.04626119595
258 -80.50409687 0.04610887149
259 -80.5578536 0.04596980327
260 -80.60680144 0.04584343715
261 -80.65103161 0.04572940652
262 -80.6899282 0.04562883212
263 -80.71642099 0.04555629762
264 -80.6654415 0.04564749871
265 -79.95333862 0.04714430237
266 -73.3800093 0.06324194861
267 -18.15655369 0.4356686741
268 37.75513718 0.9995587669
269 38.31217014 0.9999399027
270 36.78127658 0.9999219027
271 34.23343471 0.9998763332
272 30.93035687 0.9997739283
273 27.20565525 0.9995528979
274 23.35375284 0.9990981657
275 19.5751065 0.9982190117
276 15.98944669 0.9966396213
277 12.66438418 0.9940227957
278 9.635986471 0.9900400581
279 6.919355456 0.9844736924
280 4.513576526 0.9773037011
281 2.404994735 0.9687297428
282 0.570676915 0.9591164859
283 -1.017811052 0.9488967606
284 -2.390917668 0.9384807934
285 -3.578444749 0.9282004389
286 -4.607876348 0.9182908562
287 -5.503564333 0.9088974659
288 -6.286517661 0.9000943329
289 -6.974551486 0.8919044601
290 -7.582614024 0.8843173228
291 -8.123175049 0.8773022212
292 -8.606610888 0.8708176629
293 -9.041554374 0.8648175714
294 -9.435198035 0.8592551777
295 -9.793549389 0.8540853214
296 -10.12164228 0.8492657009
297 -10.42371005 0.8447574563
298 -10.70332669 0.8405253421
299 -10.96352164 0.8365376597
300 -11.20687311 0.8327660559
301 -11.43558407 0.8291852582
302 -11.65154425 0.8257727843
303 -11.85638093 0.8225086533
304 -12.05150061 0.81937511
305 -12.23812341 0.8163563699
306 -12.41731155 0.8134383881
307 -12.58999295 0.8106086512
308 -12.75698105 0.807855993
309 -12.91899131 0.8051704308
310 -13.07665515 0.8025430217
311 -13.23053169 0.7999657355
312 -13.38111775 0.7974313432
313 -13.52885632 0.7949333194
314 -13.67414382 0.7924657559
315 -13.8173363 0.7900232859
316 -13.95875482 0.7876010173
317 -14.09869009 0.7851944738
318 -14.23740644 0.7827995422
319 -14.37514535 0.7804124266
320 -14.5121285 0.7780296068
321 -14.64856048 0.7756478013
322 -14.78463113 0.7732639345
323 -14.92051768 0.7708751066
324 -15.05638659 0.7684785665
325 -15.1923953 0.7660716872
326 -15.32869368 0.7636519429
327 -15.46542549 0.7612168884
328 -15.60272964 0.758764139
329 -15.74074132 0.7562913525
330 -15.8795932 0.7537962114
331 -16.01941639 0.7512764062
332 -16.16034147 0.7487296193
333 -16.30249947 0.746153509
334 -16.44602276 0.7435456937
335 -16.59104601 0.7409037367
336 -16.73770705 0.7382251303
337 -16.88614782 0.7355072802
338 -17.03651528 0.7327474894
339 -17.18896232 0.7299429419
340 -17.34364871 0.7270906863
341 -17.5007421 0.7241876179
342 -17.66041897 0.721230462
343 -17.82286569 0.7182157551
344 -17.98827955 0.7151398264
345 -18.15686987 0.7119987791
346 -18.3288591 0.7087884707
347 -18.50448397 0.7055044934
348 -18.68399666 0.7021421545
349 -18.86766598 0.6986964566
350 -19.05577858 0.6951620784
351 -19.24864013 0.6915333565
352 -19.44657651 0.6878042676
353 -19.64993493 0.6839684132
354 -19.85908507 0.6800190059
355 -20.07442001 0.6759488593
356 -20.29635719 0.671750381
357 -20.52533915 0.6674155715
358 -20.76183404 0.662936028
359 -21.00633597 0.658302956
360 -21.25936504 0.6535071894
361 -21.52146701 0.6485392208
362 -21.79321253 0.6433892434
363 -22.07519594 0.638047207
364 -22.36803348 0.632502888
365 -22.67236087 0.6267459779
366 -22.98883017 0.6207661887
367 -23.31810587 0.6145533796
368 -23.6608602 0.6080977029
369 -24.01776742 0.6013897721
370 -24.38949734 0.59442085
371 -24.77670779 0.5871830571
372 -25.18003626 0.5796695964
373 -25.60009063 0.5718749924
374 -26.03743916 0.5637953394
375 -26.49259991 0.5554285517
