0 -17.74422127 0.7196150664
1 -17.89056622 0.716894605
2 -18.03902601 0.71412972
3 -18.18968628 0.7113188392
4 -18.34263709 0.7084603128
5 -18.49797321 0.7055524098
6 -18.65579442 0.7025933128
7 -18.81620578 0.699581114
8 -18.97931801 0.6965138103
9 -19.14524774 0.6933892979
10 -19.31411797 0.6902053677
11 -19.48605838 0.6869596995
12 -19.66120578 0.6836498567
13 -19.83970451 0.6802732805
14 -20.0217069 0.6768272839
15 -20.20737376 0.6733090463
16 -20.39687483 0.669715607
17 -20.59038933 0.66604386
18 -20.78810652 0.6622905476
19 -20.9902262 0.6584522548
20 -21.19695933 0.6545254048
21 -21.40852861 0.6505062531
22 -21.62516908 0.6463908841
23 -21.84712873 0.642175207
24 -22.0746691 0.6378549538
25 -22.30806589 0.633425678
26 -22.54760953 0.6288827549
27 -22.79360575 0.6242213839
28 -23.04637605 0.6194365936
29 -23.30625817 0.6145232486
30 -23.57360641 0.6094760613
31 -23.84879194 0.6042896057
32 -24.13220285 0.5989583376
33 -24.42424412 0.5934766187
34 -24.72533734 0.5878387479
35 -25.0359202 0.5820389983
36 -25.35644569 0.5760716635
37 -25.6873809 0.5699311109
38 -26.02920549 0.5636118454
39 -26.3824096 0.5571085834
40 -26.74749135 0.550416337
41 -27.12495369 0.5435305099
42 -27.51530055 0.5364470048
43 -27.91903244 0.529162342
44 -28.33664114 0.5216737888
45 -28.7686038 0.513979498
46 -29.21537612 0.5060786547
47 -29.67738488 0.4979716276
48 -30.15501972 0.4896601217
49 -30.64862435 0.4811473286
50 -31.15848731 0.4724380687
51 -31.6848324 0.4635389193
52 -32.22780913 0.4544583222
53 -32.78748338 0.4452066644
54 -33.3638287 0.4357963234
55 -33.95671844 0.4262416726
56 -34.56591929 0.4165590395
57 -35.19108647 0.4067666138
58 -35.83176099 0.3968843011
59 -36.48736923 0.386933525
60 -37.15722516 0.3769369772
61 -37.84053518 0.3669183235
62 -38.53640581 0.3569018722
63 -39.24385393 0.3469122149
64 -39.96181947 0.3369738541
65 -40.6891801 0.3271108279
66 -41.42476753 0.3173463476
67 -42.1673849 0.3077024601
68 -42.91582458 0.2981997465
69 -43.66888592 0.2888570667
70 -44.42539226 0.2796913569
71 -45.18420684 0.2707174828
72 -45.94424694 0.261948152
73 -46.70449619 0.2533938808
74 -47.46401454 0.2450630145
75 -48.22194601 0.2369617938
76 -48.97752388 0.2290944603
77 -49.73007368 0.2214633951
78 -50.47901384 0.214069281
79 -51.22385429 0.2069112813
80 -51.96419314 0.199987229
81 -52.69971168 0.1932938192
82 -53.43016793 0.1868268001
83 -54.15538888 0.1805811579
84 -54.87526179 0.174551293
85 -55.58972452 0.1687311839
86 -56.29875532 0.1631145376
87 -57.00236202 0.1576949255
88 -57.70057112 0.1524659031
89 -58.3934166 0.1474211143
90 -59.08092892 0.142554379
91 -59.76312437 0.1378597651
92 -60.43999481 0.1333316439
93 -61.11149834 0.1289647308
94 -61.7775508 0.1247541102
95 -62.43801865 0.1206952469
96 -63.09271317 0.1167839836
97 -63.74138645 0.1130165265
98 -64.38372913 0.1093894199
99 -65.01937011 0.1058995118
100 -65.64787831 0.1025439124
101 -66.26876635 0.09931994654
102 -66.88149618 0.09622510444
103 -67.48548645 0.09325699026
104 -68.08012133 0.09041327257
105 -68.66476055 0.08769163764
106 -69.23875028 0.08508974761
107 -69.80143448 0.08260520458
108 -70.35216636 0.08023552179
109 -70.89031946 0.07797810219
110 -71.41529824 0.07583022462
111 -71.92654764 0.0737890373
112 -72.42356153 0.0718515581
113 -72.9058898 0.07001468081
114 -73.37314397 0.06827518641
115 -73.82500133 0.06662975831
116 -74.26120762 0.06507500057
117 -74.68157814 0.06360745792
118 -75.08599768 0.06222363689
119 -75.47441915 0.06092002694
120 -75.8468612 0.05969312111
121 -76.20340492 0.05853943561
122 -76.54418992 0.05745552783
123 -76.86940971 0.05643801258
124 -77.1793069 0.05548357637
125 -77.47416795 0.05458898964
126 -77.754318 0.05375111693
127 -78.02011556 0.05296692512
128 -78.27194742 0.05223348972
129 -78.51022368 0.05154799953
130 -78.735373 0.0509077597
131 -78.94783826 0.05031019335
132 -79.14807239 0.04975284207
133 -79.33653465 0.0492333653
134 -79.51368727 0.04874953889
135 -79.67999236 0.04829925283
136 -79.83590926 0.04788050854
137 -79.98189217 0.0474914155
138 -80.11838816 0.0471301877
139 -80.2458354 0.04679513968
140 -80.36466175 0.0464846825
141 -80.47528358 0.04619731952
142 -80.57810483 0.04593164215
143 -80.67351626 0.04568632562
144 -80.76189493 0.04546012475
145 -80.84360381 0.04525186986
146 -80.9189916 0.04506046265
147 -80.98839257 0.04488487235
148 -81.05212667 0.04472413189
149 -81.11049956 0.04457733426
150 -81.16380287 0.04444362901
151 -81.21231442 0.04432221892
152 -81.25629859 0.04421235679
153 -81.29600662 0.04411334244
154 -81.33167705 0.04402451981
155 -81.36353615 0.04394527427
156 -81.39179832 0.04387503003
157 -81.41666659 0.0438132477
158 -81.43833307 0.04375942203
159 -81.45697939 0.04371307975
160 -81.4727772 0.04367377754
161 -81.48588861 0.04364110012
162 -81.49646664 0.04361465847
163 -81.50465568 0.04359408816
164 -81.51059189 0.04357904775
165 -81.51440365 0.04356921736
166 -81.51621196 0.04356429726
167 -81.51613079 0.04356400656
168 -81.51426752 0.04356808206
169 -81.51072324 0.04357627704
170 -81.50559314 0.04358836029
171 -81.49896681 0.04360411502
172 -81.49092856 0.04362333802
173 -81.48155771 0.04364583876
174 -81.47092892 0.04367143856
175 -81.45911239 0.04369996987
176 -81.44617416 0.04373127554
177 -81.43217635 0.04376520818
178 -81.41717735 0.04380162951
179 -81.40123211 0.04384040983
180 -81.38439225 0.04388142743
181 -81.36670635 0.04392456813
182 -81.34822005 0.04396972477
183 -81.32897627 0.04401679681
184 -81.30901537 0.0440656899
185 -81.28837526 0.04411631548
186 -81.2670916 0.04416859044
187 -81.2451979 0.04422243681
188 -81.22272564 0.04427778138
189 -81.19970443 0.04433455546
190 -81.17616207 0.0443926946
191 -81.1521247 0.04445213832
192 -81.12761688 0.04451282986
193 -81.10266166 0.04457471599
194 -81.07728073 0.04463774678
195 -81.05149442 0.04470187538
196 -81.02532186 0.04476705791
197 -80.99878097 0.04483325319
198 -80.97188861 0.04490042266
199 -80.94466057 0.04496853019
200 -80.91711168 0.04503754195
201 -80.88925586 0.04510742628
202 -80.86110614 0.04517815357
203 -80.83267474 0.04524969611
204 -80.80397311 0.04532202806
205 -80.77501197 0.04539512526
206 -80.74580135 0.0454689652
207 -80.71635063 0.04554352689
208 -80.68666858 0.04561879081
209 -80.65676338 0.04569473881
210 -80.62664268 0.04577135404
211 -80.59631358 0.0458486209
212 -80.56578273 0.04592652496
213 -80.53505628 0.0460050529
214 -80.50413995 0.04608419247
215 -80.47303905 0.0461639324
216 -80.44175849 0.04624426242
217 -80.41030278 0.04632517314
218 -80.37867612 0.04640665606
219 -80.34688231 0.04648870349
220 -80.31492489 0.04657130857
221 -80.28280704 0.04665446516
222 -80.25053168 0.04673816788
223 -80.21810142 0.04682241203
224 -80.18551863 0.04690719359
225 -80.15278541 0.04699250919
226 -80.11990361 0.04707835606
227 -80.08687486 0.04716473206
228 -80.05370055 0.04725163562
229 -80.02038176 0.04733906592
230 -79.98691864 0.04742702428
231 -79.95330403 0.04751552786
232 -79.9194633 0.04760473975
233 -79.88468394 0.04769620435
234 -79.84220965 0.04780457782
235 -79.7280292 0.04806923073
236 -78.93620607 0.04983853007
237 -71.76431012 0.06840785844
238 -9.947556501 0.5275611528
239 38.05168731 0.9997248534
240 38.44465806 0.9999413981
241 37.0476695 0.9999254518
242 34.75793369 0.9998872196
243 31.81014474 0.9998065
244 28.49370713 0.9996440436
245 25.05853341 0.999332084
246 21.67190745 0.9987643349
247 18.43211855 0.9977908364
248 15.39427211 0.996224924
249 12.58895992 0.993868721
250 10.03203323 0.9905563654
251 7.728797955 0.9862023607
252 5.675837522 0.980834455
253 3.862387709 0.9745950323
254 2.272012284 0.9677107451
255 0.8845736687 0.9604451964
256 -0.3218151627 0.9530535724
257 -1.369157128 0.9457516307
258 -2.278402908 0.9387018448
259 -3.068746563 0.9320130166
260 -3.757297318 0.9257476534
261 -4.359014902 0.9199322814
262 -4.886807025 0.9145676625
263 -5.351712509 0.909637465
264 -5.763118826 0.9051149701
265 -6.12898297 0.9009679326
266 -6.456038752 0.8971619221
267 -6.749982663 0.8936625099
268 -7.015635909 0.8904366205
269 -7.257083145 0.8874533032
270 -7.477789903 0.8846841146
271 -7.680701305 0.8821032474
272 -7.868324689 0.8796875009
273 -8.042798627 0.8774161577
274 -8.205950566 0.8752708085
275 -8.359344959 0.8732351547
276 -8.504323523 0.8712948037
277 -8.642038957 0.8694370704
278 -8.773483241 0.8676507895
279 -8.899511434 0.8659261414
280 -9.020861725 0.8642544948
281 -9.138172383 0.8626282646
282 -9.251996091 0.8610407847
283 -9.362812119 0.8594861953
284 -9.471036665 0.8579593436
285 -9.577031667 0.8564556957
286 -9.681112317 0.8549712597
287 -9.783553496 0.8535025175
288 -9.884595276 0.8520463658
289 -9.984447642 0.850600064
290 -10.08329455 0.8491611888
291 -10.18129741 0.8477275941
292 -10.27859812 0.8462973764
293 -10.37532161 0.8448688442
294 -10.47157814 0.8434404918
295 -10.56746519 0.8420109752
296 -10.66306917 0.8405790922
297 -10.75846686 0.8391437648
298 -10.85372665 0.8377040228
299 -10.9489097 0.8362589905
300 -11.04407082 0.8348078748
301 -11.13925936 0.8333499542
302 -11.23451987 0.8318845701
303 -11.32989279 0.8304111178
304 -11.42541498 0.8289290401
305 -11.52112021 0.8274378206
306 -11.61703954 0.825936978
307 -11.71320176 0.8244260614
308 -11.80963366 0.8229046455
309 -11.90636034 0.8213723275
310 -12.00340548 0.8198287226
311 -12.10079151 0.8182734617
312 -12.19853987 0.8167061884
313 -12.29667115 0.8151265565
314 -12.39520525 0.8135342277
315 -12.49416153 0.8119288697
316 -12.59355891 0.8103101544
317 -12.69341604 0.8086777561
318 -12.79375134 0.8070313503
319 -12.89458311 0.8053706118
320 -12.99592966 0.803695214
321 -13.09780931 0.802004827
322 -13.20024053 0.800299117
323 -13.30324198 0.7985777453
324 -13.40683258 0.7968403666
325 -13.51103153 0.7950866288
326 -13.61585846 0.7933161716
327 -13.72133339 0.7915286256
328 -13.82747684 0.7897236115
329 -13.93430984 0.7879007393
330 -14.04185405 0.7860596072
331 -14.15013174 0.7841998005
332 -14.25916588 0.7823208914
333 -14.36898017 0.7804224374
334 -14.47959913 0.7785039805
335 -14.5910481 0.7765650466
336 -14.70335336 0.774605144
337 -14.81654213 0.7726237627
338 -14.93064265 0.7706203732
339 -15.04568426 0.7685944256
340 -15.16169743 0.7665453481
341 -15.27871384 0.7644725462
342 -15.39676648 0.762375401
343 -15.51588966 0.7602532684
344 -15.63611915 0.7581054772
345 -15.75749223 0.755931328
346 -15.88004777 0.7537300916
347 -16.00382635 0.7515010073
348 -16.12887031 0.7492432812
349 -16.25522391 0.7469560845
350 -16.38293338 0.7446385516
351 -16.51204707 0.7422897782
352 -16.64261558 0.7399088188
353 -16.77469184 0.737494685
354 -16.90833128 0.7350463428
355 -17.04359201 0.7325627101
356 -17.18053489 0.7300426545
357 -17.31922376 0.72748499
358 -17.4597256 0.7248884744
359 -17.6021107 0.722251806
360 -17.74645289 0.7195736208
361 -17.89282971 0.7168524883
362 -18.04132265 0.7140869087
363 -18.19201742 0.7112753086
364 -18.34500414 0.708416037
365 -18.50037768 0.7055073615
366 -18.65823787 0.7025474633
367 -18.81868988 0.6995344334
368 -18.98184449 0.6964662669
369 -19.14781845 0.6933408587
370 -19.31673485 0.6901559979
371 -19.48872347 0.6869093626
372 -19.66392124 0.6835985144
373 -19.84247262 0.6802208923
374 -20.02453007 0.6767738077
375 -20.21025452 0.6732544376
376 -20.39981586 0.6696598193
377 -20.59339348 0.6659868443
378 -20.79117675 0.6622322526
379 -20.99336568 0.658392627
380 -21.20017139 0.6544643878
381 -21.41181676 0.6504437881
382 -21.62853703 0.6463269095
383 -21.85058039 0.6421096587
384 -22.07820861 0.6377877648
385 -22.31169759 0.6333567786
386 -22.55133801 0.6288120726
387 -22.79743582 0.6241488437
388 -23.05031278 0.6193621177
389 -23.31030686 0.614446757
390 -23.57777266 0.6093974716
391 -23.85308157 0.6042088336
392 -24.13662195 0.598875297
393 -24.42879905 0.5933912224
394 -24.7300347 0.587750908
395 -25.04076685 0.5819486269
396 -25.36144869 0.5759786733
397 -25.69254754 0.5698354162
398 -26.03454321 0.5635133632
399 -26.38792601 0.5570072347
400 -26.75319416 0.5503120478
401 -27.13085063 0.5434232132
402 -27.52139936 0.5363366421
403 -27.92534075 0.5290488653
404 -28.34316642 0.5215571626
405 -28.77535322 0.5138597016
406 -29.22235649 0.5059556844
407 -29.68460248 0.4978454991
408 -30.1624802 0.4895308723
409 -30.65633259 0.4810150196
410 -31.16644727 0.4723027876
411 -31.69304695 0.4634007814
412 -32.23627994 0.4543174723
413 -32.79621078 0.4450632774
414 -33.37281152 0.4356506051
415 -33.9659539 0.4260938592
416 -34.57540295 0.4164093967
417 -35.20081215 0.4066154349
418 -35.84172074 0.3967319043
419 -36.49755335 0.3867802501
420 -37.16762225 0.3767831812
421 -37.85113224 0.3667643761
422 -38.54718838 0.3567481499
423 -39.25480627 0.3467590959
424 -39.97292477 0.3368217121
425 -40.70042069 0.3269600268
426 -41.43612521 0.3171972358
427 -42.17884113 0.3075553657
428 -42.92736082 0.2980549728
429 -43.68048386 0.2887148891
430 -44.43703409 0.2795520196
431 -45.19587548 0.2705811977
432 -45.95592623 0.2618150972
433 -46.71617109 0.2532642009
434 -47.47567124 0.2449368212
435 -48.23357203 0.2368391669
436 -48.98910816 0.2289754502
437 -49.74160657 0.2213480247
438 -50.49048713 0.2139575485
439 -51.23526114 0.206803163
440 -51.97552803 0.1998826822
441 -52.71097033 0.1931927853
442 -53.44134716 0.1867292074
443 -54.16648654 0.1804869244
444 -54.88627655 0.1744603289
445 -55.60065577 0.1686433943
446 -56.30960296 0.1630298244
447 -57.01312636 0.1576131894
448 -57.71125264 0.1523870457
449 -58.40401581 0.147345039
450 -59.09144621 0.1424809927
451 -59.77355981 0.1377889789
452 -60.45034804 0.1332633739
453 -61.12176839 0.1288988985
454 -61.78773602 0.1246906431
455 -62.44811655 0.1206340783
456 -63.10272041 0.1167250525
457 -63.75129874 0.1129597773
458 -64.39354124 0.1093348019
459 -65.02907586 0.1058469787
460 -65.65747063 0.1024934215
461 -66.27823734 0.09927145818
462 -66.89083723 0.09617858099
463 -67.49468835 0.0932123955
464 -68.0891744 0.09037057086
465 -68.67365482 0.08765079328
466 -69.24747569 0.08505072424
467 -69.80998101 0.08256796467
468 -70.3605242 0.08020002626
469 -70.89847923 0.07794431015
470 -71.4232511 0.07579809319
471 -71.93428544 0.07375852159
472 -72.43107694 0.07182261126
473 -72.91317638 0.06998725416
474 -73.38019627 0.06824922966
475 -73.83181495 0.06660521981
476 -74.2677792 0.06505182759
477 -74.68790541 0.06358559702
478 -75.09207942 0.06220303418
479 -75.48025517 0.06090062844
480 -75.85245229 0.05967487308
481 -76.20875282 0.0585222848
482 -76.5492972 0.05743942175
483 -76.87427977 0.05642289976
484 -77.18394381 0.05546940653
485 -77.47857645 0.05457571387
486 -77.75850335 0.05373868786
487 -78.02408352 0.05295529699
488 -78.27570412 0.05222261849
489 -78.51377558 0.05153784293
490 -78.73872683 0.05089827726
491 -78.95100089 0.05030134642
492 -79.15105084 0.04974459382
493 -79.33933602 0.04922568071
494 -79.51631866 0.0487423847
495 -79.68246085 0.04829259752
496 -79.83822188 0.04787432227
497 -79.98405584 0.04748567008
498 -80.12040967 0.04712485649
499 -80.24772141 0.04679019758
500 -80.36641874 0.04648010585
501 -80.47691786 0.04619308603
502 -80.57962249 0.04592773087
503 -80.6749232 0.04568271684
504 -80.76319683 0.04545679996
505 -80.84480613 0.04524881166
506 -80.92009957 0.04505765473
507 -80.98941122 0.0448822994
508 -81.0530608 0.04472177954
509 -81.11135375 0.04457518904
510 -81.16458148 0.04444167829
511 -81.21302162 0.04432045086
512 -81.25693833 0.0442107603
513 -81.29658265 0.04411190713
514 -81.33219295 0.04402323594
515 -81.36399528 0.04394413272
516 -81.39220389 0.04387402225
517 -81.41702163 0.04381236568
518 -81.43864044 0.04375865828
519 -81.4572418 0.04371242725
520 -81.47299721 0.04367322971
521 -81.48606864 0.04364065079
522 -81.49660896 0.04361430187
523 -81.50476245 0.04359381888
524 -81.51066513 0.04357886073
525 -81.51444528 0.04356910785
526 -81.51622377 0.04356426081
527 -81.51611448 0.04356403901
528 -81.51422468 0.04356817949
529 -81.51065539 0.0435764358
530 -81.50550168 0.04358857694
531 -81.49885308 0.04360438635
532 -81.49079381 0.04362366102
533 -81.48140313 0.04364621058
534 -81.47075561 0.04367185656
535 -81.4589214 0.04370043157
536 -81.44596646 0.0437317786
537 -81.43195287 0.04376575041
538 -81.41693896 0.04380220887
539 -81.40097962 0.04384102438
540 -81.38412644 0.04388207537
