0 -78.42678707 0.051788138
1 -75.07364515 0.06068858879
2 -70.51571222 0.07682339259
3 -63.84033115 0.1063520135
4 -37.64471491 0.2689599281
5 39.58842498 0.9988882466
6 38.21869234 0.9999396944
7 36.15878743 0.9999131311
8 32.97001202 0.9998455138
9 28.90673776 0.9996762453
10 24.4289941 0.9992686341
11 19.93414244 0.9983556592
12 15.66747054 0.9965007069
13 11.75288708 0.9931266038
14 8.242926148 0.9876565136
15 5.15032222 0.9797364928
16 2.462663354 0.9694130385
17 0.1499307665 0.9571380604
18 -1.829069144 0.9436022777
19 -3.520279168 0.9295184336
20 -4.969038387 0.9154699106
21 -6.216642557 0.9018568139
22 -7.298773042 0.8889102013
23 -8.245243511 0.8767340034
24 -9.080470234 0.8653484296
25 -9.824236589 0.8547242394
26 -10.49250404 0.8448063121
27 -11.09815194 0.8355284745
28 -11.65160433 0.8268221851
29 -12.16134005 0.8186212537
30 -12.6342986 0.810864147
31 -13.07619937 0.8034948883
32 -13.49179124 0.7964631796
33 -13.88504764 0.7897241197
34 -14.25931928 0.7832377344
35 -14.61745414 0.7769684409
36 -14.96189225 0.7708845113
37 -15.29474104 0.7649575675
38 -15.61783558 0.7591621215
39 -15.93278712 0.7534751664
40 -16.24102246 0.7478758151
41 -16.54381616 0.7423449848
42 -16.842317 0.7368651206
43 -17.13757003 0.7314199555
44 -17.43053497 0.7259943005
45 -17.72210171 0.7205738606
46 -18.01310355 0.7151450749
47 -18.30432854 0.7096949743
48 -18.59652922 0.7042110577
49 -18.89043127 0.6986811817
50 -19.18674098 0.6930934639
51 -19.48615195 0.687436197
52 -19.78935109 0.6816977738
53 -20.09702397 0.6758666222
54 -20.40985964 0.669931149
55 -20.72855506 0.6638796939
56 -21.05381898 0.657700493
57 -21.38637544 0.6513816529
58 -21.72696689 0.6449111367
59 -22.07635673 0.6382767622
60 -22.43533143 0.6314662157
61 -22.80470198 0.6244670816
62 -23.18530478 0.6172668919
63 -23.57800157 0.6098531966
64 -23.98367859 0.6022136595
65 -24.40324449 0.5943361808
66 -24.83762712 0.5862090506
67 -25.28776876 0.5778211352
68 -25.75461972 0.5691620985
69 -26.23913013 0.5602226592
70 -26.74223967 0.5509948844
71 -27.26486517 0.5414725158
72 -27.80788603 0.5316513259
73 -28.37212734 0.5215294952
74 -28.958341 0.5111080009
75 -29.56718504 0.5003910008
76 -30.19920147 0.4893861973
77 -30.85479355 0.4781051575
78 -31.53420294 0.4665635674
79 -32.23748816 0.4547813955
80 -32.96450508 0.4427829412
81 -33.71489098 0.4305967469
82 -34.48805338 0.4182553594
83 -35.28316465 0.4057949322
84 -36.09916357 0.3932546701
85 -36.93476428 0.3806761319
86 -37.78847306 0.3681024123
87 -38.65861243 0.3555772414
88 -39.54335204 0.3431440417
89 -40.44074499 0.33084499
90 -41.34876798 0.3187201329
91 -42.26536344 0.3068065966
92 -43.1884816 0.2951379289
93 -44.11612068 0.2837435975
94 -45.04636326 0.272648658
95 -45.97740765 0.2618735933
96 -46.90759315 0.2514343157
97 -47.83541855 0.2413423121
98 -48.75955383 0.2316049095
99 -49.67884515 0.2222256332
100 -50.59231364 0.2132046294
101 -51.49914865 0.2045391257
102 -52.39869624 0.1962239058
103 -53.29044383 0.1882517784
104 -54.17400175 0.1806140252
105 -55.04908266 0.1733008151
106 -55.91547951 0.1663015777
107 -56.77304282 0.1596053308
108 -57.62165785 0.1532009596
109 -58.46122253 0.1470774467
110 -59.29162643 0.141224055
111 -60.1127316 0.135630465
112 -60.92435564 0.1302868696
113 -61.72625762 0.12518403
114 -62.5181272 0.1203132976
115 -63.29957728 0.1156666051
116 -64.07014059 0.1112364333
117 -64.8292701 0.1070157582
118 -65.57634341 0.1029979837
119 -66.31067078 0.09917686589
120 -67.03150647 0.09554643341
121 -67.7380629 0.09210090978
122 -68.42952691 0.08883464075
123 -69.10507743 0.0857420308
124 -69.7639037 0.08281749085
125 -70.40522341 0.08005539885
126 -71.02829979 0.07745007364
127 -71.63245734 0.07499576172
128 -72.21709529 0.0726866359
129 -72.78169884 0.07051680426
130 -73.32584759 0.06848032733
131 -73.84922133 0.06657124158
132 -74.35160306 0.06478358697
133 -74.83287953 0.06311143672
134 -75.29303946 0.06154892757
135 -75.73216978 0.06009028909
136 -76.15045013 0.05872987098
137 -76.54814614 0.05746216755
138 -76.92560168 0.05628183884
139 -77.28323046 0.05518372818
140 -77.62150726 0.05416287611
141 -77.94095911 0.05321453066
142 -78.24215651 0.05233415446
143 -78.52570505 0.05151742862
144 -78.79223737 0.05076025408
145 -79.0424057 0.05005875048
146 -79.27687503 0.04940925315
147 -79.49631692 0.04880830845
148 -79.70140391 0.04825266772
149 -79.89280476 0.04773928035
150 -80.07118016 0.04726528599
151 -80.23717917 0.04682800627
152 -80.39143623 0.0464249362
153 -80.53456871 0.04605373536
154 -80.66717491 0.04571221912
155 -80.78983255 0.04539834987
156 -80.90309766 0.04511022846
157 -81.00750381 0.0448460858
158 -81.10356163 0.04460427486
159 -81.19175861 0.04438326288
160 -81.27255913 0.04418162394
161 -81.34640467 0.04399803194
162 -81.41371415 0.04383125391
163 -81.47488449 0.04368014366
164 -81.53029113 0.04354363588
165 -81.58028878 0.04342074048
166 -81.62521209 0.04331053738
167 -81.66537648 0.04321217154
168 -81.70107893 0.04312484844
169 -81.7325988 0.04304782971
170 -81.76019867 0.04298042915
171 -81.78412517 0.04292200902
172 -81.80460976 0.04287197651
173 -81.8218696 0.0428297806
174 -81.83610826 0.04279490896
175 -81.84751652 0.04276688522
176 -81.85627309 0.04274526638
177 -81.86254532 0.04272964039
178 -81.86648984 0.04271962393
179 -81.86825326 0.04271486033
180 -81.86797272 0.04271501768
181 -81.86577651 0.04271978705
182 -81.86178464 0.04272888081
183 -81.85610929 0.04274203116
184 -81.84885537 0.04275898866
185 -81.84012096 0.04277952096
186 -81.82999775 0.04280341159
187 -81.81857145 0.04283045879
188 -81.80592218 0.04286047454
189 -81.79212482 0.04289328352
190 -81.77724938 0.04292872226
191 -81.76136128 0.04296663831
192 -81.7445217 0.04300688945
193 -81.72678781 0.04304934302
194 -81.70821305 0.0430938752
195 -81.68884737 0.04314037043
196 -81.6687375 0.04318872087
197 -81.6479271 0.04323882581
198 -81.626457 0.04329059123
199 -81.60436536 0.04334392934
200 -81.58168788 0.04339875815
201 -77.99809426 0.05169477089
202 -73.32639206 0.06615751543
203 -66.8611121 0.09145824461
204 -43.63513077 0.2169887989
205 39.78440754 0.9983901372
206 38.7420764 0.9999448771
207 37.18119432 0.9999275334
208 34.59972738 0.9998846662
209 31.12627661 0.9997828272
210 27.14535266 0.999550166
211 23.04020819 0.9990499753
212 19.06532651 0.9980572145
213 15.35431052 0.9962567189
214 11.96690476 0.9932840039
215 8.924653217 0.9888155926
216 6.22864331 0.9826818874
217 3.86658276 0.9749450402
218 1.816103798 0.9658942497
219 0.04774034731 0.9559623997
220 -1.471732402 0.9456137763
221 -2.776136792 0.9352547982
222 -3.897505204 0.9251899613
223 -4.864665431 0.9156168099
224 -5.70266226 0.9066427653
225 -6.432748024 0.8983089118
226 -7.072690168 0.8906122349
227 -7.63721463 0.8835230647
228 -8.138475234 0.8769974163
229 -8.58649205 0.8709851097
230 -8.989534782 0.8654347933
231 -9.35444562 0.8602968568
232 -9.686905101 0.8555249752
233 -9.991648178 0.851076801
234 -10.27263861 0.8469141479
235 -10.53320925 0.8430028847
236 -10.77617491 0.8393126759
237 -11.00392327 0.8358166529
238 -11.2184883 0.8324910642
239 -11.42160981 0.8293149313
240 -11.61478195 0.8262697262
241 -11.79929277 0.8233390763
242 -11.97625683 0.8205084996
243 -12.14664201 0.8177651691
244 -12.31129182 0.8150977052
245 -12.47094385 0.8124959934
246 -12.62624534 0.8099510249
247 -12.7777661 0.8074547576
248 -12.92600951 0.8049999941
249 -13.0714218 0.8025802762
250 -13.21439987 0.800189792
251 -13.355298 0.7978232956
252 -13.49443365 0.7954760358
253 -13.63209227 0.7931436949
254 -13.76853163 0.7908223342
255 -13.90398541 0.7885083464
256 -14.03866641 0.7861984135
257 -14.17276928 0.7838894701
258 -14.30647292 0.7815786707
259 -14.43994259 0.7792633602
260 -14.57333177 0.7769410488
261 -14.70678376 0.7746093883
262 -14.84043315 0.7722661519
263 -14.97440706 0.7699092155
264 -15.10882633 0.7675365409
265 -15.24380654 0.7651461605
266 -15.37945891 0.7627361638
267 -15.51589114 0.7603046841
268 -15.65320824 0.7578498871
269 -15.79151314 0.7553699599
270 -15.93090745 0.7528631007
271 -16.07149198 0.7503275092
272 -16.21336738 0.7477613773
273 -16.35663466 0.7451628805
274 -16.50139569 0.7425301693
275 -16.64775378 0.7398613607
276 -16.79581411 0.7371545305
277 -16.94568422 0.734407705
278 -17.09747453 0.7316188533
279 -17.25129881 0.7287858787
280 -17.40727465 0.7259066114
281 -17.56552397 0.7229787999
282 -17.72617352 0.7200001026
283 -17.88935541 0.7169680795
284 -18.05520765 0.7138801837
285 -18.22387467 0.7107337519
286 -18.39550797 0.7075259957
287 -18.57026665 0.7042539918
288 -18.74831809 0.7009146725
289 -18.92983859 0.6975048156
290 -19.11501408 0.694021034
291 -19.30404084 0.6904597653
292 -19.49712625 0.6868172611
293 -19.69448961 0.6830895761
294 -19.89636295 0.6792725572
295 -20.10299193 0.675361833
296 -20.31463668 0.6713528025
297 -20.5315728 0.6672406257
298 -20.75409228 0.6630202133
299 -20.98250448 0.6586862183
300 -21.21713709 0.6542330282
301 -21.45833717 0.6496547596
302 -21.70647209 0.6449452536
303 -21.96193046 0.6400980755
304 -22.22512304 0.6351065166
305 -22.49648351 0.6299636003
306 -22.77646918 0.6246620944
307 -23.0655615 0.6191945277
308 -23.3642664 0.6135532156
309 -23.67311435 0.6077302931
310 -23.99266007 0.6017177584
311 -24.32348191 0.595507528
312 -24.66618069 0.589091505
313 -25.02137794 0.5824616623
314 -25.38971359 0.5756101424
315 -25.7718427 0.568529375
316 -26.16843142 0.5612122142
317 -26.58015192 0.5536520956
318 -27.00767616 0.5458432144
319 -27.45166853 0.5377807229
320 -27.91277713 0.5294609467
321 -28.39162387 0.5208816175
322 -28.88879315 0.5120421161
323 -29.4048194 0.5029437227
324 -29.94017349 0.4935898645
325 -30.49524833 0.4839863528
326 -31.07034395 0.474141597
327 -31.66565238 0.4640667846
328 -32.28124305 0.4537760138
329 -32.91704916 0.443286364
330 -33.57285566 0.4326178937
331 -34.24828973 0.4217935547
332 -34.94281424 0.4108390145
333 -35.65572487 0.3997823861
334 -36.38615151 0.3886538638
335 -37.1330642 0.3774852767
336 -37.89528366 0.3663095693
337 -38.67149649 0.3551602305
338 -39.46027448 0.3440706915
339 -40.2600976 0.333073719
340 -41.06937957 0.3222008288
341 -41.88649538 0.3114817451
342 -42.70980927 0.300943926
343 -43.53770241 0.2906121746
344 -44.36859903 0.2805083441
345 -45.20099019 0.2706511449
346 -46.0334544 0.261056053
347 -46.86467458 0.251735312
348 -47.69345108 0.2426980215
349 -48.51871057 0.2339502968
350 -49.33951103 0.2254954868
351 -50.15504292 0.2173344333
352 -50.96462695 0.2094657587
353 -51.76770889 0.2018861676
354 -52.56385178 0.194590751
355 -53.35272605 0.187573284
356 -54.134098 0.1808265087
357 -54.90781702 0.1743423981
358 -55.67380186 0.1681123961
359 -56.43202645 0.162127632
360 -57.18250535 0.1563791083
361 -57.92527931 0.1508578624
362 -58.66040105 0.1455551005
363 -59.3879216 0.1404623079
364 -60.1078774 0.1355713343
365 -60.82027838 0.1308744561
366 -61.52509732 0.1263644186
367 -62.22226073 0.122034458
368 -62.91164136 0.1178783063
369 -63.59305272 0.1138901798
370 -64.26624563 0.110064755
371 -64.930907 0.1063971323
372 -65.58666086 0.102882791
373 -66.23307162 0.09951753789
374 -66.86964951 0.09629745149
375 -67.49585794 0.09321882514
376 -68.11112262 0.0902781106
377 -68.71484197 0.08747186478
378 -69.30639863 0.08479670133
379 -69.88517151 0.08224924844
380 -70.45054792 0.07982611406
381 -71.00193556 0.07752385898
382 -71.53877382 0.07533897815
383 -72.06054401 0.07326788975
384 -72.56677846 0.07130693166
385 -73.05706803 0.06945236439
386 -73.53106814 0.06770037947
387 -73.98850303 0.06604711222
388 -74.42916842 0.06448865776
389 -74.85293266 0.06302108919
390 -75.25973626 0.0616404768
391 -75.64959026 0.06034290771
392 -76.02257339 0.0591245049
393 -76.37882827 0.0579814452
394 -76.71855694 0.0569099759
395 -77.04201575 0.05590642936
396 -77.34950987 0.05496723584
397 -77.64138769 0.05408893418
398 -77.91803501 0.05326818041
399 -78.17986938 0.0525017545
400 -78.42733455 0.05178656515
401 -75.07416635 0.0606868723
402 -70.51623197 0.07682129663
403 -63.84092258 0.1063489311
404 -37.64605208 0.268947733
405 39.58845991 0.9988881461
406 38.21877856 0.9999396953
407 36.1589446 0.9999131336
408 32.97023896 0.9998455202
409 28.90701399 0.9996762615
410 24.42929521 0.9992686738
411 19.93445037 0.9983557491
412 15.66777449 0.9965008913
413 11.75318099 0.9931269431
414 8.243206646 0.9876570731
415 5.150587648 0.979737324
416 2.46291347 0.9694141637
417 0.1501665534 0.9571394711
418 -1.828845795 0.943603945
419 -3.520065849 0.9295203227
420 -4.968832536 0.9154719906
421 -6.216441706 0.9018590626
422 -7.298574958 0.8889126052
423 -8.245046244 0.876736556
424 -9.080272118 0.8653511296
425 -9.824036214 0.8547270886
426 -10.49230021 0.8448093144
427 -11.09794365 0.8355316349
428 -11.65139072 0.8268255092
429 -12.16112036 0.8186247475
430 -12.63407218 0.8108678165
431 -13.07596563 0.8034987396
432 -13.49154963 0.7964672191
433 -13.88479767 0.7897283536
434 -14.25906047 0.7832421693
435 -14.61718602 0.7769730834
436 -14.96161437 0.7708893683
437 -15.29445295 0.7649626461
438 -15.61753683 0.7591674293
439 -15.93247723 0.7534807114
440 -16.24070095 0.7478816057
441 -16.54348251 0.7423510298
442 -16.84197068 0.7368714295
443 -17.13721048 0.7314265383
444 -17.43016159 0.7260011678
445 -17.72171386 0.720581024
446 -18.01270057 0.7151525465
447 -18.30390968 0.7097027672
448 -18.59609372 0.7042191857
449 -18.88997829 0.6986896597
450 -19.18626962 0.6931023077
451 -19.48566127 0.6874454234
452 -19.78884006 0.6817074009
453 -20.09649149 0.6758766689
454 -20.40930454 0.6699416356
455 -20.72797608 0.6638906418
456 -21.05321476 0.6577119248
457 -21.38574455 0.6513935925
458 -21.7263078 0.6449236089
459 -22.0756678 0.6382897931
460 -22.43461091 0.6314798325
461 -22.80394805 0.6244813124
462 -23.18451548 0.6172817654
463 -23.57717486 0.6098687422
464 -23.98281232 0.6022299068
465 -24.40233643 0.5943531592
466 -24.83667496 0.5862267891
467 -25.28677011 0.5778396617
468 -25.75357214 0.5691814393
469 -26.23803116 0.5602428382
470 -26.74108684 0.5510159222
471 -27.26365607 0.541494429
472 -27.80661828 0.5316741261
473 -28.37079871 0.5215531879
474 -28.95694943 0.5111325843
475 -29.56572868 0.5004164651
476 -30.19767878 0.4894125233
477 -30.85320332 0.4781323159
478 -31.53254438 0.4665915182
479 -32.23576094 0.4548100876
480 -32.96270939 0.4428123118
481 -33.71302759 0.4306267221
482 -34.48612365 0.418285855
483 -35.28117054 0.4058258542
484 -36.09710763 0.3932859168
485 -36.93264968 0.3807075951
486 -37.78630348 0.3681339799
487 -38.65639203 0.3556087995
488 -39.54108537 0.3431754771
489 -40.43843691 0.3308761928
490 -41.34642353 0.3187509983
491 -42.26298775 0.3068370273
492 -43.1860798 0.2951678366
493 -44.11369775 0.2837729042
494 -45.04392397 0.2726772968
495 -45.97495649 0.2619015089
496 -46.90513426 0.251461464
497 -47.83295565 0.2413686602
498 -48.75709022 0.2316304349
499 -49.67638369 0.2222503229
500 -50.58985677 0.2132284788
501 -51.49669839 0.2045621375
502 -52.39625422 0.1962460886
503 -53.28801135 0.188273146
504 -54.17157982 0.180634595
505 -55.04667207 0.1733206072
506 -55.91308087 0.1663206141
507 -56.77065663 0.1596236346
508 -57.61928458 0.1532185541
509 -58.45886265 0.1470943548
510 -59.2892805 0.141240299
511 -60.11040031 0.1356460662
512 -60.92203985 0.1303018479
513 -61.7239584 0.125198404
514 -62.51584587 0.1203270843
515 -63.29731542 0.1156798203
516 -64.06790005 0.1112490916
517 -64.82705299 0.107027873
518 -65.57415209 0.1030095677
519 -66.30850782 0.09918793084
520 -67.02937461 0.09555699095
521 -67.73596503 0.09211097128
522 -68.427466 0.08884421764
523 -69.10305645 0.08575113471
524 -69.7619256 0.08282613379
525 -70.40329104 0.08006359329
526 -71.02641587 0.07745783256
527 -71.63062436 0.07500309863
528 -72.21531553 0.07269356485
529 -72.7799743 0.07052333978
530 -73.32417997 0.06848648436
531 -73.84761199 0.06657703537
532 -74.35005305 0.064789033
533 -74.83138958 0.06311655059
534 -75.29160996 0.06155372488
535 -75.7308008 0.06009478536
536 -76.14914146 0.05873408155
537 -76.54689729 0.05746610747
538 -76.9244119 0.05628552283
539 -77.28209876 0.05518717054
540 -77.62043247 0.05416609066
541 -77.93993986 0.05321753074
542 -78.24119131 0.05233695286
543 -78.52479228 0.05152003758
544 -78.79137529 0.05076268525
545 -79.04159253 0.05006101496
546 -79.27610891 0.04941136147
547 -79.49559596 0.04881027054
548 -79.70072623 0.04825449298
549 -79.89216843 0.04774097764
550 -80.0705833 0.04726686363
551 -80.23661991 0.04682947209
552 -80.39091274 0.04642629754
553 -80.53407919 0.04605499911
554 -80.66671762 0.04571339173
555 -80.78940579 0.04539943737
556 -80.9026998 0.04511123647
557 -81.00713328 0.04484701961
558 -81.10321692 0.04460513939
559 -81.19143827 0.04438406271
560 -81.27226177 0.04418236335
561 -81.34612897 0.04399871493
562 -81.41345887 0.04383188421
563 -81.47464843 0.04368072474
564 -81.53007316 0.04354417098
565 -81.58008782 0.0434212326
566 -81.62502713 0.04331098933
567 -81.66520656 0.04321258596
568 -81.70092315 0.04312522775
569 -81.73245631 0.04304817619
570 -81.76006866 0.04298074492
571 -81.78400688 0.04292229604
572 -81.80450248 0.04287223664
573 -81.82177266 0.04283001553
574 -81.83602103 0.0427951203
575 -81.84743841 0.04276707446
576 -81.85620355 0.04274543491
577 -81.86248381 0.0427297895
578 -81.86643589 0.04271975482
579 -81.8682064 0.04271497414
580 -81.86793252 0.04271511546
581 -81.86574257 0.04271986978
582 -81.86175657 0.04272894941
583 -81.85608675 0.04274208647
584 -81.84883802 0.04275903148
585 -81.84010849 0.04277955205
586 -81.82998987 0.04280343163
587 -81.81856788 0.04283046844
588 -81.80592266 0.0428604744
589 -81.79212912 0.04289327416
590 -81.77725727 0.04292870422
591 -81.76137255 0.04296661208
592 -81.74453616 0.0430068555
593 -81.72680526 0.04304930178
594 -81.70823331 0.04309382708
595 -81.6888703 0.04314031581
596 -81.66876293 0.0431886601
597 -81.64795489 0.04323875923
598 -81.62648702 0.04329051915
599 -81.60439748 0.04334385206
600 -81.58172198 0.04339867594
