0 -66.50684996 0.0981158509
1 -67.12968774 0.09500383348
2 -67.74321951 0.09202283006
3 -68.34677722 0.08917038856
4 -68.93967159 0.08644405239
5 -69.52120412 0.08384131846
6 -70.09067946 0.08135960207
7 -70.64741783 0.07899620982
8 -71.19076686 0.07674832062
9 -71.72011262 0.07461297496
10 -72.23488957 0.07258707196
11 -72.73458906 0.07066737337
12 -73.21876626 0.06885051369
13 -73.68704553 0.06713301516
14 -74.13912403 0.06551130652
15 -74.57477369 0.0639817443
16 -74.99384165 0.06254063574
17 -75.39624889 0.06118426325
18 -75.78198472 0.05990891599
19 -76.15107748 0.05871097958
20 -76.50338623 0.05758747896
21 -76.83699283 0.05654013589
22 -77.13557325 0.05560673936
23 -77.26864783 0.05510687571
24 -76.20141029 0.0576565213
25 -65.78758279 0.09034012565
26 6.986083896 0.7436992712
27 37.1034557 0.9998344169
28 37.20340109 0.9999266029
29 35.07083463 0.999893725
30 31.8221922 0.9998087263
31 27.88588977 0.9996079643
32 23.65622608 0.9991542782
33 19.42846289 0.998191757
34 15.38896789 0.9963120506
35 11.64499995 0.9929786672
36 8.253058662 0.987649341
37 5.235365279 0.9799729543
38 2.588616912 0.969952785
39 0.2905533309 0.9579643049
40 -1.693281302 0.9446214901
41 -3.402963674 0.9305885647
42 -4.878949052 0.9164369743
43 -6.158729092 0.9025830008
44 -7.275216557 0.8892881217
45 -8.256334027 0.8766896439
46 -9.125284273 0.8648376671
47 -9.90112564 0.8537268527
48 -10.59942838 0.8433198135
49 -11.23289847 0.8335628051
50 -11.81192221 0.8243955705
51 -12.34502039 0.8157571584
52 -12.83921745 0.8075891324
53 -13.30033715 0.7998371638
54 -13.73323765 0.7924516584
55 -14.14199801 0.7853878333
56 -14.53006595 0.7786054955
57 -14.90037537 0.7720686751
58 -15.25544001 0.7657452027
59 -15.59742854 0.75960628
60 -15.92822494 0.7536260699
61 -16.2494774 0.7477813199
62 -16.56263816 0.7420510228
63 -16.86899607 0.7364161147
64 -17.16970351 0.7308592093
65 -17.46579859 0.7253643647
66 -17.75822376 0.7199168789
67 -18.04784139 0.7145031115
68 -18.33544695 0.7091103278
69 -18.62178019 0.7037265624
70 -18.90753476 0.6983404993
71 -19.19336644 0.692941368
72 -19.47990028 0.6875188509
73 -19.76773691 0.6820630035
74 -20.05745797 0.6765641837
75 -20.34963098 0.6710129906
76 -20.64481358 0.6654002119
77 -20.94355742 0.659716778
78 -21.24641146 0.6539537246
79 -21.55392504 0.6481021621
80 -21.86665051 0.6421532519
81 -22.18514557 0.6360981903
82 -22.50997523 0.6299282011
83 -22.84171347 0.6236345349
84 -23.18094451 0.6172084789
85 -23.52826371 0.6106413753
86 -23.88427802 0.603924652
87 -24.24960597 0.5970498632
88 -24.62487709 0.5900087446
89 -25.01073071 0.5827932818
90 -25.40781418 0.5753957937
91 -25.81678017 0.5678090323
92 -26.23828324 0.5600262988
93 -26.67297542 0.5520415762
94 -27.12150088 0.5438496798
95 -27.58448943 0.5354464214
96 -28.06254906 0.5268287888
97 -28.55625731 0.5179951354
98 -29.06615168 0.5089453766
99 -29.59271902 0.4996811879
100 -30.13638419 0.490206197
101 -30.69749816 0.4805261631
102 -31.27632583 0.4706491328
103 -31.873034 0.4605855645
104 -32.48767984 0.4503484089
105 -33.12020054 0.4399531378
106 -33.77040438 0.4294177109
107 -34.4379641 0.4187624746
108 -35.1224128 0.4080099881
109 -35.82314294 0.3971847759
110 -36.53940882 0.3863130107
111 -37.27033257 0.3754221332
112 -38.01491388 0.3645404204
113 -38.77204316 0.3536965173
114 -39.54051788 0.3429189501
115 -40.31906153 0.3322356391
116 -41.10634452 0.3216734312
117 -41.90100634 0.3112576704
118 -42.70167805 0.3010118205
119 -43.50700444 0.2909571551
120 -44.31566487 0.2811125208
121 -45.12639238 0.2714941777
122 -45.9379903 0.2621157195
123 -46.74934603 0.2529880661
124 -47.55944184 0.2441195236
125 -48.36736238 0.2355159024
126 -49.17229909 0.227180682
127 -49.97355149 0.2191152127
128 -50.7705257 0.2113189418
129 -51.56273032 0.2037896556
130 -52.34977007 0.1965237274
131 -53.13133738 0.1895163633
132 -53.90720243 0.1827618411
133 -54.67720176 0.1762537348
134 -55.44122587 0.1699851239
135 -56.19920612 0.163948782
136 -56.95110115 0.1581373444
137 -57.69688314 0.1525434541
138 -58.43652434 0.1471598841
139 -59.16998389 0.1419796369
140 -59.89719565 0.1369960219
141 -60.61805692 0.1322027104
142 -61.33241878 0.12759377
143 -62.04007804 0.1231636791
144 -62.74077127 0.1189073245
145 -63.43417097 0.1148199817
146 -64.11988423 0.1108972834
147 -64.79745376 0.107135176
148 -65.46636146 0.103529869
149 -66.12603418 0.100077779
150 -66.77585179 0.09677547234
151 -67.41515687 0.0936196085
152 -68.04326599 0.0906068867
153 -68.65948191 0.08773399861
154 -69.26310638 0.08499758815
155 -69.85345293 0.08239421981
156 -70.42985939 0.07992035588
157 -70.99169955 0.07757234278
158 -71.53839375 0.07534640601
159 -72.06941799 0.07323865286
160 -72.58431157 0.07124508185
161 -73.08268295 0.06936159768
162 -73.56421386 0.06758403033
163 -74.02866176 0.06590815693
164 -74.47586067 0.06432972537
165 -74.90572047 0.06284447835
166 -75.31822498 0.06144817706
167 -75.71342882 0.06013662373
168 -76.09145343 0.05890568243
169 -76.45248231 0.05775129783
170 -76.79675575 0.05666951151
171 -77.12456521 0.05565647591
172 -77.43624751 0.05470846571
173 -77.73217892 0.05382188686
174 -78.01276943 0.05299328334
175 -78.27845706 0.05221934186
176 -78.5297025 0.0514968946
177 -78.76698409 0.05082292044
178 -78.99079303 0.05019454459
179 -79.2016291 0.04960903712
180 -79.39999672 0.04906381042
181 -79.58640141 0.04855641585
182 -79.76134669 0.0480845397
183 -79.9253313 0.04764599866
184 -80.07884682 0.04723873494
185 -80.2223757 0.04686081108
186 -80.35638951 0.04651040465
187 -80.48134757 0.04618580281
188 -80.59769578 0.04588539693
189 -80.70586579 0.04560767721
190 -80.80627434 0.04535122738
191 -80.89932274 0.04511471961
192 -80.98539666 0.04489690945
193 -81.06486593 0.04469663104
194 -81.13808457 0.0445127925
195 -81.20539088 0.04434437146
196 -81.26710764 0.04419041088
197 -81.32354238 0.04405001499
198 -81.37498774 0.0439223455
199 -81.42172183 0.04380661799
200 -81.46400869 0.04370209849
201 -81.50209877 0.04360810029
202 -81.53622934 0.04352398089
203 -81.56662509 0.04344913915
204 -81.59349859 0.04338301263
205 -81.61705079 0.04332507509
206 -81.63747156 0.0432748341
207 -81.65494021 0.04323182888
208 -81.66962596 0.04319562821
209 -81.68168842 0.04316582852
210 -81.6912781 0.04314205209
211 -81.69853687 0.04312394537
212 -81.70359835 0.04311117742
213 -81.70658839 0.04310343845
214 -81.70762546 0.04310043848
215 -81.70682104 0.04310190605
216 -81.70427992 0.04310758717
217 -81.70010015 0.04311724508
218 -81.69436928 0.04313066736
219 -81.68712787 0.04314773822
220 -81.67803806 0.04316909805
221 -81.66340253 0.04320208308
222 -81.60938365 0.0433141983
223 -81.21161702 0.04411977953
224 -77.7446095 0.05166988717
225 -47.51960102 0.1758000025
226 35.48941935 0.9947853869
227 38.5732233 0.9999413861
228 37.42245016 0.9999303194
229 35.17317297 0.9998957463
230 32.0710435 0.9998165726
231 28.43261412 0.9996429245
232 24.57756725 0.9992782028
233 20.73977754 0.9985551719
234 17.06372059 0.9972195168
235 13.63215451 0.9949406509
236 10.49037751 0.9913683268
237 7.659821923 0.9862314337
238 5.144382652 0.9794393245
239 2.933973678 0.9711294671
240 1.007913765 0.9616334934
241 -0.6612678668 0.9513848393
242 -2.104105486 0.94081847
243 -3.351184267 0.9303011397
244 -4.431132925 0.9201021386
245 -5.369558067 0.9103946285
246 -6.188678261 0.9012726013
247 -6.907394527 0.8927720087
248 -7.541588977 0.8848899167
249 -8.104513713 0.8775994744
250 -8.607190058 0.8708606028
251 -9.058777829 0.8646271516
252 -9.466898222 0.8588514337
253 -9.837907048 0.8534869416
254 -10.17712143 0.8484898539
255 -10.4890057 0.8438197701
256 -10.77732291 0.839439968
257 -11.04525784 0.8353173791
258 -11.29551699 0.8314224064
259 -11.53040974 0.8277286612
260 -11.75191449 0.8242126702
261 -11.96173276 0.8208535768
262 -12.16133347 0.817632856
263 -12.35198935 0.8145340487
264 -12.53480714 0.8115425202
265 -12.71075253 0.8086452436
266 -12.88067096 0.8058306069
267 -13.04530507 0.8030882421
268 -13.20530927 0.8004088751
269 -13.36126207 0.7977841938
270 -13.51367651 0.7952067316
271 -13.66300902 0.7926697661
272 -13.80966693 0.7901672298
273 -13.95401498 0.787693632
274 -14.09638079 0.7852439895
275 -14.23705968 0.7828137668
276 -14.37631876 0.7803988225
277 -14.51440053 0.7779953624
278 -14.65152595 0.775599898
279 -14.78789715 0.7732092099
280 -14.92369982 0.7708203152
281 -15.05910528 0.7684304385
282 -15.19427229 0.7660369863
283 -15.32934867 0.7636375235
284 -15.46447275 0.7612297533
285 -15.59977462 0.7588114984
286 -15.73537729 0.756380684
287 -15.87139769 0.7539353233
288 -16.00794758 0.7514735029
289 -16.1451344 0.748993371
290 -16.28306204 0.7464931254
291 -16.42183146 0.7439710031
292 -16.56154142 0.7414252704
293 -16.70228898 0.7388542137
294 -16.84417009 0.7362561311
295 -16.98728012 0.7336293241
296 -17.13171427 0.7309720902
297 -17.27756811 0.7282827152
298 -17.42493798 0.7255594665
299 -17.57392141 0.7228005861
300 -17.72461758 0.7200042843
301 -17.87712765 0.7171687325
302 -18.03155524 0.7142920577
303 -18.18800678 0.7113723353
304 -18.34659194 0.7084075835
305 -18.50742401 0.7053957565
306 -18.67062034 0.7023347384
307 -18.83630272 0.699222337
308 -19.00459786 0.6960562767
309 -19.17563778 0.6928341929
310 -19.34956028 0.6895536247
311 -19.52650942 0.6862120087
312 -19.70663599 0.6828066722
313 -19.89009802 0.6793348264
314 -20.0770613 0.6757935596
315 -20.26769991 0.6721798306
316 -20.46219677 0.6684904621
317 -20.66074425 0.6647221338
318 -20.86354474 0.6608713763
319 -21.07081124 0.6569345652
320 -21.28276802 0.6529079151
321 -21.49965127 0.6487874746
322 -21.72170968 0.6445691223
323 -21.94920513 0.640248563
324 -22.18241335 0.6358213258
325 -22.42162449 0.6312827628
326 -22.66714374 0.6266280511
327 -22.91929194 0.6218521949
328 -23.17840601 0.6169500323
329 -23.44483943 0.6119162439
330 -23.71896258 0.6067453653
331 -24.00116294 0.6014318045
332 -24.29184516 0.5959698636
333 -24.59143091 0.590353767
334 -24.90035856 0.5845776951
335 -25.21908251 0.578635827
336 -25.54807226 0.57252239
337 -25.88781104 0.566231719
338 -26.23879405 0.5597583262
339 -26.60152618 0.5530969808
340 -26.97651916 0.5462428004
341 -27.36428807 0.5391913542
342 -27.76534723 0.5319387778
343 -28.18020524 0.5244818989
344 -28.60935939 0.5168183741
345 -29.05328915 0.5089468344
346 -29.51244892 0.500867037
347 -29.98726008 0.4925800215
348 -30.47810225 0.4840882645
349 -30.98530405 0.4753958308
350 -31.50913343 0.4665085118
351 -32.04978782 0.4574339477
352 -32.60738437 0.4481817253
353 -33.18195051 0.438763444
354 -33.77341533 0.4291927432
355 -34.38160208 0.4194852847
356 -35.00622217 0.4096586849
357 -35.64687115 0.3997323935
358 -36.30302689 0.389727516
359 -36.97405038 0.3796665831
360 -37.65918929 0.3695732699
361 -38.35758439 0.3594720716
362 -39.06827873 0.349387946
363 -39.79022961 0.3393459343
364 -40.52232277 0.3293707735
365 -41.26338854 0.3194865142
366 -42.01221942 0.3097161591
367 -42.76758844 0.3000813327
368 -43.52826771 0.2906019957
369 -44.2930465 0.2812962109
370 -45.06074836 0.2721799674
371 -45.83024669 0.2632670639
372 -46.60047833 0.2545690526
373 -47.37045499 0.2460952399
374 -48.13927215 0.2378527374
375 -48.90611545 0.2298465589
376 -49.6702646 0.2220797527
377 -50.43109473 0.2145535639
378 -51.18807554 0.207267616
379 -51.9407683 0.2002201058
380 -52.68882098 0.193408004
381 -53.43196164 0.1868272564
382 -54.16999056 0.1804729789
383 -54.90277098 0.1743396453
384 -55.63021904 0.1684212614
385 -56.35229285 0.1627115269
386 -57.06898113 0.1572039796
387 -57.78029134 0.1518921249
388 -58.48623795 0.1467695466
389 -59.18683054 0.1418300011
390 -59.88206248 0.1370674934
391 -60.57190007 0.1324763364
392 -61.25627255 0.1280511929
393 -61.93506329 0.1237871019
394 -62.60810234 0.1196794881
395 -63.27516057 0.1157241586
396 -63.93594574 0.1119172857
397 -64.59010061 0.1082553777
398 -65.23720316 0.1047352416
399 -65.87676904 0.1013539367
400 -66.50825619 0.0981087244
401 -67.13107155 0.09499701479
402 -67.74457949 0.0920163127
403 -68.34811194 0.0891641661
404 -68.94097958 0.08643811839
405 -69.52248388 0.08383566635
406 -70.09192956 0.08135422512
407 -70.64863688 0.07899110106
408 -71.19195353 0.07674347282
409 -71.7212657 0.07460838061
410 -72.23600798 0.07258272328
411 -72.73567183 0.07066326232
412 -73.21981259 0.06884663202
413 -73.68805479 0.06712935442
414 -74.14009573 0.06550785811
415 -74.57570752 0.06397849952
416 -74.99473748 0.06253758588
417 -75.39710673 0.06118139956
418 -75.78280475 0.0599062298
419 -76.15186001 0.05870846233
420 -76.50413169 0.05758512225
421 -76.83770153 0.05653793191
422 -77.13624336 0.05560468483
423 -77.26925667 0.05510500927
424 -76.20174696 0.05765529872
425 -65.78580338 0.09034629339
426 6.999183357 0.7438350599
427 37.10399404 0.9998345031
428 37.20342422 0.9999266036
429 35.07075786 0.9998937236
430 31.82207518 0.9998087222
431 27.88576393 0.9996079552
432 23.6561118 0.9991542604
433 19.42837125 0.9981917265
434 15.38890335 0.9963120071
435 11.64496297 0.9929786191
436 8.253047504 0.987649311
437 5.235377143 0.9799729794
438 2.58864866 0.9699529097
439 0.2906019703 0.9579645713
440 -1.693218337 0.9446219304
441 -3.402888418 0.9305891985
442 -4.878863028 0.9164378108
443 -6.158633383 0.9025840417
444 -7.275111907 0.8892893649
445 -8.256220925 0.8766910855
446 -9.125163025 0.8648393028
447 -9.900996422 0.8537286788
448 -10.59929128 0.8433218269
449 -11.23275351 0.8335650036
450 -11.81176935 0.8243979525
451 -12.34485958 0.8157597231
452 -12.83904861 0.8075918798
453 -13.30016015 0.7998400942
454 -13.73305238 0.7924547729
455 -14.14180432 0.7853911333
456 -14.52986368 0.7786089829
457 -14.90016434 0.7720723521
458 -15.25522003 0.7657490722
459 -15.59719941 0.7596103449
460 -15.92798644 0.7536303338
461 -16.24922928 0.7477857866
462 -16.56238016 0.7420556966
463 -16.86872792 0.7364210003
464 -17.16942491 0.7308643118
465 -17.46550921 0.7253696895
466 -17.75792325 0.719922432
467 -18.04752939 0.7145088992
468 -18.33512306 0.709116357
469 -18.62144399 0.7037328404
470 -18.90718579 0.6983470341
471 -19.1930042 0.6929481679
472 -19.47952426 0.6875259247
473 -19.76734655 0.6820703607
474 -20.05705268 0.6765718344
475 -20.34921011 0.6710209454
476 -20.64437646 0.6654084819
477 -20.94310332 0.6597253751
478 -21.24593961 0.6539626613
479 -21.55343463 0.6481114513
480 -21.86614067 0.6421629072
481 -22.18461538 0.6361082259
482 -22.50942373 0.6299386317
483 -22.84113962 0.6236453757
484 -23.18034724 0.6172197454
485 -23.52764188 0.6106530836
486 -23.88363046 0.6039368181
487 -24.24893143 0.5970625035
488 -24.62417427 0.5900218753
489 -25.0099983 0.5828069189
490 -25.4070508 0.5754099527
491 -25.81598442 0.5678237281
492 -26.23745369 0.560041545
493 -26.67211065 0.5520573855
494 -27.12059945 0.5438660628
495 -27.58354992 0.5354633867
496 -28.0615701 0.5268463424
497 -28.55523759 0.5180132802
498 -29.06508996 0.508964112
499 -29.59161417 0.4997005092
500 -30.13523523 0.4902260952
501 -30.69630425 0.480546624
502 -31.27508636 0.4706701371
503 -31.87174854 0.4606070871
504 -32.48634826 0.4503704189
505 -33.11882294 0.4399755985
506 -33.76898118 0.4294405797
507 -34.43649603 0.4187857034
508 -35.12090092 0.4080335236
509 -35.82158863 0.3972085602
510 -36.53781378 0.3863369821
511 -37.26869879 0.3754462271
512 -38.01324364 0.3645645703
513 -38.770339 0.3537206558
514 -39.53878254 0.3429430101
515 -40.31729792 0.3322595551
516 -41.10455566 0.3216971401
517 -41.89919532 0.3112811123
518 -42.69984799 0.3010349403
519 -43.50515841 0.2909799024
520 -44.31380586 0.2811348507
521 -45.12452326 0.2715160515
522 -45.93611376 0.2621371043
523 -46.74746459 0.253008935
524 -47.55755779 0.2441398558
525 -48.36547778 0.2355356826
526 -49.17041574 0.2271999003
527 -49.97167098 0.2191338637
528 -50.76864935 0.2113370246
529 -51.56085925 0.2038071731
530 -52.34790516 0.1965406854
531 -53.12947933 0.1895327704
532 -53.90535178 0.1827777077
533 -54.6753589 0.1762690732
534 -55.4393911 0.1699999474
535 -56.19737964 0.1639631042
536 -56.94928313 0.1581511797
537 -57.69507376 0.1525568165
538 -58.43472377 0.1471727874
539 -59.16819238 0.1419920944
540 -59.89541352 0.1370080461
541 -60.61628463 0.132214313
542 -61.33065691 0.1276049617
543 -62.03832733 0.12317447
544 -62.73903262 0.1189177234
545 -63.43244547 0.1148299969
546 -64.11817313 0.1109069224
547 -64.79575851 0.1071444456
548 -65.46468364 0.1035387755
549 -66.12437553 0.1000863285
550 -66.77421416 0.09678367082
551 -67.41354221 0.09362746171
552 -68.04167631 0.09061440058
553 -68.65791925 0.0877411793
554 -69.26157275 0.08500444211
555 -69.85195033 0.08240075384
556 -70.42838973 0.07992657723
557 -70.99026464 0.07757825914
558 -71.53699525 0.07535202551
559 -72.06805742 0.07324398407
560 -72.58299029 0.07125013373
561 -73.08140211 0.06936637954
562 -73.56297441 0.06758855176
563 -74.02746446 0.06591242776
564 -74.47470606 0.06433375557
565 -74.9046089 0.06284827798
566 -75.31715659 0.0614517562
567 -75.71240356 0.06013999243
568 -76.09047109 0.05890885062
569 -76.4515425 0.0577542753
570 -76.79585794 0.05667230786
571 -77.12370872 0.05565910049
572 -77.43543155 0.05471092759
573 -77.73140259 0.05382419483
574 -78.01203173 0.05299544587
575 -78.27775693 0.05222136709
576 -78.52903882 0.05149879033
577 -78.76635568 0.05082469411
578 -78.99019867 0.05019620331
579 -79.20106756 0.04961058765
580 -79.39946675 0.04906525918
581 -79.58590176 0.04855776892
582 -79.7608761 0.04808580283
583 -79.92488852 0.04764717729
584 -80.07843062 0.0472398342
585 -80.22198489 0.04686183582
586 -80.3560229 0.04651135943
587 -80.48100399 0.04618669192
588 -80.59737413 0.0458862244
589 -80.70556498 0.04560844684
590 -80.80599332 0.04535194273
591 -80.8990605 0.04511538402
592 -80.98515223 0.04489752606
593 -81.06463837 0.04469720279
594 -81.13787299 0.04451332215
595 -81.20519443 0.0443448616
596 -81.2669255 0.04419086394
597 -81.32337377 0.04405043323
598 -81.37483192 0.04392273105
599 -81.4215781 0.04380697284
600 -81.46387638 0.04370242451
