0 -19.66956296 0.6839314113
1 -19.96036892 0.678414353
2 -20.25347256 0.6728473251
3 -20.54944496 0.6672208828
4 -20.84885002 0.6615257378
5 -21.15224808 0.6557527169
6 -21.46019918 0.6498927281
7 -21.77326585 0.6439367343
8 -22.09201567 0.6378757345
9 -22.41702337 0.6317007526
10 -22.74887268 0.6254028355
11 -23.08815774 0.6189730593
12 -23.43548417 0.6124025465
13 -23.79146963 0.6056824932
14 -24.156744 0.598804209
15 -24.53194892 0.5917591698
16 -24.91773673 0.5845390852
17 -25.31476879 0.5771359807
18 -25.7237129 0.5695422975
19 -26.14523998 0.5617510087
20 -26.58001971 0.5537557536
21 -27.02871516 0.5455509894
22 -27.49197639 0.5371321597
23 -27.97043286 0.5284958781
24 -28.46468473 0.5196401233
25 -28.97529304 0.5105644434
26 -29.50276889 0.5012701624
27 -30.04756182 0.4917605816
28 -30.6100474 0.4820411705
29 -31.19051472 0.472119734
30 -31.78915371 0.462006548
31 -32.40604311 0.4517144522
32 -33.04113947 0.4412588883
33 -33.69426765 0.4306578763
34 -34.36511357 0.4199319185
35 -35.0532196 0.4091038288
36 -35.75798316 0.398198485
37 -36.47865885 0.3872425066
38 -37.21436433 0.3762638661
39 -37.96409003 0.3652914447
40 -38.72671258 0.3543545488
41 -39.50101144 0.3434824047
42 -40.28568843 0.3327036519
43 -41.0793893 0.3220458558
44 -41.88072664 0.311535058
45 -42.68830321 0.3011953827
46 -43.50073489 0.2910487102
47 -44.3166724 0.2811144285
48 -45.13482106 0.2714092658
49 -45.95395808 0.261947205
50 -46.77294688 0.2527394754
51 -47.59074821 0.2437946144
52 -48.40642793 0.2351185901
53 -49.21916144 0.226714973
54 -50.028235 0.2185851454
55 -50.83304397 0.2107285369
56 -51.63308846 0.2031428762
57 -52.42796652 0.1958244483
58 -53.21736529 0.1887683498
59 -54.0010505 0.1819687355
60 -54.77885447 0.1754190513
61 -55.55066319 0.1691122492
62 -56.31640251 0.1630409815
63 -57.07602407 0.1571977724
64 -57.82949098 0.1515751667
65 -58.57676384 0.1461658537
66 -59.31778723 0.140962767
67 -60.05247714 0.1359591613
68 -60.78070962 0.1311486659
69 -61.50231102 0.1265253161
70 -62.2170501 0.1220835652
71 -62.92463227 0.1178182776
72 -63.62469633 0.1137247059
73 -64.31681359 0.109798455
74 -65.00048969 0.1060354351
75 -65.67516896 0.1024318076
76 -66.34024112 0.09898392675
77 -66.99505021 0.09568828026
78 -67.63890524 0.0925414314
79 -68.27109235 0.08953996584
80 -68.89088773 0.08668044495
81 -69.4975711 0.08395936712
82 -70.09043906 0.08137313826
83 -70.66881789 0.07891805175
84 -71.23207543 0.07659027774
85 -71.77963167 0.07438586125
86 -72.31096777 0.07230072803
87 -72.82563338 0.070330697
88 -73.32325213 0.06847149783
89 -73.80352527 0.06671879244
90 -74.26623361 0.0650681988
91 -74.71123767 0.06351531602
92 -75.13847649 0.0620557495
93 -75.54796502 0.0606851353
94 -75.93979045 0.059399163
95 -76.31410763 0.05819359655
96 -76.67113382 0.05706429269
97 -77.01114299 0.05600721693
98 -77.33445972 0.05501845674
99 -77.64145313 0.05409423231
100 -77.93253064 0.0532309047
101 -78.20813197 0.05242498184
102 -78.46872334 0.05167312226
103 -78.71479195 0.05097213714
104 -78.94684078 0.05031899058
105 -79.16538393 0.04971079858
106 -79.37094213 0.04914482681
107 -79.56403895 0.0486184874
108 -79.74519722 0.04812933498
109 -79.91493598 0.04767506212
110 -80.07376781 0.04725349433
111 -80.22219652 0.04686258469
112 -80.36071522 0.04650040829
113 -80.48980473 0.04616515662
114 -80.60993225 0.04585513181
115 -80.72155034 0.04556874101
116 -80.82509616 0.04530449077
117 -80.92099088 0.04506098158
118 -81.00963933 0.04483690256
119 -81.09142978 0.04463102635
120 -81.16673393 0.04444220414
121 -81.23590692 0.04426936098
122 -81.2992876 0.04411149125
123 -81.35719869 0.04396765437
124 -81.40994723 0.04383697075
125 -81.45782489 0.04371861791
126 -81.50110849 0.04361182685
127 -81.54006043 0.04351587862
128 -81.57492924 0.04343010108
129 -81.60595009 0.04335386587
130 -81.63334534 0.04328658554
131 -81.65732508 0.04322771088
132 -81.67808767 0.04317672841
133 -81.69582028 0.04313315804
134 -81.71069946 0.04309655082
135 -81.72289161 0.04306648696
136 -81.73255354 0.04304257382
137 -81.73983292 0.04302444419
138 -81.74486878 0.04301175453
139 -81.74779201 0.04300418349
140 -81.74872572 0.04300143037
141 -81.74778575 0.0430032138
142 -81.74508102 0.04300927046
143 -81.74071389 0.04301935399
144 -81.73478004 0.04303323488
145 -81.72736443 0.04305070806
146 -81.71850235 0.04307167015
147 -81.70782636 0.04309682109
148 -81.69139161 0.04313398117
149 -81.63316328 0.04325495539
150 -81.20914153 0.04411342426
151 -77.51898919 0.05218479583
152 -45.40039023 0.1892170335
153 35.92406712 0.9959017931
154 38.56399185 0.9999415205
155 37.37585983 0.9999297466
156 35.10080615 0.9998943709
157 31.9806361 0.9998135119
158 28.3336957 0.9996363915
159 24.47789776 0.9992649763
160 20.64434814 0.9985301422
161 16.97536429 0.997175733
162 13.55235574 0.9948703762
163 10.41980101 0.9912652504
164 7.598580442 0.986093322
165 5.092175402 0.9792696833
166 2.890192381 0.9709371356
167 0.9717523446 0.9614303985
168 -0.6907052103 0.9511831933
169 -2.127714838 0.9406286466
170 -3.36980134 0.9301307004
171 -4.445500724 0.9199558104
172 -5.380316155 0.9102747966
173 -6.196365593 0.9011799511
174 -6.912459305 0.8927061128
175 -7.544401152 0.8848496909
176 -8.105377607 0.8775834978
177 -8.606355885 0.8708673277
178 -9.056451619 0.8646550309
179 -9.463250115 0.8588989943
180 -9.833078071 0.8535528212
181 -10.17122898 0.848572816
182 -10.48214797 0.8439187059
183 -10.76958238 0.8395538914
184 -11.03670415 0.8354454177
185 -11.28620916 0.831563791
186 -11.52039799 0.8278827156
187 -11.74124176 0.8243788007
188 -11.95043582 0.8210312632
189 -12.1494439 0.8178216432
190 -12.33953435 0.8147335392
191 -12.52181013 0.8117523678
192 -12.69723368 0.8088651478
193 -12.86664764 0.8060603079
194 -13.03079216 0.8033275168
195 -13.19031949 0.8006575337
196 -13.34580622 0.7980420762
197 -13.49776366 0.7954737052
198 -13.64664668 0.7929457235
199 -13.79286119 0.7904520871
200 -13.93677063 0.7879873266
201 -14.0787014 0.7855464796
202 -14.21894771 0.7831250295
203 -14.35777562 0.7807188534
204 -14.49542659 0.7783241744
205 -14.63212063 0.7759375212
206 -14.76805896 0.7735556908
207 -14.90342634 0.7711757164
208 -15.03839323 0.7687948384
209 -15.17311748 0.7664104789
210 -15.30774609 0.7640202188
211 -15.44241649 0.7616217769
212 -15.57725792 0.7592129916
213 -15.71239251 0.7567918043
214 -15.84793628 0.7543562444
215 -15.9840001 0.7519044154
216 -16.12069049 0.7494344824
217 -16.25811036 0.7469446608
218 -16.3963597 0.7444332059
219 -16.53553623 0.7418984027
220 -16.67573595 0.7393385573
221 -16.81705373 0.7367519881
222 -16.95958373 0.7341370179
223 -17.10341999 0.7314919662
224 -17.24865679 0.7288151424
225 -17.39538912 0.7261048383
226 -17.54371313 0.7233593215
227 -17.69372649 0.7205768292
228 -17.84552879 0.7177555616
229 -17.99922201 0.7148936754
230 -18.15491079 0.711989278
231 -18.31270295 0.7090404211
232 -18.4727098 0.7060450944
233 -18.63504656 0.7030012196
234 -18.79983279 0.699906644
235 -18.9671928 0.6967591345
236 -19.13725605 0.6935563709
237 -19.31015764 0.6902959398
238 -19.48603872 0.6869753278
239 -19.66504699 0.6835919155
240 -19.84733717 0.6801429702
241 -20.0330715 0.6766256402
242 -20.22242029 0.6730369474
243 -20.41556243 0.6693737813
244 -20.61268598 0.6656328925
245 -20.8139887 0.6618108863
246 -21.01967869 0.6579042171
247 -21.22997496 0.6539091826
248 -21.44510807 0.6498219189
249 -21.66532072 0.6456383963
250 -21.89086843 0.6413544157
251 -22.1220201 0.6369656064
252 -22.35905867 0.6324674252
253 -22.60228165 0.6278551572
254 -22.85200173 0.6231239185
255 -23.10854722 0.6182686619
256 -23.37226251 0.6132841849
257 -23.64350841 0.6081651413
258 -23.92266235 0.6029060579
259 -24.21011849 0.5975013542
260 -24.50628758 0.591945369
261 -24.81159668 0.5862323928
262 -25.12648856 0.5803567072
263 -25.45142085 0.5743126317
264 -25.78686473 0.5680945804
265 -26.13330336 0.5616971274
266 -26.49122969 0.5551150823
267 -26.86114382 0.548343577
268 -27.24354975 0.5413781636
269 -27.63895144 0.5342149235
270 -28.04784825 0.5268505877
271 -28.47072957 0.5192826671
272 -28.90806873 0.5115095919
273 -29.36031611 0.503530858
274 -29.82789157 0.4953471778
275 -30.31117613 0.486960631
276 -30.81050315 0.4783748119
277 -31.32614906 0.469594968
278 -31.85832379 0.460628122
279 -32.40716128 0.4514831741
280 -32.97271027 0.4421709738
281 -33.5549257 0.4327043571
282 -34.15366112 0.4230981424
283 -34.76866246 0.4133690781
284 -35.39956357 0.4035357398
285 -36.04588383 0.3936183747
286 -36.70702815 0.383638693
287 -37.38228958 0.3736196095
288 -38.07085473 0.3635849426
289 -38.77181177 0.3535590765
290 -39.4841612 0.3435665997
291 -40.20682886 0.333631931
292 -40.93868105 0.3237789462
293 -41.67854103 0.3140306195
294 -42.42520664 0.3044086921
295 -43.17746821 0.2949333794
296 -43.93412628 0.2856231248
297 -44.6940086 0.2764944081
298 -45.45598579 0.2675616109
299 -46.21898528 0.2588369394
300 -46.98200329 0.2503304034
301 -47.74411442 0.2420498468
302 -48.50447895 0.2340010234
303 -49.2623476 0.226187711
304 -50.01706406 0.2186118567
305 -50.76806512 0.2112737449
306 -51.51487883 0.20417218
307 -52.25712067 0.1973046783
308 -52.99448815 0.1906676621
309 -53.72675388 0.1842566511
310 -54.45375745 0.1780664471
311 -55.17539632 0.1720913081
312 -55.89161583 0.166325111
313 -56.60239864 0.1607614991
314 -57.30775374 0.1553940149
315 -58.00770522 0.1502162163
316 -58.70228102 0.1452217775
317 -59.3915018 0.140404572
318 -60.07537022 0.1357587407
319 -60.7538609 0.131278743
320 -61.42691107 0.1269593922
321 -62.09441249 0.1227958771
322 -62.75620461 0.1187837678
323 -63.4120693 0.1149190094
324 -64.06172739 0.1111979034
325 -64.70483705 0.1076170788
326 -65.34099429 0.1041734542
327 -65.96973549 0.1008641941
328 -66.59054186 0.09768665948
329 -67.20284592 0.09463835699
330 -67.80603965 0.09171688763
331 -68.39948397 0.08891989739
332 -68.98251949 0.08624503178
333 -69.5544778 0.08368989563
334 -70.11469327 0.08125201959
335 -70.66251466 0.07892883381
336 -71.1973164 0.07671764943
337 -71.71850897 0.07461564771
338 -72.22554839 0.07261987643
339 -72.71794424 0.0707272529
340 -73.1952664 0.06893457272
341 -73.65715013 0.06723852322
342 -74.10329966 0.0656357005
343 -74.5334902 0.06412262908
344 -74.94756835 0.06269578348
345 -75.34545015 0.06135161328
346 -75.72710946 0.06008659023
347 -76.09250044 0.0588974238
348 -76.44097296 0.05778257175
349 -76.76672538 0.05675374371
350 -77.02309174 0.05592504914
351 -76.84065127 0.05621873215
352 -73.30118967 0.06564124155
353 -44.10942153 0.2072081794
354 32.87279544 0.993558197
355 37.58917799 0.999928494
356 36.25827978 0.9999138586
357 33.50090098 0.9998589635
358 29.84638215 0.9997258141
359 25.71421125 0.9994178079
360 21.45460262 0.9987419553
361 17.30465938 0.9973647058
362 13.40613293 0.9948015903
363 9.837527204 0.9904899849
364 6.636337511 0.9839595295
365 3.810781476 0.9750291269
366 1.346924855 0.9639042577
367 -0.7847078491 0.9511084603
368 -2.62230416 0.937305843
369 -4.206738627 0.9231267485
370 -5.577286323 0.90906613
371 -6.769224958 0.8954577116
372 -7.812914074 0.8824939879
373 -8.733795923 0.8702624494
374 -9.552862752 0.8587807586
375 -10.28729606 0.8480243081
376 -10.95111679 0.8379454497
377 -11.55577234 0.8284859208
378 -12.11063526 0.8195843981
379 -12.62341271 0.8111808108
380 -13.10047638 0.8032186063
381 -13.54712551 0.7956457731
382 -13.96779555 0.788415138
383 -14.36622367 0.7814842599
384 -14.74557994 0.7748151162
385 -15.10857193 0.7683736958
386 -15.45752813 0.7621295667
387 -15.79446508 0.7560554531
388 -16.12114147 0.7501268401
389 -16.43910211 0.7443216156
390 -16.74971383 0.7386197488
391 -17.05419494 0.7330030077
392 -17.35363963 0.727454709
393 -17.64903821 0.7219595002
394 -17.94129415 0.7165031683
395 -18.23123831 0.7110724733
396 -18.51964109 0.705655002
397 -18.8072228 0.70023904
398 -19.09466253 0.6948134603
399 -19.38260587 0.6893676246
400 -19.67167159 0.6838912975
401 -19.96245751 0.6783745713
402 -20.25554568 0.6728078001
403 -20.55150695 0.667181543
404 -20.85090504 0.6614865147
405 -21.15430015 0.655713545
406 -21.46225217 0.6498535443
407 -21.77532355 0.6438974778
408 -22.09408177 0.6378363463
409 -22.41910152 0.6316611757
410 -22.75096646 0.6253630146
411 -23.09027071 0.6189329409
412 -23.43761984 0.6123620786
413 -23.79363152 0.6056416258
414 -24.15893559 0.5987628939
415 -24.53417367 0.5917173612
416 -24.91999809 0.5844967395
417 -25.31707016 0.5770930574
418 -25.72605765 0.5694987594
419 -26.14763141 0.5617068223
420 -26.58246103 0.5537108901
421 -27.03120949 0.5455054252
422 -27.4945267 0.5370858771
423 -27.97304194 0.5284488659
424 -28.46735513 0.5195923784
425 -28.97802706 0.510515971
426 -29.50556852 0.5012209769
427 -30.05042866 0.4917107077
428 -30.61298264 0.4819906436
429 -31.19351905 0.4720686009
430 -31.7922273 0.4619548672
431 -32.40918557 0.4516622939
432 -33.04434976 0.4412063345
433 -33.6975441 0.43060502
434 -34.36845384 0.419878863
435 -35.05662068 0.4090506867
436 -35.76144138 0.3981453765
437 -36.48216991 0.3871895577
438 -37.21792335 0.3762112064
439 -37.96769162 0.3652392055
440 -38.7303509 0.3543028606
441 -39.50468031 0.3434313948
442 -40.2893814 0.3326534423
443 -41.08309981 0.3219965607
444 -41.88444807 0.3114867828
445 -42.69202903 0.3011482216
446 -43.50445874 0.2910027458
447 -44.32038819 0.2810697305
448 -45.13852304 0.2713658909
449 -45.95764093 0.261905197
450 -46.77660573 0.2526988652
451 -47.5943787 0.243755421
452 -48.41002621 0.2350808212
453 -49.2227242 0.2266786261
454 -50.03175944 0.2185502088
455 -50.83652779 0.2106949912
456 -51.63652985 0.2031106952
457 -52.43136407 0.1957936004
458 -53.22071801 0.1887387991
459 -54.0043577 0.1819404428
460 -54.78211577 0.1753919755
461 -55.55387841 0.1690863477
462 -56.31957165 0.1630162111
463 -57.07914722 0.1571740903
464 -57.83256828 0.1515525308
465 -58.57979541 0.1461442228
466 -59.32077315 0.1409421018
467 -60.05541737 0.1359394242
468 -60.78360398 0.131129821
469 -61.50515916 0.1265073299
470 -62.21985145 0.122066406
471 -62.92738608 0.1178019156
472 -63.62740159 0.1137091133
473 -64.3194691 0.1097836055
474 -65.00309404 0.1060213039
475 -65.67772055 0.1024183712
476 -66.34273822 0.09897116264
477 -66.99749096 0.09567616668
478 -67.64128773 0.09252994718
479 -68.27341461 0.08952909023
480 -68.89314784 0.08667015744
481 -69.49976719 0.08394964735
482 -70.09256938 0.08136396588
483 -70.67088084 0.07890940641
484 -71.23406959 0.07658213905
485 -71.78155583 0.0743782088
486 -72.31282099 0.07229354141
487 -72.82741496 0.07032395583
488 -73.32496165 0.06846518186
489 -73.80516258 0.0667128816
490 -74.26779883 0.06506267326
491 -74.71273119 0.06351015629
492 -75.13989897 0.06205093651
493 -75.54931734 0.06068065043
494 -75.94107372 0.05939498818
495 -76.31532317 0.05818971427
496 -76.67228313 0.0570606861
497 -77.01222771 0.05600386979
498 -77.33548166 0.05501535353
499 -77.64241418 0.05409135818
500 -77.9334328 0.05322824553
501 -78.20897731 0.05242252418
502 -78.46951397 0.05167085338
503 -78.71553001 0.05097004499
504 -78.94752845 0.05031706379
505 -79.16602336 0.04970902642
506 -79.37153548 0.04914319918
507 -79.56458835 0.04861699482
508 -79.74570475 0.04812796853
509 -79.9154037 0.04767381347
510 -80.07419771 0.04725235565
511 -80.22259054 0.04686154865
512 -80.36107524 0.04649946805
513 -80.49013257 0.04616430577
514 -80.61022966 0.04585436439
515 -80.721819 0.04556805143
516 -80.82533768 0.04530387383
517 -80.9212068 0.04506043242
518 -81.00983111 0.04483641666
519 -81.09159882 0.04463059949
520 -81.16688156 0.04444183238
521 -81.23603441 0.04426904067
522 -81.29939614 0.04411121897
523 -81.35728942 0.04396742695
524 -81.41002122 0.04383678523
525 -81.45788316 0.04371847152
526 -81.50115198 0.04361171703
527 -81.54009006 0.04351580298
528 -81.57494585 0.0434300574
529 -81.60595449 0.04335385206
530 -81.63333828 0.04328659968
531 -81.65730727 0.04322775118
532 -81.67805977 0.04317679319
533 -81.69578292 0.04313324574
534 -81.71065323 0.04309666
535 -81.72283706 0.04306661625
536 -81.73249118 0.04304272196
537 -81.73976324 0.04302461001
538 -81.74479224 0.04301193694
539 -81.74770903 0.04300438147
540 -81.7486367 0.04300164297
541 -81.74769106 0.04300344013
542 -81.74498102 0.04300950969
543 -81.7406089 0.04301960536
544 -81.73467037 0.04303349766
545 -81.72725036 0.0430509816
546 -81.71838413 0.04307195388
547 -81.70770394 0.04309711501
548 -81.69126265 0.04313428994
549 -81.63300456 0.04325532575
550 -81.20874131 0.0441142922
551 -77.51643823 0.05219084782
552 -45.37928165 0.1893544877
553 35.92795701 0.9959112372
554 38.5638877 0.9999415214
555 37.37541008 0.999929741
556 35.10012268 0.9998943578
557 31.97980159 0.9998134833
558 28.33280754 0.9996363321
559 24.47703228 0.9992648599
560 20.64355185 0.9985299304
561 16.9746609 0.9971753793
562 13.5517549 0.9948698388
563 10.41930407 0.9912645122
564 7.598183615 0.9860924093
565 5.091871569 0.9792686717
566 2.889972418 0.9709361368
567 0.9716062838 0.9614295359
568 -0.6907872294 0.9511825776
569 -2.12774191 0.9406283613
570 -3.369781443 0.9301307987
571 -4.445440619 0.9199563185
572 -5.380221442 0.9102757209
573 -6.196240848 0.9011812849
574 -6.912308242 0.8927078417
575 -7.544226783 0.8848517966
576 -8.105182382 0.8775859608
577 -8.606141803 0.8708701286
578 -9.056220328 0.8646581511
579 -9.463002982 0.8589024167
580 -9.832816242 0.8535565301
581 -10.17095343 0.8485767971
582 -10.48185951 0.8439229464
583 -10.76928174 0.8395583797
584 -11.03639193 0.8354501436
585 -11.28588591 0.831568745
586 -11.52006419 0.8278878893
587 -11.74089782 0.8243841866
588 -11.95008212 0.8210368546
589 -12.14908077 0.8178274339
590 -12.33916209 0.8147395236
591 -12.521429 0.8117585411
592 -12.69684392 0.8088715056
593 -12.86624945 0.8060668462
594 -13.03038574 0.8033342323
595 -13.189905 0.8006644231
596 -13.34538381 0.7980491368
597 -13.49733345 0.7954809347
598 -13.64620877 0.79295312
599 -13.79241569 0.7904596488
600 -13.9363176 0.7879950522
