0 -81.43541738 0.0437569501
1 -77.85732682 0.05209628758
2 -73.18338808 0.06666251747
3 -66.69022527 0.09223578404
4 -42.99105487 0.2215997069
5 39.78157616 0.998502479
6 38.7235614 0.999944712
7 37.14564526 0.9999270737
8 34.54554947 0.9998835317
9 31.05767514 0.9997800979
10 27.06888302 0.9995438678
11 22.96135854 0.9990363819
12 18.98762104 0.9980302559
13 15.27976787 0.9962079856
14 11.8966342 0.9932038377
15 8.85921227 0.9886952709
16 6.168196289 0.9825160468
17 3.810975489 0.9747330155
18 1.764931002 0.9656396009
19 0.0004284965926 0.9556710985
20 -1.515837315 0.9452921833
21 -2.817694461 0.934908281
22 -3.937129335 0.9248223524
23 -4.90289541 0.9152304688
24 -5.739952866 0.9062389213
25 -6.469470685 0.8978880586
26 -7.109140449 0.890174462
27 -7.673622314 0.8830682952
28 -8.175014854 0.8765255585
29 -8.623292761 0.8704961412
30 -9.026689075 0.8649288006
31 -9.392016756 0.8597740456
32 -9.724933304 0.8549856645
33 -10.03015572 0.8505214084
34 -10.31163393 0.8463431713
35 -10.57269028 0.8424168835
36 -10.81613172 0.8387122538
37 -11.04434017 0.8352024422
38 -11.25934549 0.831863713
39 -11.46288471 0.8286750925
40 -11.65645016 0.825618049
41 -11.84132886 0.8226761998
42 -12.01863494 0.8198350475
43 -12.18933629 0.8170817463
44 -12.35427674 0.8144048955
45 -12.51419443 0.8117943582
46 -12.66973731 0.8092411023
47 -12.82147599 0.8067370626
48 -12.96991474 0.804275019
49 -13.11550063 0.8018484914
50 -13.25863144 0.7994516473
51 -13.39966231 0.7970792211
52 -13.53891146 0.794726444
53 -13.67666512 0.7923889819
54 -13.8131817 0.7900628813
55 -13.94869551 0.7877445221
56 -14.08341985 0.7854305751
57 -14.21754983 0.7831179656
58 -14.35126471 0.7808038403
59 -14.48473004 0.7784855384
60 -14.61809948 0.776160566
61 -14.75151647 0.7738265726
62 -14.88511559 0.7714813311
63 -15.01902393 0.7691227184
64 -15.15336218 0.7667486997
65 -15.28824566 0.7643573122
66 -15.42378528 0.7619466521
67 -15.56008832 0.7595148615
68 -15.69725924 0.7570601167
69 -15.83540041 0.7545806175
70 -15.97461267 0.7520745766
71 -16.11499604 0.7495402106
72 -16.25665023 0.7469757305
73 -16.39967518 0.7443793331
74 -16.54417161 0.7417491927
75 -16.69024153 0.7390834527
76 -16.83798866 0.7363802181
77 -16.98751899 0.7336375473
78 -17.13894118 0.7308534444
79 -17.29236711 0.7280258512
80 -17.44791226 0.7251526399
81 -17.60569631 0.7222316044
82 -17.76584352 0.7192604531
83 -17.92848331 0.7162367999
84 -18.09375074 0.7131581562
85 -18.26178708 0.7100219224
86 -18.43274034 0.7068253788
87 -18.60676587 0.7035656765
88 -18.78402697 0.700239828
89 -18.96469552 0.6968446981
90 -19.14895265 0.6933769933
91 -19.33698945 0.6898332521
92 -19.52900766 0.686209835
93 -19.72522052 0.6825029136
94 -19.92585346 0.6787084606
95 -20.13114503 0.6748222392
96 -20.34134769 0.670839793
97 -20.55672878 0.666756436
98 -20.77757134 0.6625672438
99 -21.00417515 0.6582670443
100 -21.23685762 0.6538504111
101 -21.47595475 0.6493116571
102 -21.7218221 0.6446448308
103 -21.97483568 0.6398437144
104 -22.23539282 0.6349018259
105 -22.50391296 0.629812424
106 -22.78083838 0.6245685184
107 -23.06663471 0.619162885
108 -23.3617913 0.6135880887
109 -23.66682137 0.6078365133
110 -23.98226185 0.6019004009
111 -24.30867284 0.5957719023
112 -24.64663665 0.5894431391
113 -24.9967563 0.5829062799
114 -25.35965342 0.5761536322
115 -25.73596541 0.5691777501
116 -26.12634176 0.5619715615
117 -26.53143949 0.5545285131
118 -26.95191745 0.5468427361
119 -27.3884296 0.5389092303
120 -27.84161705 0.5307240669
121 -28.3120988 0.5222846077
122 -28.8004613 0.5135897363
123 -29.30724675 0.5046400976
124 -29.83294035 0.4954383376
125 -30.3779566 0.4859893362
126 -30.94262494 0.4763004226
127 -31.52717522 0.466381562
128 -32.13172328 0.4562455012
129 -32.75625725 0.4459078601
130 -33.40062532 0.4353871579
131 -34.06452539 0.4247047618
132 -34.74749749 0.4138847515
133 -35.44891954 0.4029536939
134 -36.16800687 0.3919403276
135 -36.90381613 0.3808751638
136 -37.65525357 0.3697900119
137 -38.42108789 0.3587174472
138 -39.19996726 0.3476902394
139 -39.99044015 0.3367407658
140 -40.79097908 0.3259004328
141 -41.60000662 0.3151991313
142 -42.41592244 0.3046647473
143 -43.23713044 0.2943227467
144 -44.06206494 0.2841958467
145 -44.8892149 0.2743037839
146 -45.71714548 0.2646631795
147 -46.54451627 0.2552874989
148 -47.3700958 0.2461870989
149 -48.19277216 0.2373693501
150 -49.01155966 0.2288388217
151 -49.8256018 0.220597515
152 -50.63417067 0.2126451293
153 -51.43666328 0.2049793497
154 -52.23259519 0.197596141
155 -53.02159183 0.1904900413
156 -53.803378 0.1836544445
157 -54.57776591 0.1770818667
158 -55.34464216 0.1707641914
159 -56.10395401 0.1646928919
160 -56.8556952 0.1588592276
161 -57.59989167 0.1532544145
162 -58.33658735 0.1478697703
163 -59.06583044 0.1426968339
164 -59.78766014 0.1377274615
165 -60.50209443 0.1329538986
166 -61.2091188 0.1283688318
167 -61.90867649 0.1239654199
168 -62.60066014 0.1197373071
169 -63.28490544 0.1156786192
170 -63.96118664 0.1117839458
171 -64.62921427 0.1080483102
172 -65.28863511 0.1044671282
173 -65.93903434 0.1010361605
174 -66.57994004 0.09775145869
175 -67.21082959 0.09460930899
176 -67.83113804 0.09160617585
177 -68.44026798 0.08873864711
178 -69.03760061 0.08600338334
179 -69.6225076 0.08339707275
180 -70.19436331 0.08091639305
181 -70.75255699 0.07855798094
182 -71.29650443 0.07631840979
183 -71.82565887 0.07419417529
184 -72.33952068 0.07218168879
185 -72.83764577 0.0702772776
186 -73.31965229 0.06847719115
187 -73.78522585 0.06677761224
188 -74.23412293 0.06517467193
189 -74.6661728 0.06366446716
190 -75.08127774 0.06224307997
191 -75.47941202 0.06090659732
192 -75.86061958 0.05965113084
193 -76.22501063 0.05847283566
194 -76.57275748 0.05736792803
195 -76.90408964 0.05633270111
196 -77.21928854 0.05536353898
197 -77.51868187 0.05445692845
198 -77.80263779 0.05360946894
199 -78.07155924 0.05281788018
200 -78.32587818 0.05207900809
201 -78.56605025 0.05138982882
202 -78.79254949 0.05074745115
203 -79.00586358 0.05014911753
204 -79.20648935 0.04959220373
205 -79.3949287 0.04907421752
206 -79.57168493 0.04859279641
207 -79.73725953 0.04814570464
208 -79.89214926 0.04773082959
209 -80.03684374 0.0473461777
210 -80.17182327 0.04698987009
211 -80.29755714 0.04666013787
212 -80.41450211 0.04635531738
213 -80.52310127 0.04607384528
214 -80.62378315 0.04581425367
215 -80.71696101 0.04557516515
216 -80.80303239 0.04535528813
217 -80.88237886 0.04515341205
218 -80.95536582 0.04496840286
219 -81.02234259 0.04479919862
220 -81.08364247 0.04464480526
221 -81.13958299 0.04450429253
222 -81.19046624 0.0443767901
223 -81.23657918 0.04426148391
224 -81.27819411 0.04415761263
225 -81.31556912 0.04406446436
226 -81.34894858 0.04398137349
227 -81.37856365 0.04390771774
228 -81.40463282 0.04384291536
229 -81.42736244 0.04378642252
230 -81.44694728 0.04373773082
231 -81.46357101 0.04369636502
232 -81.47740679 0.0436618808
233 -81.48861778 0.04363386277
234 -81.49735761 0.04361192258
235 -81.5037709 0.04359569707
236 -77.94978906 0.05184162434
237 -73.31401422 0.06621775801
238 -66.9081591 0.09128357015
239 -44.29218124 0.2127958486
240 39.760591 0.9982128958
241 38.69795599 0.9999444358
242 37.08247879 0.999926272
243 34.41095388 0.9998807608
244 30.81849826 0.9997706522
245 26.70563548 0.9995137775
246 22.47132913 0.998950277
247 18.38083787 0.997813196
248 14.57390532 0.9957279765
249 11.11315668 0.9922688991
250 8.02050194 0.9870780567
251 5.29514383 0.9800037261
252 2.921045139 0.9711794531
253 0.8710275161 0.9609922318
254 -0.8892624695 0.9499629517
255 -2.397222772 0.9386114505
256 -3.689758246 0.9273647316
257 -4.800889171 0.9165228322
258 -5.760538935 0.9062660883
259 -6.594213596 0.8966811538
260 -7.323221715 0.8877898741
261 -7.965154001 0.8795735459
262 -8.534443021 0.8719906449
263 -9.042905357 0.8649886769
264 -9.500222384 0.8585115817
265 -9.91434639 0.8525040685
266 -10.29183407 0.8469139601
267 -10.63811595 0.8416933033
268 -10.95771212 0.836798744
269 -11.25440429 0.8321914875
270 -11.53137284 0.8278370377
271 -11.79130624 0.8237048332
272 -12.03648859 0.8197678494
273 -12.26886996 0.8160022028
274 -12.49012315 0.8123867795
275 -12.70168975 0.8089028943
276 -12.90481766 0.8055339867
277 -13.1005918 0.8022653509
278 -13.28995949 0.7990838983
279 -13.47375136 0.7959779501
280 -13.65269879 0.7929370565
281 -13.82744846 0.7899518387
282 -13.99857459 0.7870138518
283 -14.16658925 0.7841154654
284 -14.33195104 0.7812497592
285 -14.49507259 0.7784104318
286 -14.65632685 0.7755917216
287 -14.81605255 0.7727883367
288 -14.97455887 0.7699953936
289 -15.13212952 0.7672083635
290 -15.28902626 0.764423024
291 -15.44549194 0.7616354174
292 -15.60175324 0.7588418125
293 -15.75802304 0.7560386712
294 -15.9145025 0.753222618
295 -16.07138294 0.7503904128
296 -16.22884757 0.7475389263
297 -16.38707294 0.7446651168
298 -16.54623036 0.7417660099
299 -16.70648714 0.7388386794
300 -16.86800777 0.7358802287
301 -17.03095498 0.7328877749
302 -17.1954908 0.729858432
303 -17.36177744 0.7267892968
304 -17.52997831 0.7236774335
305 -17.7002588 0.7205198603
306 -17.87278723 0.7173135354
307 -18.04773565 0.714055344
308 -18.22528066 0.7107420848
309 -18.40560429 0.7073704571
310 -18.58889482 0.7039370481
311 -18.77534759 0.7004383195
312 -18.9651659 0.6968705951
313 -19.1585619 0.6932300476
314 -19.35575742 0.6895126858
315 -19.55698494 0.6857143419
316 -19.76248853 0.6818306583
317 -19.97252481 0.6778570757
318 -20.18736393 0.6737888204
319 -20.40729062 0.6696208928
320 -20.6326052 0.6653480559
321 -20.86362464 0.6609648255
322 -21.10068365 0.6564654609
323 -21.3441357 0.651843958
324 -21.59435408 0.6470940434
325 -21.85173292 0.6422091723
326 -22.11668815 0.637182529
327 -22.38965839 0.6320070314
328 -22.67110568 0.6266753412
329 -22.96151613 0.6211798791
330 -23.26140036 0.6155128482
331 -23.57129361 0.6096662648
332 -23.89175562 0.6036320003
333 -24.22337012 0.5974018335
334 -24.56674374 0.5909675169
335 -24.92250451 0.5843208571
336 -25.29129955 0.5774538128
337 -25.67379206 0.5703586095
338 -26.07065742 0.563027875
339 -26.48257823 0.5554547947
340 -26.91023827 0.5476332883
341 -27.35431527 0.5395582067
342 -27.81547234 0.5312255484
343 -28.29434813 0.5226326934
344 -28.79154556 0.513778649
345 -29.30761941 0.5046643041
346 -29.84306263 0.495292682
347 -30.39829186 0.4856691847
348 -30.97363219 0.4758018164
349 -31.5693019 0.4657013738
350 -32.18539731 0.4553815901
351 -32.82187872 0.4448592187
352 -33.47855787 0.4341540441
353 -34.1550877 0.4232888082
354 -34.85095514 0.412289045
355 -35.56547762 0.4011828189
356 -36.29780375 0.3900003682
357 -37.04691866 0.3787736605
358 -37.81165407 0.3675358736
359 -38.59070316 0.3563208185
360 -39.38263969 0.3451623292
361 -40.18594094 0.3340936426
362 -40.99901361 0.3231467973
363 -41.82022152 0.3123520745
364 -42.64791428 0.3017375068
365 -43.4804555 0.2913284697
366 -44.31624968 0.2811473715
367 -45.1537667 0.2712134454
368 -45.99156316 0.2615426457
369 -46.82830004 0.2521476423
370 -47.6627563 0.2430379029
371 -48.49383828 0.2342198507
372 -49.32058499 0.2256970826
373 -50.14216956 0.2174706317
374 -50.95789714 0.2095392593
375 -51.76719961 0.2018997622
376 -52.56962772 0.1945472842
377 -53.364841 0.1874756201
378 -54.15259589 0.1806775065
379 -54.93273262 0.174144892
380 -55.70516109 0.167869183
381 -56.46984619 0.1618414646
382 -57.22679289 0.1560526922
383 -57.9760313 0.1504938571
384 -58.71760208 0.1451561236
385 -59.45154239 0.1400309407
386 -60.17787267 0.135110128
387 -60.89658457 0.130385939
388 -61.60763014 0.1258511017
389 -62.3109127 0.1214988393
390 -63.00627952 0.1173228732
391 -63.69351652 0.1133174092
392 -64.37234525 0.10947711
393 -65.04242213 0.1057970569
394 -65.70334008 0.1022727017
395 -66.3546325 0.09889981273
396 -66.9957794 0.09567441745
397 -67.62621557 0.09259274375
398 -68.24534039 0.08965116294
399 -68.85252901 0.08684613633
400 -69.44714442 0.0841741674
401 -70.02855004 0.08163176077
402 -70.59612226 0.07921538922
403 -71.14926262 0.07692146899
404 -71.68740922 0.07474634352
405 -72.21004691 0.07268627522
406 -72.7167162 0.07073744461
407 -73.20702045 0.06889595579
408 -73.68063147 0.06715784725
409 -74.13729337 0.0655191067
410 -74.57682461 0.06397568883
411 -74.99911861 0.06252353494
412 -75.40414272 0.06115859316
413 -75.79193606 0.05987683879
414 -76.16260607 0.05867429373
415 -76.51632434 0.05754704458
416 -76.85332157 0.05649125903
417 -77.17388219 0.05550320024
418 -77.47833852 0.05457923909
419 -77.76706486 0.0537158643
420 -78.0404715 0.05290969038
421 -78.29899893 0.05215746359
422 -78.54311215 0.05145606606
423 -78.77329535 0.0508025182
424 -78.99004685 0.05019397957
425 -79.19387455 0.04962774851
426 -79.38529166 0.04910126062
427 -79.56481292 0.04861208627
428 -79.73295121 0.04815792744
429 -79.89021464 0.04773661383
430 -80.03710396 0.04734609858
431 -80.17411036 0.04698445361
432 -80.3017137 0.04664986471
433 -80.42038094 0.04634062653
434 -80.530565 0.04605513738
435 -80.63270379 0.04579189416
436 -80.72721953 0.04554948721
437 -80.81451826 0.04532659534
438 -80.8949896 0.04512198091
439 -80.96900656 0.04493448509
440 -81.0369256 0.04476302328
441 -81.09908673 0.04460658069
442 -81.15581379 0.04446420815
443 -81.20741474 0.04433501806
444 -81.25418202 0.04421818059
445 -81.29639306 0.04411292003
446 -81.33431069 0.04401851136
447 -81.36818368 0.04393427702
448 -81.39824731 0.04385958382
449 -81.42472383 0.04379384007
450 -81.4478231 0.04373649291
451 -81.46774312 0.04368702569
452 -81.48467056 0.04364495565
453 -81.49878132 0.04360983165
454 -81.5102411 0.04358123207
455 -81.51920585 0.04355876289
456 -81.52582236 0.04354205581
457 -81.53022868 0.04353076656
458 -81.53255464 0.04352457332
459 -81.5329223 0.04352317516
460 -81.53144636 0.04352629074
461 -81.52823459 0.04353365692
462 -81.52338826 0.04354502762
463 -81.51700245 0.04356017262
464 -81.50916648 0.04357887657
465 -81.49996422 0.04360093795
466 -81.4894744 0.04362616821
467 -81.47777093 0.04365439086
468 -81.46492321 0.04368544071
469 -81.45099637 0.04371916311
470 -81.43605155 0.04375541326
471 -77.8580276 0.05209431393
472 -73.184225 0.06665960936
473 -66.69143436 0.09223039293
474 -42.99717682 0.2215570957
475 39.78151225 0.998501332
476 38.72351458 0.9999447114
477 37.14550602 0.9999270719
478 34.5452023 0.9998835247
479 31.05699396 0.9997800718
480 27.06778463 0.9995437801
481 22.95982109 0.9990361237
482 18.98567153 0.9980295946
483 15.27746315 0.996206508
484 11.89404609 0.9932009359
485 8.856417136 0.9886902109
486 6.165266619 0.9825081205
487 3.807973264 0.9747217097
488 1.761903537 0.965624697
489 -0.002592606235 0.9556526641
490 -1.518834537 0.9452704836
491 -2.820661254 0.9348836717
492 -3.940066705 0.9247951942
493 -4.905808961 0.915201079
494 -5.742850577 0.906207556
495 -6.472361413 0.8978549123
496 -7.112032997 0.8901396772
497 -7.676524907 0.8830319733
498 -8.17793489 0.8764877703
499 -8.62623672 0.8704569359
500 -9.029662529 0.8648882123
501 -9.395024429 0.8597320984
502 -9.727979154 0.8549423755
503 -10.03324304 0.8504767906
504 -10.31476542 0.8462972349
505 -10.57586816 0.8423696369
506 -10.81935778 0.8386637042
507 -11.04761587 0.8351525965
508 -11.26267199 0.8318125771
509 -11.46626294 0.8286226722
510 -11.65988086 0.8255643495
511 -11.84481264 0.8226212257
512 -12.02217228 0.8197788029
513 -12.19292759 0.8170242347
514 -12.35792232 0.8143461197
515 -12.51789462 0.8117343198
516 -12.67349237 0.8091798023
517 -12.82528622 0.8066745008
518 -12.97378041 0.8042111941
519 -13.11942206 0.801783401
520 -13.26260897 0.7993852875
521 -13.40369632 0.7970115869
522 -13.54300239 0.794657529
523 -13.68081345 0.792318778
524 -13.81738799 0.7899913792
525 -13.95296036 0.7876717107
526 -14.08774396 0.7853564418
527 -14.22193396 0.7830424962
528 -14.35570971 0.7807270187
529 -14.48923684 0.7784073468
530 -14.62266912 0.7760809848
531 -14.75615006 0.7737455803
532 -14.88981436 0.771398904
533 -15.0237892 0.7690388311
534 -15.15819538 0.7666633244
535 -15.29314835 0.764270419
536 -15.42875912 0.7618582089
537 -15.5651351 0.7594248336
538 -15.7023809 0.7569684672
539 -15.84059899 0.7544873065
540 -15.97989039 0.7519795619
541 -16.12035525 0.749443447
542 -16.26209344 0.7468771697
543 -16.40520508 0.7442789237
544 -16.54979107 0.7416468801
545 -16.69595357 0.7389791789
546 -16.84379654 0.7362739214
547 -16.99342615 0.7335291622
548 -17.1449513 0.7307429012
549 -17.29848408 0.7279130762
550 -17.45414024 0.7250375546
551 -17.61203971 0.7221141259
552 -17.77230703 0.7191404931
553 -17.93507191 0.7161142651
554 -18.10046974 0.7130329476
555 -18.26864212 0.7098939351
556 -18.4397374 0.7066945015
557 -18.61391133 0.7034317914
558 -18.79132759 0.7001028103
559 -18.97215851 0.6967044156
560 -19.15658567 0.6932333061
561 -19.34480064 0.6896860121
562 -19.53700569 0.6860588853
563 -19.73341459 0.6823480885
564 -19.93425337 0.6785495847
565 -20.1397612 0.6746591272
566 -20.35019119 0.6706722492
567 -20.56581138 0.6665842541
568 -20.78690556 0.6623902061
569 -21.01377427 0.6580849218
570 -21.24673575 0.6536629627
571 -21.48612687 0.6491186299
572 -21.73230408 0.6444459594
573 -21.98564434 0.6396387215
574 -22.24654596 0.6346904219
575 -22.51542941 0.6295943075
576 -22.792738 0.6243433768
577 -23.07893842 0.6189303953
578 -23.37452112 0.6133479184
579 -23.68000039 0.6075883221
580 -23.99591423 0.6016438426
581 -24.32282378 0.595506627
582 -24.66131233 0.5891687965
583 -25.01198381 0.582622523
584 -25.37546068 0.575860121
585 -25.75238098 0.5688741576
586 -26.14339471 0.5616575791
587 -26.54915914 0.5542038576
588 -26.97033312 0.5465071574
589 -27.40757029 0.5385625197
590 -27.86151105 0.5303660669
591 -28.33277326 0.5219152216
592 -28.82194177 0.5132089389
593 -29.3295566 0.5042479458
594 -29.85610022 0.4950349808
595 -30.40198372 0.4855750268
596 -30.96753258 0.4758755249
597 -31.55297196 0.4659465599
598 -32.15841241 0.4558010034
599 -32.7838362 0.4454546035
600 -33.42908511 0.4349260071
601 -34.09385026 0.4242367054
602 -34.77766461 0.4134108946
603 -35.47989888 0.402475246
604 -36.19976128 0.3914585874
605 -36.93630157 0.3803915001
606 -37.68841957 0.3693058412
607 -38.45487821 0.3582342096
608 -39.23432072 0.347209373
609 -40.02529159 0.3362636805
610 -40.82626048 0.3254284857
611 -41.63564824 0.3147336036
612 -42.45185405 0.3042068243
613 -43.27328249 0.2938735006
614 -44.09836968 0.2837562247
615 -44.92560738 0.2738745993
616 -45.75356446 0.264245108
617 -46.58090495 0.2548810786
618 -47.40640237 0.2457927336
619 -48.22895019 0.236987316
620 -49.04756833 0.2284692767
621 -49.86140594 0.2202405093
622 -50.66974068 0.2123006181
623 -51.47197493 0.2046472053
624 -52.26762927 0.1972761661
625 -53.05633374 0.1901819816
626 -53.83781725 0.1833580007
627 -54.61189557 0.1767967058
628 -55.37845826 0.1704899571
629 -56.13745495 0.1644292137
630 -56.88888108 0.1586057291
631 -57.63276368 0.1530107201
632 -58.36914717 0.1476355113
633 -59.09807959 0.1424716533
634 -59.81959944 0.1375110175
635 -60.53372346 0.1327458675
636 -61.24043546 0.1281689101
637 -61.93967653 0.1237733248
638 -62.63133691 0.1195527769
639 -63.31524957 0.115501413
640 -63.99118595 0.1116138424
641 -64.65885367 0.1078851061
642 -65.31789667 0.1043106363
643 -65.96789745 0.1008862071
644 -66.60838162 0.09760788154
645 -67.23882446 0.09447195459
646 -67.85865932 0.09147489691
647 -68.46728756 0.08861330024
648 -69.06408967 0.08588382687
649 -69.64843717 0.0832831649
650 -70.21970481 0.08080799039
651 -70.77728278 0.0784549372
652 -71.3205883 0.07622057506
653 -71.84907654 0.07410139558
654 -72.3622502 0.0720938059
655 -72.85966783 0.07019412927
656 -73.34095056 0.06839861151
657 -73.8057871 0.06670343237
658 -74.25393723 0.06510472067
659 -74.68523348 0.06359857193
660 -75.09958146 0.06218106766
661 -75.49695865 0.06084829523
662 -75.87741206 0.05959636755
663 -76.24105483 0.05842144188
664 -76.58806198 0.05731973734
665 -76.91866552 0.0562875507
666 -77.2331491 0.05532127019
667 -77.53184239 0.05441738731
668 -77.81511528 0.05357250656
669 -78.08337216 0.05278335308
670 -78.33704621 0.05204677842
671 -78.57659402 0.05135976453
672 -78.80249041 0.05071942609
673 -79.01522356 0.05012301143
674 -79.21529066 0.04956790221
675 -79.40319375 0.049051612
676 -79.57943618 0.04857178402
677 -79.74451926 0.04812618806
678 -79.89893954 0.04771271688
679 -80.04318626 0.04732938212
680 -80.17773929 0.0469743099
681 -80.30306739 0.04664573614
682 -80.41962675 0.04634200177
683 -80.52785984 0.04606154781
684 -80.62819451 0.0458029105
685 -80.72104335 0.0455647164
686 -80.8068032 0.04534567763
687 -80.88585489 0.04514458715
688 -80.95856312 0.04496031424
689 -81.02527649 0.04479180009
690 -81.08632758 0.04463805358
691 -81.14203325 0.04449814722
692 -81.19269487 0.0443712133
693 -81.23859876 0.04425644019
694 -81.28001657 0.04415306885
695 -81.31720576 0.04406038952
696 -81.35041009 0.04397773861
697 -81.37986016 0.04390449572
698 -81.40577389 0.04384008085
699 -81.4283571 0.04378395182
700 -81.44780404 0.04373560179
701 -81.46429792 0.04369455692
702 -81.47801143 0.04366037426
703 -81.48910728 0.04363263967
704 -81.49773868 0.04361096598
705 -81.50404989 0.04359499112
