0 -80.98396152 0.0448962341
1 -81.0486168 0.04473314916
2 -81.10788196 0.0445840964
3 -81.16204903 0.04444822175
4 -81.21139628 0.04432472453
5 -81.25618852 0.04421285428
6 -81.2966775 0.0441119077
7 -81.33310229 0.04402122577
8 -81.36568968 0.04394019105
9 -81.39465463 0.04386822508
10 -81.42020073 0.04380478593
11 -81.44252062 0.04374936598
12 -81.46179649 0.04370148973
13 -81.4782005 0.0436607118
14 -81.49189524 0.04362661504
15 -81.50303416 0.04359880881
16 -81.51176195 0.04357692733
17 -81.51821451 0.04356062916
18 -81.52251514 0.04354960411
19 -81.52473686 0.0435436482
20 -81.52456042 0.04354334917
21 -81.51819763 0.04355625923
22 -81.47075902 0.04365243482
23 -81.06826577 0.04446984372
24 -77.49932533 0.05230746508
25 -46.35289335 0.1833120941
26 35.68593638 0.9953899756
27 38.55626119 0.999941318
28 37.38291989 0.9999298275
29 35.11332706 0.99989461
30 31.99508162 0.9998140105
31 28.3470334 0.9996373005
32 24.48807992 0.9992663958
33 20.65037744 0.9985318714
34 16.97700361 0.9971768371
35 13.5498252 0.9948686794
36 10.41356532 0.9912570465
37 7.589210457 0.986073632
38 5.080253611 0.979233117
39 2.876248471 0.970878989
40 0.956226065 0.961347451
41 -0.7074762102 0.9510739168
42 -2.145488577 0.9404929227
43 -3.388414977 0.9299693294
44 -4.464851203 0.9197700483
45 -5.400342475 0.9100660276
46 -6.217034578 0.9009495003
47 -6.933755106 0.8924551627
48 -7.566317964 0.8845792607
49 -8.127914857 0.877294454
50 -8.629515187 0.8705604067
51 -9.080234955 0.864330864
52 -9.487658822 0.8585581301
53 -9.858112343 0.8531957432
54 -10.19688769 0.8481999572
55 -10.5084287 0.8435304589
56 -10.79648153 0.8391506157
57 -11.06421713 0.8350274454
58 -11.31433059 0.8311314299
59 -11.54912192 0.8274362519
60 -11.77056183 0.8239185005
61 -11.98034548 0.8205573738
62 -12.17993655 0.8173343932
63 -12.37060348 0.8142331392
64 -12.55344947 0.8112390108
65 -12.72943726 0.8083390089
66 -12.89940994 0.8055215446
67 -13.06410814 0.802776269
68 -13.22418469 0.8000939235
69 -13.38021679 0.7974662082
70 -13.53271643 0.7948856664
71 -13.68213917 0.7923455833
72 -13.82889169 0.789839897
73 -13.97333818 0.7873631208
74 -14.11580585 0.7849102743
75 -14.25658972 0.7824768237
76 -14.39595668 0.780058628
77 -14.53414907 0.7776518929
78 -14.67138776 0.7752531291
79 -14.80787486 0.7728591156
80 -14.94379604 0.7704668676
81 -15.07932268 0.7680736074
82 -15.21461359 0.7656767386
83 -15.3498167 0.7632738233
84 -15.48507047 0.7608625613
85 -15.62050512 0.7584407717
86 -15.75624382 0.7560063763
87 -15.89240367 0.7535573841
88 -16.02909664 0.7510918778
89 -16.16643037 0.7486080013
90 -16.30450895 0.7461039481
91 -16.44343359 0.7435779507
92 -16.58330327 0.7410282706
93 -16.72421531 0.7384531896
94 -16.86626594 0.7358510008
95 -17.00955078 0.7332200006
96 -17.15416535 0.7305584812
97 -17.3002055 0.727864723
98 -17.44776789 0.7251369879
99 -17.59695039 0.7223735121
100 -17.74785251 0.7195724999
101 -17.90057579 0.7167321166
102 -18.0552242 0.7138504827
103 -18.21190459 0.7109256673
104 -18.37072703 0.7079556816
105 -18.53180526 0.7049384729
106 -18.69525705 0.7018719181
107 -18.8612047 0.6987538174
108 -19.02977539 0.6955818876
109 -19.20110166 0.6923537562
110 -19.37532185 0.6890669543
111 -19.5525806 0.68571891
112 -19.73302927 0.6823069422
113 -19.91682651 0.6788282535
114 -20.10413874 0.6752799235
115 -20.2951407 0.6716589023
116 -20.49001599 0.6679620038
117 -20.68895767 0.6641858991
118 -20.89216884 0.6603271106
119 -21.09986324 0.6563820056
120 -21.31226588 0.6523467913
121 -21.52961366 0.6482175094
122 -21.752156 0.6439900326
123 -21.98015552 0.6396600609
124 -22.2138886 0.6352231201
125 -22.45364604 0.630674561
126 -22.69973362 0.6260095614
127 -22.95247264 0.6212231295
128 -23.21220042 0.6163101105
129 -23.47927068 0.611265196
130 -23.75405386 0.6060829378
131 -24.03693727 0.6007577658
132 -24.32832513 0.5952840105
133 -24.62863835 0.5896559326
134 -24.93831412 0.583867758
135 -25.25780524 0.5779137214
136 -25.58757899 0.5717881175
137 -25.92811578 0.5654853622
138 -26.27990721 0.5590000631
139 -26.64345373 0.5523271012
140 -27.01926161 0.545461724
141 -27.40783941 0.5383996495
142 -27.80969364 0.5311371825
143 -28.22532379 0.5236713413
144 -28.65521653 0.5159999945
145 -29.09983914 0.5081220065
146 -29.55963219 0.5000373882
147 -30.0350015 0.4917474512
148 -30.52630942 0.4832549602
149 -31.03386565 0.4745642788
150 -31.55791762 0.4656815038
151 -32.09864088 0.4566145801
152 -32.65612949 0.4473733909
153 -33.23038704 0.4379698142
154 -33.82131834 0.4284177413
155 -34.42872247 0.4187330485
156 -35.05228728 0.4089335194
157 -35.691586 0.3990387135
158 -36.34607605 0.3890697812
159 -37.01510043 0.3790492259
160 -37.69789184 0.3690006191
161 -38.39357962 0.3589482747
162 -39.10119937 0.3489168932
163 -39.81970508 0.338931187
164 -40.54798355 0.3290155008
165 -41.28487043 0.3191934398
166 -42.02916761 0.3094875201
167 -42.77966124 0.2999188531
168 -43.53513976 0.2905068737
169 -44.29441146 0.2812691212
170 -45.05632088 0.2722210758
171 -45.81976372 0.2633760548
172 -46.58369981 0.2547451657
173 -47.3471638 0.2463373143
174 -48.10927358 0.2381592609
175 -48.86923614 0.2302157197
176 -49.62635113 0.2225094918
177 -50.38001192 0.2150416253
178 -51.12970468 0.2078115941
179 -51.87500524 0.2008174881
180 -52.61557438 0.1940562088
181 -53.35115141 0.1875236639
182 -54.0815465 0.1812149572
183 -54.80663184 0.175124569
184 -55.52633192 0.1692465262
185 -56.24061314 0.163574557
186 -56.94947281 0.1581022321
187 -57.65292796 0.1528230889
188 -58.35100393 0.1477307398
189 -59.04372312 0.1428189638
190 -59.731094 0.1380817812
191 -60.41310069 0.1335135117
192 -61.0896933 0.1291088171
193 -61.76077928 0.1248627281
194 -62.4262161 0.1207706558
195 -63.08580535 0.1168283905
196 -63.73928861 0.1130320868
197 -64.38634523 0.1093782384
198 -65.02659204 0.1058636429
199 -65.65958524 0.1024853595
200 -66.28482423 0.09924066087
201 -66.90175743 0.09612698295
202 -67.50978994 0.09314187264
203 -68.10829262 0.09028293766
204 -68.69661239 0.08754779937
205 -69.27408348 0.08493405068
206 -69.84003899 0.0824392201
207 -70.39382263 0.08006074311
208 -70.93480006 0.07779594118
209 -71.4623696 0.07564200849
210 -71.97597194 0.07359600627
211 -72.47509867 0.07165486385
212 -72.95929936 0.06981538587
213 -73.42818719 0.06807426443
214 -73.88144296 0.06642809529
215 -74.31881765 0.06487339682
216 -74.74013343 0.06340663086
217 -75.14528336 0.06202422437
218 -75.53422985 0.06072259114
219 -75.90700204 0.05949815285
220 -76.26369239 0.05834735884
221 -76.60445241 0.0572667044
222 -76.92948799 0.056252747
223 -77.23905432 0.0553021206
224 -77.53345052 0.05441154779
225 -77.81301428 0.05357784981
226 -78.07811649 0.05279795456
227 -78.32915593 0.05206890274
228 -78.56655431 0.05138785223
229 -78.79075139 0.05075208082
230 -79.00220058 0.05015898769
231 -79.20136475 0.04960609355
232 -79.38871247 0.04909103977
233 -79.56471463 0.0486115867
234 -79.72984133 0.04816561115
235 -79.88455926 0.04775110343
236 -80.02932935 0.04736616381
237 -80.16460474 0.04700899871
238 -80.29082909 0.04667791661
239 -80.40843519 0.04637132381
240 -80.51784379 0.04608772005
241 -80.61946267 0.04582569416
242 -80.71368597 0.04558391969
243 -80.80089369 0.04536115055
244 -80.88145129 0.04515621683
245 -80.95570958 0.04496802063
246 -81.02400459 0.04479553211
247 -81.08665766 0.04463778559
248 -81.14397553 0.04449387589
249 -81.19625061 0.04436295481
250 -81.24376121 0.04424422771
251 -81.28677187 0.04413695045
252 -81.32553326 0.04404042716
253 -81.36027882 0.04395401517
254 -81.39119081 0.04387719147
255 -81.4180953 0.04381016633
256 -81.43774632 0.04375935376
257 -81.41968411 0.04378603189
258 -81.09172823 0.04444352876
259 -78.03920724 0.05107024757
260 -51.37992881 0.1532553586
261 34.32893127 0.991306455
262 38.53163875 0.9999402352
263 37.42643863 0.9999303522
264 35.16403967 0.9998956239
265 32.01453172 0.9998148608
266 28.30230468 0.9996348849
267 24.35980758 0.9992505761
268 20.4327933 0.998476922
269 16.67405248 0.9970295468
270 13.17130787 0.994537877
271 9.972249636 0.9906132022
272 7.098660601 0.9849653355
273 4.553146733 0.9775171548
274 2.323205724 0.9684499528
275 0.3852488977 0.958152623
276 -1.291004078 0.9471098163
277 -2.738417198 0.9357903667
278 -3.989284831 0.9245764277
279 -5.073358288 0.9137390367
280 -6.016897548 0.903445465
281 -6.842438805 0.893780851
282 -7.568980418 0.8847721276
283 -8.212368597 0.8764084926
284 -8.785746483 0.8686567846
285 -9.299992455 0.8614721185
286 -9.764113404 0.8548048039
287 -10.18558153 0.8486046036
288 -10.57061502 0.8428231962
289 -10.92440813 0.8374154759
290 -11.25131822 0.8323401281
291 -11.55501687 0.8275597686
292 -11.83861196 0.8230408332
293 -12.10474627 0.8187533349
294 -12.35567728 0.8146705593
295 -12.59334188 0.8107687418
296 -12.8194091 0.8070267504
297 -13.03532328 0.8034257872
298 -13.24233943 0.7999491148
299 -13.44155242 0.7965818103
300 -13.63392118 0.793310545
301 -13.82028882 0.790123391
302 -14.0013994 0.7870096492
303 -14.17791208 0.7839596998
304 -14.35041298 0.7809648702
305 -14.51942525 0.7780173195
306 -14.68541759 0.7751099377
307 -14.84881158 0.7722362567
308 -15.00998788 0.7693903728
309 -15.16929164 0.7665668779
310 -15.32703706 0.7637607992
311 -15.48351147 0.7609675463
312 -15.63897879 0.7581828641
313 -15.79368257 0.7554027905
314 -15.94784864 0.7526236202
315 -16.10168747 0.7498418708
316 -16.25539628 0.7470542534
317 -16.4091608 0.7442576463
318 -16.56315697 0.7414490705
319 -16.71755239 0.7386256685
320 -16.87250762 0.7357846842
321 -17.02817743 0.7329234448
322 -17.18471182 0.7300393448
323 -17.34225707 0.7271298299
324 -17.50095663 0.7241923837
325 -17.66095201 0.7212245139
326 -17.82238355 0.71822374
327 -17.98539117 0.7151875815
328 -18.1501151 0.7121135471
329 -18.31669657 0.7089991237
330 -18.48527847 0.7058417662
331 -18.65600598 0.7026388878
332 -18.82902721 0.6993878499
333 -19.00449382 0.6960859536
334 -19.18256162 0.6927304294
335 -19.36339122 0.6893184293
336 -19.54714863 0.6858470168
337 -19.73400585 0.6823131593
338 -19.92414157 0.6787137184
339 -20.11774174 0.6750454426
340 -20.31500026 0.6713049579
341 -20.51611962 0.6674887608
342 -20.7213116 0.6635932098
343 -20.93079791 0.6596145185
344 -21.14481091 0.6555487488
345 -21.36359431 0.6513918043
346 -21.58740385 0.6471394253
347 -21.81650802 0.6427871841
348 -22.05118875 0.6383304818
349 -22.29174206 0.6337645468
350 -22.53847871 0.6290844349
351 -22.79172485 0.6242850316
352 -23.05182248 0.6193610572
353 -23.31913001 0.6143070752
354 -23.59402253 0.6091175043
355 -23.87689216 0.603786635
356 -24.16814802 0.598308651
357 -24.4682162 0.5926776568
358 -24.77753936 0.5868877122
359 -25.09657611 0.5809328739
360 -25.4258 0.5748072462
361 -25.76569823 0.568505041
362 -26.11676974 0.5620206477
363 -26.47952294 0.5553487147
364 -26.85447273 0.5484842423
365 -27.242137 0.5414226874
366 -27.64303232 0.5341600809
367 -28.05766891 0.5266931558
368 -28.4865449 0.519019487
369 -28.93013962 0.5111376392
370 -29.38890628 0.5030473222
371 -29.86326374 0.4947495493
372 -30.3535877 0.4862467952
373 -30.86020131 0.4775431481
374 -31.38336536 0.46864445
375 -31.92326843 0.4595584188
376 -32.48001708 0.4502947446
377 -33.05362649 0.440865153
378 -33.64401205 0.4312834292
379 -34.25098202 0.4215653942
380 -34.87423193 0.4117288307
381 -35.51334093 0.4017933534
382 -36.16777045 0.3917802242
383 -36.83686555 0.3817121122
384 -37.51985901 0.3716128058
385 -38.21587826 0.3615068811
386 -38.92395512 0.3514193398
387 -39.64303812 0.3413752264
388 -40.37200698 0.3313992401
389 -41.10968903 0.3215153543
390 -41.85487674 0.311746458
391 -42.60634604 0.3021140318
392 -43.36287458 0.2926378692
393 -44.12325958 0.28333585
394 -44.8863344 0.2742237726
395 -45.65098369 0.2653152451
396 -46.41615653 0.2566216366
397 -47.18087725 0.2481520825
398 -47.94425398 0.239913541
399 -48.70548463 0.2319108922
400 -49.46386045 0.2241470725
401 -50.21876723 0.2166232358
402 -50.96968429 0.209338935
403 -51.7161815 0.202292314
404 -52.45791446 0.195480306
405 -53.19461812 0.1888988308
406 -53.92609908 0.1825429868
407 -54.65222678 0.1764072349
408 -55.3729237 0.1704855695
409 -56.08815495 0.1647716769
410 -56.79791733 0.1592590777
411 -57.50222801 0.1539412531
412 -58.20111317 0.1488117547
413 -58.89459673 0.1438642975
414 -59.58268932 0.1390928361
415 -60.26537793 0.1344916237
416 -60.94261618 0.1300552555
417 -61.61431575 0.1257786957
418 -62.28033899 0.1216572908
419 -62.94049315 0.1176867672
420 -63.59452617 0.1138632178
421 -64.24212448 0.1101830763
422 -64.88291275 0.1066430823
423 -65.51645568 0.1032402392
424 -66.14226182 0.09997176639
425 -66.75978929 0.09683504882
426 -67.36845333 0.09382758519
427 -67.96763518 0.09094693788
428 -68.55669233 0.08819068603
429 -69.13496944 0.08555638359
430 -69.70180976 0.08304152362
431 -70.25656662 0.08064350977
432 -70.79861456 0.07835963534
433 -71.32735983 0.07618707006
434 -71.84224995 0.07412285436
435 -72.342782 0.07216390024
436 -72.82850965 0.07030699833
437 -73.29904865 0.06854882974
438 -73.75408086 0.06688598193
439 -74.19335676 0.06531496734
440 -74.6166965 0.06383224388
441 -75.02398969 0.06243423618
442 -75.41519395 0.06111735698
443 -75.79033245 0.0598780278
444 -76.14949058 0.05871269849
445 -76.49281192 0.05761786509
446 -76.82049367 0.05659008599
447 -77.13278177 0.05562599592
448 -77.42996569 0.05472231793
449 -77.71237324 0.05387587335
450 -77.98036531 0.05308358965
451 -78.23433076 0.05234250652
452 -78.47468151 0.05164978021
453 -78.70184782 0.05100268625
454 -78.91627392 0.05039862093
455 -79.11841396 0.04983510142
456 -79.30872829 0.049309765
457 -79.48768007 0.04882036731
458 -79.65573227 0.04836478001
459 -79.81334505 0.0479409877
460 -79.96097335 0.04754708458
461 -80.09906496 0.04718127058
462 -80.22805878 0.0468418474
463 -80.34838339 0.04652721424
464 -80.46045588 0.04623586353
465 -80.56468093 0.04596637661
466 -80.66145008 0.04571741934
467 -80.75114118 0.04548773788
468 -80.83411802 0.04527615444
469 -80.91073016 0.04508156318
470 -80.98131277 0.04490292627
471 -81.0461867 0.04473926999
472 -81.10565855 0.04458968111
473 -81.16002092 0.04445330333
474 -81.20955262 0.04432933387
475 -81.25451902 0.04421702031
476 -81.29517237 0.04411565753
477 -81.33175226 0.04402458479
478 -81.36448596 0.04394318302
479 -81.39358889 0.04387087224
480 -81.41926509 0.04380710912
481 -81.44170765 0.04375138471
482 -81.46109916 0.04370322225
483 -81.47761216 0.04366217521
484 -81.49140963 0.04362782535
485 -81.50264537 0.043599781
486 -81.5114644 0.04357767545
487 -81.51800296 0.04356116634
488 -81.52238463 0.04354994264
489 -81.52468276 0.04354379956
490 -81.52457856 0.04354332374
491 -81.51828597 0.04355606289
492 -81.4709339 0.04365203595
493 -81.06871702 0.04446884856
494 -77.50188344 0.05230135632
495 -46.37402352 0.1831777303
496 35.68141445 0.9953787871
497 38.55622932 0.9999413153
498 37.38314642 0.9999298303
499 35.11360715 0.9998946155
500 31.99527339 0.9998140177
501 28.34701096 0.999637301
502 24.48776676 0.9992663591
503 20.64974746 0.9985317172
504 16.97606682 0.9971763955
505 13.5486134 0.9948676553
506 10.41212161 0.9912550144
507 7.587581531 0.9860700854
508 5.078483945 0.9792275648
509 2.874376144 0.9708710554
510 0.9542805877 0.9613369316
511 -0.7094741593 0.9510607748
512 -2.14752607 0.9404772441
513 -3.390485119 0.9299512674
514 -4.466951355 0.9197497781
515 -5.402472737 0.9100437171
516 -6.219196645 0.900925297
517 -6.935951467 0.8924291895
518 -7.568551382 0.8845516169
519 -8.130188052 0.8772652193
520 -8.631830659 0.8705296449
521 -9.082594899 0.8642986266
522 -9.490065093 0.8585244595
523 -9.860566467 0.853160675
524 -10.19939089 0.8481635218
525 -10.51098189 0.843492683
526 -10.79908542 0.8391115231
527 -11.06687221 0.8349870576
528 -11.31703718 0.8310897665
529 -11.55188019 0.827393331
530 -11.77337185 0.823874339
531 -11.98320723 0.820511987
532 -12.18284994 0.8172877955
533 -12.37356839 0.8141853437
534 -12.55646572 0.8111900295
535 -12.7325047 0.8082888526
536 -12.90252838 0.8054702229
537 -13.06727743 0.8027237903
538 -13.22740468 0.8000402951
539 -13.38348736 0.797411436
540 -13.5360375 0.7948297551
541 -13.6855107 0.7922885362
542 -13.83231369 0.7897817163
543 -13.97681069 0.7873038073
544 -14.11932899 0.7848498276
545 -14.26016366 0.7824152417
546 -14.39958165 0.7799959074
547 -14.53782536 0.7775880291
548 -14.67511573 0.7751881159
549 -14.81165493 0.7727929455
550 -14.94762872 0.7703995316
551 -15.08320853 0.7680050949
552 -15.21855327 0.7656070377
553 -15.35381095 0.7632029204
554 -15.48912008 0.7607904412
555 -15.624611 0.7583674178
556 -15.76040694 0.7559317701
557 -15.89662511 0.7534815054
558 -16.03337756 0.7510147049
559 -16.17077202 0.7485295105
560 -16.30891269 0.7460241139
561 -16.44790088 0.7434967457
562 -16.58783568 0.7409456656
563 -16.72881452 0.738369153
564 -16.87093374 0.7357654991
565 -17.01428908 0.7331329981
566 -17.15897619 0.7304699399
567 -17.30509106 0.7277746025
568 -17.45273048 0.7250452452
569 -17.60199247 0.7222801017
570 -17.75297668 0.7194773736
571 -17.90578482 0.7166352233
572 -18.06052104 0.7137517685
573 -18.21729235 0.7108250749
574 -18.37620902 0.7078531506
575 -18.53738497 0.7048339395
576 -18.7009382 0.7017653149
577 -18.86699122 0.6986450732
578 -19.03567144 0.6954709275
579 -19.20711165 0.6922405008
580 -19.38145046 0.6889513201
581 -19.55883276 0.685600809
582 -19.73941022 0.6821862816
583 -19.92334179 0.6787049357
584 -20.11079422 0.6751538455
585 -20.30194259 0.671529956
586 -20.49697086 0.6678300753
587 -20.69607248 0.6640508689
588 -20.89945095 0.6601888529
589 -21.10732043 0.6562403886
590 -21.31990639 0.6522016768
591 -21.53744618 0.6480687526
592 -21.76018974 0.6438374821
593 -21.98840018 0.6395035586
594 -22.22235444 0.6350625008
595 -22.46234386 0.6305096532
596 -22.7086748 0.6258401866
597 -22.96166919 0.6210491028
598 -23.22166493 0.6161312407
599 -23.48901639 0.6110812862
600 -23.76409464 0.605893786
601 -24.04728763 0.6005631654
602 -24.33900023 0.5950837514
603 -24.63965396 0.5894498024
604 -24.94968664 0.5836555435
605 -25.26955163 0.5776952101
606 -25.59971675 0.5715630999
607 -25.94066287 0.5652536341
608 -26.29288201 0.5587614285
609 -26.65687488 0.5520813756
610 -27.03314794 0.5452087377
611 -27.42220976 0.5381392522
612 -27.82456673 0.5308692474
613 -28.24071798 0.5233957703
614 -28.6711496 0.5157167234
615 -29.11632804 0.5078310102
616 -29.57669276 0.499738687
617 -30.05264812 0.4914411163
618 -30.54455472 0.482941119
619 -31.05272013 0.4742431209
620 -31.5773893 0.465353285
621 -32.11873492 0.4562796268
622 -32.67684787 0.4470321027
623 -33.25172821 0.4376226657
624 -33.84327694 0.4280652817
625 -34.45128908 0.4183758999
626 -35.07544827 0.4085723729
627 -35.71532344 0.3986743236
628 -36.37036768 0.3887029576
629 -37.03991977 0.3786808242
630 -37.72320844 0.368631529
631 -38.4193593 0.3585794077
632 -39.12740467 0.3485491685
633 -39.84629576 0.3385655179
634 -40.57491711 0.3286527802
635 -41.3121028 0.3188345268
636 -42.05665378 0.3091332277
637 -42.80735593 0.2995699368
638 -43.56299811 0.290164023
639 -44.32238964 0.2809329515
640 -45.08437671 0.2718921243
641 -45.84785716 0.263054777
642 -46.61179342 0.2544319351
643 -47.3752231 0.2460324233
644 -48.13726729 0.2378629241
645 -48.89713639 0.2299280779
646 -49.65413352 0.2222306175
647 -50.40765555 0.2147715293
648 -51.15719203 0.207550232
649 -51.90232206 0.200564768
650 -52.64270947 0.1938119981
651 -53.37809634 0.1872877966
652 -54.10829533 0.1809872408
653 -54.83318074 0.1749047913
654 -55.55267884 0.1690344609
655 -56.26675736 0.1633699693
656 -56.97541457 0.1579048838
657 -57.67866801 0.1526327427
658 -58.37654311 0.1475471629
659 -59.06906196 0.1426419311
660 -59.75623232 0.1379110774
661 -60.43803721 0.1333489337
662 -61.11442531 0.128950175
663 -61.78530237 0.1247098458
664 -62.45052386 0.1206233714
665 -63.10988923 0.1166865558
666 -63.7631378 0.1128955668
667 -64.40994659 0.1092469098
668 -65.04993016 0.1057373929
669 -65.68264254 0.1023640839
670 -66.30758114 0.09912426267
671 -66.92419266 0.09601536983
672 -67.53188079 0.09303495543
673 -68.13001532 0.09018062842
674 -68.71794256 0.08745000977
675 -69.2949965 0.0848406905
676 -69.86051047 0.08235019607
677 -70.41382882 0.07997595801
678 -70.95431828 0.07771529319
679 -71.4813786 0.07556539089
680 -71.99445224 0.07352330734
681 -72.49303286 0.07158596707
682 -72.97667233 0.06975017028
683 -73.44498627 0.06801260521
684 -73.89765807 0.06636986439
685 -74.33444136 0.06481846374
686 -74.75516095 0.06335486345
687 -75.15971249 0.06197548964
688 -75.54806093 0.06067675606
689 -75.92023782 0.05945508511
690 -76.27633785 0.05830692757
691 -76.61651464 0.05722878081
692 -76.94097598 0.05621720494
693 -77.24997875 0.05526883706
694 -77.54382357 0.05438040329
695 -77.82284943 0.05354872873
696 -78.08742832 0.05277074543
697 -78.33795994 0.0520434984
698 -78.57486671 0.05136414995
699 -78.79858896 0.05072998241
700 -79.00958047 0.05013839949
701 -79.20830439 0.04958692641
702 -79.39522938 0.04907320903
703 -79.57082634 0.04859501206
704 -79.73556526 0.04815021663
705 -79.88991264 0.04773681717
