0 -19.10675701 0.6941315991
1 -19.27932049 0.6908783429
2 -19.45486151 0.6875649099
3 -19.63352829 0.6841886675
4 -19.81547614 0.680746868
5 -20.00086801 0.6772366425
6 -20.18987499 0.6736549934
7 -20.3826769 0.6699987881
8 -20.57946285 0.6662647519
9 -20.7804318 0.6624494622
10 -20.98579322 0.6585493415
11 -21.19576766 0.6545606522
12 -21.41058742 0.6504794908
13 -21.63049717 0.6463017836
14 -21.8557546 0.6420232828
15 -22.08663108 0.6376395638
16 -22.32341226 0.6331460242
17 -22.56639868 0.6285378838
18 -22.81590635 0.623810188
19 -23.07226728 0.6189578119
20 -23.33582987 0.6139754695
21 -23.60695933 0.6088577246
22 -23.88603787 0.6035990073
23 -24.17346478 0.5981936345
24 -24.46965636 0.5926358368
25 -24.77504557 0.5869197913
26 -25.09008144 0.5810396618
27 -25.41522813 0.5749896476
28 -25.75096366 0.5687640414
29 -26.09777818 0.5623572962
30 -26.45617174 0.5557641042
31 -26.82665148 0.5489794863
32 -27.2097283 0.5419988933
33 -27.6059127 0.5348183194
34 -28.01571002 0.5274344262
35 -28.43961485 0.5198446789
36 -28.87810466 0.51204749
37 -29.33163265 0.5040423712
38 -29.80061986 0.4958300893
39 -30.28544658 0.4874128216
40 -30.7864432 0.4787943074
41 -31.30388064 0.4699799892
42 -31.8379606 0.4609771366
43 -32.38880586 0.4517949479
44 -32.95645101 0.4424446199
45 -33.54083377 0.4329393802
46 -34.1417876 0.423294476
47 -34.75903565 0.4135271122
48 -35.39218672 0.4036563372
49 -36.04073332 0.3937028736
50 -36.7040523 0.3836888953
51 -37.38140823 0.3736377544
52 -38.07195946 0.3635736651
53 -38.77476706 0.3535213536
54 -39.48880626 0.3435056852
55 -40.21298027 0.3335512818
56 -40.94613597 0.3236821438
57 -41.68708096 0.3139212901
58 -42.43460149 0.3042904284
59 -43.18748059 0.2948096673
60 -43.94451579 0.2854972785
61 -44.70453597 0.2763695147
62 -45.46641676 0.2674404861
63 -46.22909408 0.2587220956
64 -46.99157561 0.2502240292
65 -47.75294987 0.2419537979
66 -48.51239292 0.2339168235
67 -49.26917262 0.2261165618
68 -50.02265054 0.2185546548
69 -50.77228163 0.2112311039
70 -51.5176119 0.204144457
71 -52.25827422 0.197292003
72 -52.99398254 0.1906699668
73 -53.72452472 0.1842737012
74 -54.44975416 0.1780978706
75 -55.16958052 0.1721366245
76 -55.88395957 0.1663837573
77 -56.59288265 0.1608328549
78 -57.29636554 0.1554774239
79 -57.9944373 0.1503110064
80 -58.68712904 0.1453272771
81 -59.37446292 0.1405201245
82 -60.05644157 0.1358837156
83 -60.73303822 0.1314125445
84 -61.40418764 0.1271014656
85 -62.06977829 0.1229457115
86 -62.72964588 0.1189408974
87 -63.3835684 0.1150830119
88 -64.03126307 0.1113683966
89 -64.67238513 0.1077937154
90 -65.30652869 0.1043559154
91 -65.93322954 0.101052182
92 -66.55197005 0.09787988923
93 -67.16218575 0.09483654911
94 -67.7632736 0.09191976036
95 -68.35460163 0.08912716011
96 -68.93551949 0.08645637944
97 -69.50536973 0.08390500464
98 -70.06349923 0.08147054506
99 -70.60927058 0.07915040844
100 -71.14207292 0.07694188381
101 -71.66133202 0.07484213198
102 -72.16651918 0.07284818307
103 -72.65715901 0.07095694043
104 -73.13283564 0.06916519011
105 -73.59319749 0.06746961461
106 -74.0379606 0.06586681018
107 -74.46691034 0.06435330629
108 -74.87990188 0.06292558654
109 -75.2768593 0.06158010996
110 -75.65777366 0.06031333207
111 -76.02270002 0.059121725
112 -76.37175379 0.05800179622
113 -76.70510637 0.05695010565
114 -77.0229804 0.0559632807
115 -77.3256447 0.05503802939
116 -77.61340901 0.05417115135
117 -77.88661879 0.05335954679
118 -78.14564994 0.05260022358
119 -78.39090382 0.05189030249
120 -78.62280241 0.05122702085
121 -78.84178375 0.05060773465
122 -79.0482977 0.05002991949
123 -79.24280207 0.04949117029
124 -79.42575902 0.04898920009
125 -79.59763194 0.0485218381
126 -79.75888254 0.04808702707
127 -79.9099684 0.04768282008
128 -80.05134082 0.04730737706
129 -80.1834429 0.04695896091
130 -80.30670808 0.04663593341
131 -80.42155874 0.04633675105
132 -80.52840525 0.04605996074
133 -80.62764507 0.04580419553
134 -80.71966219 0.0455681703
135 -80.80482665 0.04535067762
136 -80.88349427 0.04515058357
137 -80.95600651 0.04496682376
138 -81.0226904 0.04479839946
139 -81.08385868 0.04464437383
140 -81.13980992 0.04450386839
141 -81.19082875 0.04437605954
142 -81.2371861 0.04426017548
143 -81.279139 0.04415549414
144 -81.31692616 0.04406135001
145 -81.35072554 0.04397721798
146 -81.38027419 0.04390347964
147 -81.40148603 0.0438482481
148 -81.37638976 0.04388807781
149 -80.96606656 0.04471483154
150 -77.16576126 0.05313392921
151 -44.18185537 0.1977832942
152 35.96801584 0.9962861913
153 38.48834348 0.999940773
154 37.23864441 0.9999280136
155 34.87141085 0.9998899502
156 31.64428257 0.9998019098
157 27.88980964 0.9996063113
158 23.93469284 0.9991905207
159 20.01480161 0.9983586982
160 16.27512253 0.996814292
161 12.79847189 0.9941782707
162 9.629478785 0.9900639651
163 6.787725749 0.9841976098
164 4.274021855 0.9765293292
165 2.074409697 0.9672684636
166 0.164264629 0.956822888
167 -1.48727436 0.9456832801
168 -2.913251984 0.9343138861
169 -4.145855903 0.9230866761
170 -5.214562163 0.9122613304
171 -6.145281349 0.9019951618
172 -6.960188231 0.8923656878
173 -7.67794238 0.8833945352
174 -8.314089599 0.8750674873
175 -8.881515356 0.8673493584
176 -9.39088144 0.8601941934
177 -9.851014851 0.8535518528
178 -10.26923938 0.8473720348
179 -10.65165116 0.8416065781
180 -11.00334415 0.8362106582
181 -11.32859321 0.831143297
182 -11.63100195 0.8263674621
183 -11.91362216 0.8218499333
184 -12.17905012 0.8175610463
185 -12.4295047 0.8134743822
186 -12.66689067 0.8095664421
187 -12.89285022 0.8058163303
188 -13.10880523 0.8022054568
189 -13.31599187 0.7987172661
190 -13.51548923 0.7953369931
191 -13.70824293 0.7920514456
192 -13.89508491 0.7888488129
193 -14.07674985 0.7857184959
194 -14.25388904 0.7826509596
195 -14.42708201 0.7796376028
196 -14.5968464 0.776670644
197 -14.7636464 0.773743022
198 -14.92789983 0.770848308
199 -15.08998433 0.7679806292
200 -15.25024264 0.765134601
201 -15.40898711 0.7623052671
202 -15.56650366 0.7594880478
203 -15.72305524 0.7566786928
204 -15.87888481 0.7538732401
205 -16.03421795 0.7510679796
206 -16.1892652 0.7482594199
207 -16.34422411 0.7454442592
208 -16.49928103 0.7426193589
209 -16.65461275 0.73978172
210 -16.81038794 0.736928461
211 -16.9667685 0.7340567989
212 -17.12391068 0.731164031
213 -17.28196622 0.7282475184
214 -17.44108332 0.7253046709
215 -17.60140756 0.7223329326
216 -17.76308276 0.7193297691
217 -17.92625179 0.7162926548
218 -18.09105729 0.7132190612
219 -18.25764241 0.7101064457
220 -18.42615154 0.7069522412
221 -18.59673089 0.7037538453
222 -18.76952923 0.700508611
223 -18.94469845 0.6972138365
224 -19.12239424 0.6938667562
225 -19.30277671 0.6904645314
226 -19.48601097 0.687004241
227 -19.67226781 0.6834828732
228 -19.86172429 0.6798973163
229 -20.05456442 0.6762443505
230 -20.25097975 0.6725206395
231 -20.45117008 0.6687227224
232 -20.65534408 0.6648470062
233 -20.86372001 0.660889758
234 -21.07652637 0.6568470982
235 -21.2940026 0.6527149945
236 -21.51639977 0.6484892558
237 -21.74398129 0.644165528
238 -21.97702357 0.6397392901
239 -22.2158167 0.6352058525
240 -22.46066509 0.6305603566
241 -22.71188808 0.6257977763
242 -22.96982052 0.6209129225
243 -23.23481318 0.6159004502
244 -23.50723324 0.6107548694
245 -23.7874645 0.6054705601
246 -24.07590753 0.6000417918
247 -24.37297963 0.594462749
248 -24.67911454 0.5887275625
249 -24.99476194 0.5828303488
250 -25.32038659 0.5767652564
251 -25.65646712 0.5705265219
252 -26.0034944 0.5641085354
253 -26.36196945 0.557505917
254 -26.73240077 0.5507136035
255 -27.11530106 0.5437269478
256 -27.51118334 0.5365418293
257 -27.92055624 0.5291547762
258 -28.34391865 0.5215630984
259 -28.78175349 0.5137650299
260 -29.23452075 0.5057598784
261 -29.7026498 0.4975481804
262 -30.18653087 0.4891318559
263 -30.68650611 0.4805143608
264 -31.20286006 0.4717008291
265 -31.73580995 0.4626982007
266 -32.28549602 0.4535153264
267 -32.85197202 0.4441630441
268 -33.43519657 0.4346542184
269 -34.0350253 0.4250037377
270 -34.65120461 0.4152284621
271 -35.28336707 0.4053471195
272 -35.93102909 0.3953801471
273 -36.59359092 0.3853494783
274 -37.27033946 0.375278279
275 -37.96045375 0.3651906398
276 -38.66301327 0.3551112309
277 -39.37700892 0.3450649329
278 -40.10135639 0.3350764544
279 -40.83491148 0.3251699522
280 -41.57648698 0.3153686657
281 -42.32487053 0.3056945799
282 -43.07884275 0.2961681283
283 -43.83719521 0.2868079438
284 -44.59874756 0.2776306658
285 -45.36236328 0.2686508042
286 -46.12696372 0.2598806641
287 -46.89154007 0.2513303254
288 -47.65516292 0.2430076762
289 -48.41698952 0.2349184907
290 -49.17626848 0.2270665472
291 -49.93234215 0.2194537758
292 -50.68464669 0.2120804295
293 -51.4327101 0.2049452703
294 -52.17614828 0.1980457635
295 -52.91465953 0.1913782741
296 -53.64801748 0.1849382607
297 -54.37606295 0.1787204618
298 -55.09869465 0.1727190718
299 -55.81585919 0.1669279044
300 -56.52754042 0.1613405416
301 -57.2337484 0.1559504669
302 -57.93450814 0.1507511826
303 -58.62984829 0.1457363101
304 -59.31979004 0.1408996739
305 -60.00433642 0.1362353689
306 -60.68346227 0.1317378115
307 -61.35710499 0.1274017749
308 -62.02515649 0.1232224098
309 -62.6874565 0.1191952498
310 -63.34378737 0.1153162043
311 -63.99387076 0.1115815399
312 -64.63736615 0.1079878502
313 -65.27387148 0.1045320179
314 -65.90292569 0.1012111707
315 -66.52401339 0.09802263174
316 -67.13657136 0.09496386863
317 -67.73999661 0.09203244243
318 -68.333656 0.08922595858
319 -68.91689679 0.08654202177
320 -69.48905792 0.08397819636
321 -70.04948156 0.08153197337
322 -70.59752465 0.07920074479
323 -71.13256989 0.07698178563
324 -71.65403601 0.07487224349
325 -72.16138695 0.07286913546
326 -72.6541398 0.07096935133
327 -73.13187123 0.06916966263
328 -73.59422251 0.06746673609
329 -74.04090297 0.06585715068
330 -74.47169189 0.06433741705
331 -74.88643908 0.0629039985
332 -75.28506409 0.06155333235
333 -75.6675543 0.06028185122
334 -76.03396205 0.05908600337
335 -76.38440092 0.0579622717
336 -76.71904138 0.05690719104
337 -77.03810598 0.05591736359
338 -77.34186426 0.05498947217
339 -77.6306274 0.05412029146
340 -77.90474293 0.05330669724
341 -78.16458944 0.05254567356
342 -78.4105714 0.05183431817
343 -78.64311435 0.05116984628
344 -78.86266016 0.05054959277
345 -79.06966282 0.04997101315
346 -79.26458439 0.04943168337
347 -79.44789142 0.04892929864
348 -79.6200517 0.04846167143
349 -79.78153139 0.04802672887
350 -79.93279243 0.04762250955
351 -80.07429039 0.04724715995
352 -80.20647256 0.04689893053
353 -80.32977639 0.04657617167
354 -80.44462813 0.04627732935
355 -80.55144182 0.04600094088
356 -80.65061842 0.04574563055
357 -80.74254522 0.04551010529
358 -80.82759534 0.0452931504
359 -80.9061275 0.04509362542
360 -80.97848584 0.04491046006
361 -81.04499991 0.04474265026
362 -81.10598475 0.04458925441
363 -81.16174105 0.04444938976
364 -81.21255538 0.04432222889
365 -81.25870054 0.04420699644
366 -81.30043588 0.04410296595
367 -81.33800766 0.04400945687
368 -81.37164955 0.04392583173
369 -81.401583 0.04385149346
370 -81.42801774 0.04378588288
371 -81.45115225 0.04372847627
372 -81.47117419 0.04367878319
373 -81.48826092 0.04363634433
374 -81.50257997 0.04360072952
375 -81.51428946 0.0435715359
376 -81.52353857 0.04354838616
377 -81.53046795 0.043530927
378 -81.53520965 0.04351882857
379 -81.53788339 0.04351179136
380 -81.53855935 0.04350962023
381 -81.53692113 0.04351289964
382 -81.52923664 0.04352906822
383 -81.48116078 0.04362705938
384 -81.08366227 0.0444344206
385 -77.56933442 0.05213896858
386 -46.89221913 0.1798823855
387 35.5815176 0.9951041898
388 38.5619339 0.9999413201
389 37.4001264 0.9999300402
390 35.14072054 0.999895129
391 32.0315194 0.9998152368
392 28.39034688 0.9996401383
393 24.53615245 0.9992727124
394 20.70154915 0.9985451381
395 17.03001011 0.9972027572
396 13.60365052 0.9949153721
397 10.46735869 0.991334282
398 7.642274792 0.9861910058
399 5.13206786 0.9793978114
400 2.926485798 0.9710942233
401 1.004747331 0.9616123292
402 -0.6606538077 0.9513844901
403 -2.100235876 0.9408437193
404 -3.34453522 0.9303546738
405 -4.422116318 0.9201848803
406 -5.35851872 0.9105062483
407 -6.175898527 0.9014120045
408 -6.89310229 0.8929377137
409 -7.525966545 0.8850803115
410 -8.087706244 0.8778129735
411 -8.58931293 0.8710957324
412 -9.039922792 0.8648825874
413 -9.447138389 0.8591260119
414 -9.817300877 0.8537796533
415 -10.15571586 0.8487998323
416 -10.4668386 0.8441462746
417 -10.754425 0.8397823679
418 -11.0216542 0.8356751384
419 -11.27122817 0.8317950694
420 -11.50545269 0.8281158414
421 -11.72630327 0.8246140395
422 -11.93547906 0.8212688574
423 -12.13444702 0.8180618127
424 -12.32447829 0.8149764835
425 -12.50667823 0.8119982672
426 -12.68201136 0.8091141651
427 -12.85132211 0.80631259
428 -13.01535219 0.8035831963
429 -13.17475522 0.8009167301
430 -13.33010893 0.7983048975
431 -13.48192567 0.7957402492
432 -13.63066119 0.7932160787
433 -13.77672218 0.7907263337
434 -13.92047271 0.788265538
435 -14.0622398 0.7858287225
436 -14.20231812 0.7834113654
437 -14.34097418 0.7810093386
438 -14.47844981 0.7786188613
439 -14.61496533 0.7762364583
440 -14.75072223 0.7738589236
441 -14.88590552 0.7714832876
442 -15.02068582 0.7691067884
443 -15.15522119 0.7667268461
444 -15.28965873 0.7643410398
445 -15.42413601 0.7619470867
446 -15.55878238 0.759542824
447 -15.69372003 0.7571261919
448 -15.82906507 0.7546952187
449 -15.96492843 0.7522480068
450 -16.10141667 0.7497827203
451 -16.23863277 0.7472975737
452 -16.37667677 0.7447908211
453 -16.51564644 0.7422607463
454 -16.65563783 0.739705654
455 -16.79674586 0.737123861
456 -16.93906479 0.7345136885
457 -17.08268871 0.7318734538
458 -17.22771199 0.7292014638
459 -17.37422976 0.7264960074
460 -17.52233828 0.7237553491
461 -17.67213536 0.7209777222
462 -17.8237208 0.7181613223
463 -17.97719676 0.7153043012
464 -18.13266814 0.7124047603
465 -18.29024304 0.7094607445
466 -18.45003309 0.7064702358
467 -18.61215391 0.7034311471
468 -18.77672546 0.7003413158
469 -18.94387257 0.6971984974
470 -19.11372526 0.6940003589
471 -19.28641926 0.6907444725
472 -19.46209645 0.6874283087
473 -19.64090536 0.6840492297
474 -19.82300163 0.6806044827
475 -20.00854855 0.6770911929
476 -20.1977176 0.6735063571
477 -20.39068899 0.6698468363
478 -20.58765224 0.6661093499
479 -20.78880677 0.6622904683
480 -20.99436249 0.6583866074
481 -21.20454045 0.6543940224
482 -21.41957347 0.6503088028
483 -21.63970676 0.6461268675
484 -21.86519858 0.6418439611
485 -22.09632088 0.6374556515
486 -22.33335993 0.6329573287
487 -22.57661693 0.6283442053
488 -22.82640853 0.6236113191
489 -23.08306742 0.6187535385
490 -23.34694272 0.6137655708
491 -23.61840032 0.6086419739
492 -23.89782315 0.6033771727
493 -24.18561123 0.59796548
494 -24.48218154 0.5924011236
495 -24.78796775 0.586678279
496 -25.1034195 0.5807911108
497 -25.42900159 0.574733821
498 -25.76519256 0.5685007076
499 -26.11248301 0.562086232
500 -26.47137335 0.5554850986
501 -26.84237095 0.5486923441
502 -27.22598675 0.5417034399
503 -27.62273115 0.5345144053
504 -28.03310914 0.5271219332
505 -28.45761473 0.5195235251
506 -28.89672451 0.5117176364
507 -29.3508905 0.5037038283
508 -29.82053222 0.4954829232
509 -30.30602806 0.4870571606
510 -30.80770612 0.4784303479
511 -31.32583463 0.4696080014
512 -31.8606122 0.4605974691
513 -32.41215814 0.4514080311
514 -32.98050316 0.4420509683
515 -33.5655808 0.4325395927
516 -34.16722004 0.4228892342
517 -34.78513937 0.4131171767
518 -35.41894277 0.4032425418
519 -36.06811793 0.3932861167
520 -36.73203698 0.3832701297
521 -37.40995994 0.3732179749
522 -38.10104094 0.3631538946
523 -38.80433726 0.3531026277
524 -39.51882086 0.3430890368
525 -40.24339232 0.3331377248
526 -40.97689654 0.3232726582
527 -41.71813989 0.3135168072
528 -42.46590816 0.3038918182
529 -43.21898463 0.2944177275
530 -43.97616782 0.2851127261
531 -44.73628827 0.2759929793
532 -45.49822385 0.2670725066
533 -46.26091327 0.2583631183
534 -47.02336739 0.2498744088
535 -47.78467825 0.2416138004
536 -48.54402567 0.2335866304
537 -49.30068137 0.225796276
538 -50.05401081 0.2182443076
539 -50.80347279 0.2109306622
540 -51.548617 0.2038538318
541 -52.28907982 0.1970110571
542 -53.0245784 0.190398523
543 -53.75490349 0.1840115501
544 -54.47991103 0.1778447782
545 -55.19951277 0.1718923387
546 -55.91366619 0.166148015
547 -56.62236385 0.1606053868
548 -57.3256223 0.1552579602
549 -58.0234709 0.150099281
550 -58.71594062 0.1451230312
551 -59.40305299 0.1403231098
552 -60.08480962 0.1356936964
553 -60.76118231 0.1312292996
554 -61.43210405 0.1269247891
555 -62.09746125 0.1227754134
556 -62.75708728 0.1187768036
557 -63.41075767 0.1149249632
558 -64.05818707 0.111216248
559 -64.69902815 0.1076473344
560 -65.33287252 0.1042151802
561 -65.95925366 0.1009169798
562 -66.57765183 0.09775011391
563 -67.18750077 0.0947120991
564 -67.78819607 0.09180053663
565 -68.37910475 0.08901306424
566 -68.95957595 0.08634731188
567 -69.52895214 0.08380086323
568 -70.08658063 0.08137122389
569 -70.6318249 0.07905579696
570 -71.16407542 0.07685186629
571 -71.68275963 0.07475658729
572 -72.18735095 0.0727669847
573 -72.6773763 0.0708799568
574 -73.15242239 0.06909228504
575 -73.61214042 0.06740064801
576 -74.05624925 0.06580163876
577 -74.48453716 0.06429178447
578 -74.8968622 0.06286756729
579 -75.2931513 0.0615254457
580 -75.67339822 0.0602618755
581 -76.03766062 0.05907332994
582 -76.38605633 0.05795631835
583 -76.71875899 0.05690740315
584 -77.03599326 0.05592321484
585 -77.33802978 0.05500046505
586 -77.62517989 0.05413595742
587 -77.8977904 0.05332659649
588 -78.15623841 0.05256939473
589 -78.40092624 0.0518614777
590 -78.63227662 0.05120008758
591 -78.85072818 0.05058258536
592 -79.0567312 0.05000645159
593 -79.25074375 0.04946928612
594 -79.43322811 0.04896880687
595 -79.60464765 0.04850284781
596 -79.76546399 0.04806935634
597 -79.91613449 0.04766639007
598 -80.05711014 0.04729211328
599 -80.18883369 0.04694479306
600 -80.31173814 0.0466227952
601 -80.42624541 0.04632458005
602 -80.53276533 0.04604869819
603 -80.63169485 0.04579378614
604 -80.72341736 0.04555856213
605 -80.80830234 0.04534182184
606 -80.88670501 0.04514243433
607 -80.95896622 0.04495933803
608 -81.02541243 0.04479153684
609 -81.08635578 0.04463809645
610 -81.14209424 0.04449814071
611 -81.1929119 0.04437084825
612 -81.2390791 0.04425544934
613 -81.28085236 0.04415122388
614 -81.31846983 0.04405750818
615 -81.35210902 0.04397377879
616 -81.38150675 0.04390041831
617 -81.40257864 0.04384553648
618 -81.37737089 0.04388564916
619 -80.96711034 0.0447122887
620 -77.16821585 0.05312763992
621 -44.19588715 0.197686995
622 35.966279 0.996281116
623 38.48869725 0.9999407758
624 37.23939189 0.9999280232
625 34.87262209 0.9998899741
626 31.64597563 0.9998019703
627 27.89194138 0.9996064622
628 23.93719623 0.9991908819
629 20.01760485 0.9983595062
630 16.27815382 0.996815954
631 12.80166054 0.9941813852
632 9.632757689 0.9900692656
633 6.791035785 0.9842058228
634 4.277316404 0.9765410013
635 2.07765727 0.9672838483
636 0.1674487033 0.956841943
637 -1.4841578 0.9457057524
638 -2.910197972 0.9343394248
639 -4.142853954 0.9231149228
640 -5.211599059 0.912291972
641 -6.142343083 0.9020279499
642 -6.957261203 0.8924004384
643 -7.67501406 0.883431119
644 -8.311148812 0.8751058168
645 -8.878552358 0.8673893772
646 -9.387887853 0.8602358662
647 -9.847983553 0.8535951591
648 -10.26616436 0.8474169632
649 -10.64852735 0.8416531232
650 -11.00016733 0.8362588181
651 -11.32535984 0.8311930719
652 -11.62770909 0.8264188532
653 -11.91026732 0.8219029424
654 -12.17563125 0.8176156754
655 -12.42602006 0.8135306333
656 -12.66333877 0.8096243175
657 -12.88922981 0.8058758325
658 -13.10511521 0.8022665884
659 -13.31223129 0.7987800303
660 -13.5116572 0.7954013936
661 -13.70433865 0.792117487
662 -13.89110762 0.7889165002
663 -14.07269882 0.7857878356
664 -14.24976352 0.782721959
665 -14.42288125 0.7797102706
666 -14.59256962 0.7767449902
667 -14.75929278 0.773819058
668 -14.9234685 0.770926047
669 -15.08547436 0.7680600858
670 -15.24565302 0.7652157917
671 -15.40431674 0.7623882104
672 -15.56175138 0.759572764
673 -15.71821977 0.7567652042
674 -15.87396477 0.7539615714
675 -16.02921186 0.7511581576
676 -16.18417146 0.7483514737
677 -16.33904098 0.7455382205
678 -16.49400665 0.7427152619
679 -16.64924511 0.7398796015
680 -16.80492491 0.7370283606
681 -16.96120775 0.7341587591
682 -17.11824975 0.7312680974
683 -17.27620247 0.7283537396
684 -17.43521393 0.7254130989
685 -17.59542952 0.7224436229
686 -17.75699286 0.7194427807
687 -17.92004659 0.7164080504
688 -18.08473315 0.7133369075
689 -18.25119545 0.7102268136
690 -18.41957762 0.7070752057
691 -18.59002563 0.7038794862
692 -18.76268796 0.7006370125
693 -18.93771621 0.697345088
694 -19.11526577 0.694000952
695 -19.29549641 0.6906017714
696 -19.47857291 0.6871446306
697 -19.6646657 0.6836265237
698 -19.85395146 0.6800443452
699 -20.04661378 0.6763948817
700 -20.2428438 0.6726748034
701 -20.44284086 0.6688806566
702 -20.64681317 0.6650088551
703 -20.85497848 0.6610556735
704 -21.06756477 0.65701724
705 -21.28481093 0.6528895298
