0 -81.54873657 0.0434800602
1 -81.36711756 0.04387697809
2 -81.14565609 0.0444126121
3 -80.87947536 0.04506509232
4 -80.56205474 0.04585490912
5 -80.1797067 0.04682027984
6 -79.78236657 0.04782884368
7 -77.76525779 0.05244302685
8 -58.97829716 0.1153903253
9 31.54705441 0.9716381282
10 38.61796173 0.9999375089
11 37.78464431 0.9999345745
12 35.78416502 0.9999065849
13 32.91096901 0.9998424796
14 29.4579541 0.9997034851
15 25.74194704 0.999414664
16 22.00397895 0.9988458612
17 18.39507125 0.9977961193
18 15.00169987 0.9959952764
19 11.87159515 0.9931382359
20 9.029189168 0.9889560337
21 6.482823607 0.9833026652
22 4.228072542 0.9762159095
23 2.250219238 0.9679181228
24 0.5270929302 0.9587579918
25 -0.9678063982 0.9491262226
26 -2.262436165 0.9393825123
27 -3.384021348 0.9298132364
28 -4.35767241 0.9206193251
29 -5.205703914 0.9119238345
30 -5.947452741 0.9037881802
31 -6.599399906 0.8962295974
32 -7.175447046 0.8892361804
33 -7.687250356 0.8827783915
34 -8.144555853 0.8768172138
35 -8.555507669 0.8713095984
36 -8.926917932 0.8662119183
37 -9.264496178 0.8614820336
38 -9.573040879 0.8570804316
39 -9.856597619 0.8529707697
40 -10.11858894 0.849120047
41 -10.36192057 0.8454985544
42 -10.58906839 0.8420797005
43 -10.80214948 0.8388397746
44 -11.00298049 0.8357576847
45 -11.19312559 0.8328146933
46 -11.373936 0.8299941646
47 -11.54658269 0.8272813284
48 -11.71208361 0.8246630659
49 -11.8713263 0.8221277157
50 -12.02508684 0.8196649014
51 -12.17404579 0.8172653785
52 -12.31880158 0.8149208993
53 -12.45988187 0.8126240932
54 -12.59775315 0.8103683621
55 -12.73282897 0.8081477884
56 -12.86547694 0.8059570539
57 -12.99602469 0.8037913686
58 -13.12476509 0.8016464081
59 -13.25196062 0.7995182587
60 -13.37784728 0.7974033689
61 -13.50263789 0.7952985067
62 -13.62652498 0.7932007219
63 -13.74968332 0.7911073124
64 -13.87227212 0.7890157953
65 -13.99443695 0.7869238802
66 -14.11631147 0.7848294462
67 -14.23801884 0.7827305211
68 -14.35967315 0.780625263
69 -14.48138048 0.7785119436
70 -14.60323999 0.7763889335
71 -14.72534483 0.7742546888
72 -14.84778296 0.7721077393
73 -14.97063789 0.7699466771
74 -15.09398935 0.7677701475
75 -15.21791385 0.7655768393
76 -15.34248531 0.7633654768
77 -15.46777544 0.7611348122
78 -15.59385431 0.7588836189
79 -15.72079069 0.7566106841
80 -15.84865247 0.7543148037
81 -15.97750703 0.751994776
82 -16.10742157 0.749649396
83 -16.23846342 0.7472774509
84 -16.3707004 0.7448777144
85 -16.50420105 0.7424489424
86 -16.63903498 0.7399898679
87 -16.7752731 0.7374991963
88 -16.91298795 0.7349756014
89 -17.05225393 0.73241772
90 -17.1931476 0.7298241479
91 -17.33574796 0.7271934353
92 -17.48013673 0.7245240819
93 -17.62639863 0.721814532
94 -17.77462167 0.7190631703
95 -17.92489748 0.7162683164
96 -18.0773216 0.7134282196
97 -18.23199384 0.7105410544
98 -18.38901856 0.7076049143
99 -18.54850509 0.7046178063
100 -18.71056807 0.7015776459
101 -18.87532784 0.6984822499
102 -19.04291087 0.6953293312
103 -19.21345017 0.6921164921
104 -19.38708575 0.6888412175
105 -19.56396511 0.6855008684
106 -19.7442437 0.6820926752
107 -19.9280855 0.6786137302
108 -20.11566351 0.6750609806
109 -20.30716039 0.6714312216
110 -20.50276898 0.6677210892
111 -20.70269299 0.663927053
112 -20.90714759 0.6600454094
113 -21.11636011 0.6560722756
114 -21.33057068 0.6520035832
115 -21.55003296 0.6478350734
116 -21.77501478 0.6435622923
117 -22.00579885 0.6391805885
118 -22.24268343 0.6346851112
119 -22.48598297 0.6300708107
120 -22.73602869 0.6253324415
121 -22.99316914 0.6204645677
122 -23.25777064 0.6154615727
123 -23.5302176 0.6103176718
124 -23.81091274 0.6050269314
125 -24.1002771 0.5995832921
126 -24.39874981 0.5939805998
127 -24.70678764 0.5882126433
128 -25.02486418 0.5822732011
129 -25.35346867 0.5761560977
130 -25.69310439 0.56985527
131 -26.0442865 0.5633648453
132 -26.40753938 0.5566792323
133 -26.78339322 0.5497932235
134 -27.17238 0.5427021124
135 -27.57502864 0.5354018221
136 -27.99185937 0.5278890479
137 -28.42337721 0.5201614092
138 -28.8700647 0.5122176118
139 -29.3323737 0.5040576154
140 -29.81071653 0.4956828037
141 -30.30545645 0.4870961507
142 -30.81689759 0.4783023791
143 -31.34527476 0.4693081031
144 -31.89074315 0.460121947
145 -32.45336839 0.4507546341
146 -33.03311733 0.4412190369
147 -33.62984988 0.4315301802
148 -34.24331237 0.4217051936
149 -34.87313281 0.4117632071
150 -35.51881839 0.401725188
151 -36.17975556 0.3916137196
152 -36.85521294 0.381452726
153 -37.54434708 0.3712671485
154 -38.2462111 0.3610825829
155 -38.9597661 0.3509248912
156 -39.68389494 0.3408197993
157 -40.41741814 0.3307924959
158 -41.1591112 0.3208672486
159 -41.90772298 0.3110670487
160 -42.66199428 0.3014132982
161 -43.4206763 0.2919255474
162 -44.18254806 0.2826212904
163 -44.94643262 0.2735158219
164 -45.71121135 0.2646221544
165 -46.47583623 0.2559509955
166 -47.23933969 0.2475107782
167 -48.00084212 0.2393077396
168 -48.75955683 0.2313460397
169 -49.51479276 0.2236279111
170 -50.2659548 0.2161538333
171 -51.01254219 0.2089227219
172 -51.75414498 0.2019321265
173 -52.49043894 0.195178431
174 -53.22117902 0.1886570507
175 -53.9461917 0.1823626223
176 -54.66536634 0.1762891833
177 -55.37864579 0.1704303389
178 -56.08601647 0.1647794143
179 -56.78749793 0.1593295912
180 -57.48313231 0.1540740291
181 -58.17297367 0.14900597
182 -58.85707738 0.1441188266
183 -59.53548985 0.1394062558
184 -60.20823869 0.134862216
185 -60.87532354 0.1304810093
186 -61.53670769 0.1262573103
187 -62.19231083 0.1221861807
188 -62.84200302 0.1182630712
189 -63.48560011 0.1144838122
190 -64.12286075 0.1108445939
191 -64.75348509 0.107341937
192 -65.3771154 0.1039726564
193 -65.99333834 0.1007338195
194 -66.60168916 0.0976226999
195 -67.20165747 0.09463672971
196 -67.79269453 0.09177345198
197 -68.37422182 0.0890304746
198 -68.94564055 0.08640542772
199 -69.50634185 0.08389592586
200 -70.0557173 0.08149953582
201 -70.5931694 0.07921375094
202 -71.11812173 0.07703597229
203 -71.6300285 0.07496349648
204 -72.12838314 0.07299351016
205 -72.61272586 0.07112309037
206 -73.08265 0.06934921018
207 -73.53780693 0.06766874872
208 -73.97790971 0.06607850467
209 -74.40273535 0.06457521233
210 -74.81212573 0.06315555929
211 -75.20598741 0.061816205
212 -75.58429029 0.06055379945
213 -75.94706534 0.05936500137
214 -76.29440155 0.05824649549
215 -76.62644222 0.05719500852
216 -76.77865871 0.05665287452
217 -76.87152923 0.05634583073
218 -76.89926368 0.0562384506
219 -76.85419186 0.05635229077
220 -76.71980023 0.05673421486
221 -76.53493659 0.05725269914
222 -74.73275937 0.06196228293
223 -58.07660453 0.1236516487
224 27.28737494 0.9518349581
225 37.76439312 0.999920814
226 36.96516549 0.9999239425
227 34.56669281 0.9998836934
228 31.1823775 0.9997849786
229 27.21497405 0.9995564959
230 23.03133884 0.9990517077
231 18.89384801 0.9980076961
232 14.963242 0.9960208183
233 11.33038784 0.9925808032
234 8.042305291 0.9871931889
235 5.116369122 0.9795596788
236 2.547600632 0.9697166149
237 0.3141954291 0.9580388039
238 -1.616616653 0.9451116855
239 -3.282749586 0.9315600217
240 -4.722531437 0.917919511
241 -5.971623699 0.9045809921
242 -7.061483444 0.8917909848
243 -8.018928713 0.8796797262
244 -8.866346434 0.8682952279
245 -9.622200166 0.857632811
246 -10.30162789 0.8476570528
247 -10.91702003 0.8383166508
248 -11.47853019 0.8295538349
249 -11.9945049 0.8213099873
250 -12.47183551 0.813528778
251 -12.91624177 0.8061577472
252 -13.33249838 0.7991489508
253 -13.72461548 0.7924590668
254 -14.09598217 0.7860492041
255 -14.449481 0.7798845658
256 -14.78757943 0.7739340516
257 -15.1124033 0.7681698497
258 -15.42579602 0.7625670459
259 -15.72936663 0.7571032616
260 -16.02452886 0.7517583267
261 -16.31253323 0.7465139881
262 -16.59449346 0.7413536526
263 -16.8714084 0.7362621598
264 -17.14418029 0.731225584
265 -17.41363015 0.7262310602
266 -17.68051067 0.7212666317
267 -17.94551729 0.716321116
268 -18.20929758 0.7113839876
269 -18.47245939 0.7064452742
270 -18.73557787 0.7014954649
271 -18.99920165 0.6965254294
272 -19.26385824 0.6915263457
273 -19.53005881 0.6864896364
274 -19.79830252 0.6814069114
275 -20.0690803 0.6762699177
276 -20.34287839 0.6710704941
277 -20.62018144 0.6658005325
278 -20.9014754 0.6604519434
279 -21.18725016 0.6550166267
280 -21.47800188 0.6494864485
281 -21.7742352 0.6438532222
282 -22.07646514 0.6381086961
283 -22.38521878 0.632244547
284 -22.70103676 0.6262523809
285 -23.02447439 0.6201237416
286 -23.35610252 0.6138501279
287 -23.69650804 0.6074230203
288 -24.0462939 0.6008339198
289 -24.40607876 0.5940743978
290 -24.77649594 0.5871361607
291 -25.15819185 0.5800111296
292 -25.55182359 0.5726915356
293 -25.95805579 0.5651700335
294 -26.37755649 0.5574398331
295 -26.81099199 0.5494948492
296 -27.2590207 0.5413298702
297 -27.7222857 0.5329407426
298 -28.20140627 0.5243245715
299 -28.69696819 0.515479931
300 -29.20951292 0.5064070817
301 -29.73952587 0.4971081878
302 -30.28742385 0.4875875259
303 -30.85354207 0.4778516767
304 -31.43812099 0.4679096881
305 -32.04129346 0.4577731996
306 -32.66307269 0.4474565164
307 -33.30334167 0.4369766214
308 -33.96184442 0.426353118
309 -34.63817988 0.4156080955
310 -35.33179886 0.4047659145
311 -36.04200442 0.3938529139
312 -36.76795608 0.3828970433
313 -37.50867797 0.3719274325
314 -38.26307076 0.3609739112
315 -39.02992724 0.3500664974
316 -39.80795093 0.3392348744
317 -40.59577727 0.3285078771
318 -41.39199643 0.3179130093
319 -42.19517699 0.3074760095
320 -43.00388961 0.2972204805
321 -43.81672983 0.2871675957
322 -44.63233917 0.2773358865
323 -45.44942399 0.267741114
324 -46.26677152 0.2583962226
325 -47.08326278 0.2493113685
326 -47.89788216 0.2404940158
327 -48.70972367 0.231949087
328 -49.51799391 0.2236791583
329 -50.32201204 0.2156846865
330 -51.12120687 0.2079642568
331 -51.91511149 0.2005148407
332 -52.7033558 0.1933320555
333 -53.48565714 0.186410418
334 -54.26180949 0.1797435863
335 -55.03167152 0.1733245855
336 -55.79515374 0.1671460137
337 -56.55220515 0.1612002272
338 -57.30279958 0.1554795023
339 -58.0469221 0.1499761738
340 -58.78455561 0.1446827506
341 -59.51566819 0.1395920083
342 -60.24020116 0.1346970585
343 -60.95805843 0.1299913983
344 -61.66909726 0.1254689387
345 -62.37312076 0.1211240145
346 -63.06987234 0.1169513779
347 -63.75903241 0.1129461771
348 -64.44021727 0.1091039227
349 -65.11298046 0.1054204444
350 -65.7768164 0.1018918404
351 -66.43116626 0.09851442289
352 -67.07542585 0.09528466191
353 -67.70895524 0.09219913064
354 -68.33108973 0.08925445389
355 -68.94115181 0.08644726226
356 -69.53846356 0.08377415324
357 -70.12235922 0.08123166036
358 -70.69219726 0.07881623083
359 -71.24737184 0.0765242117
360 -71.78732309 0.07435184428
361 -72.31154605 0.07229526584
362 -72.8195981 0.07035051779
363 -73.31110476 0.06851355907
364 -73.78576368 0.06678028358
365 -74.24334713 0.06514654035
366 -74.68370278 0.0636081554
367 -75.10675305 0.0621609541
368 -75.51249326 0.06080078338
369 -75.90098851 0.05952353285
370 -76.2723698 0.05832515442
371 -76.62682931 0.05720167993
372 -76.9646152 0.05614923672
373 -77.28602608 0.05516406075
374 -77.59140519 0.05424250752
375 -77.88113464 0.05338106067
376 -78.15562959 0.05257633845
377 -78.41533273 0.05182509824
378 -78.66070885 0.05112423922
379 -78.89223989 0.05047080355
380 -79.11042018 0.04986197608
381 -79.31575217 0.04929508294
382 -79.5087425 0.04876758913
383 -79.6898985 0.04827709531
384 -79.85972505 0.04782133393
385 -80.0187219 0.04739816488
386 -80.16738127 0.04700557075
387 -80.30618588 0.04664165187
388 -80.43560723 0.04630462111
389 -80.55610424 0.04599279871
390 -80.66812218 0.04570460696
391 -80.77209171 0.04543856503
392 -80.86842835 0.04519328382
393 -80.95753199 0.04496746095
394 -81.03978662 0.04475987592
395 -81.1155602 0.04456938534
396 -81.18520473 0.04439491847
397 -81.24905632 0.04423547289
398 -81.3074354 0.04409011031
399 -81.36064708 0.0439579527
400 -81.40898144 0.04383817852
401 -81.45271396 0.04373001918
402 -81.49210599 0.04363275572
403 -81.5274052 0.04354571562
404 -81.5588461 0.04346826985
405 -81.58665055 0.04339983008
406 -81.61102828 0.043339846
407 -81.63217741 0.04328780291
408 -81.65028499 0.04324321938
409 -81.66552751 0.04320564506
410 -81.6780714 0.04317465866
411 -81.68807354 0.04314986606
412 -81.69568175 0.04313089851
413 -81.70103524 0.04311741097
414 -81.70426509 0.04310908056
415 -81.70549468 0.04310560508
416 -81.70484008 0.04310670171
417 -81.7024105 0.04311210566
418 -81.69830865 0.04312156905
419 -81.69263111 0.04313485978
420 -81.68546868 0.0431517605
421 -81.67690673 0.04317206764
422 -81.66702547 0.04319559053
423 -81.65590031 0.04322215054
424 -81.64360209 0.04325158032
425 -81.63019739 0.04328372304
426 -81.61574876 0.04331843175
427 -81.60031495 0.04335556869
428 -81.58395118 0.04339500477
429 -81.56670929 0.04343661893
430 -81.54863802 0.04348029771
431 -81.36701152 0.0438772359
432 -81.14554254 0.04441289136
433 -80.87935408 0.04506539465
434 -80.56192521 0.04585523714
435 -80.17956785 0.046820638
436 -79.78221268 0.04782924554
437 -77.76501849 0.05244366407
438 -58.97719769 0.1153954155
439 31.54757586 0.971643354
440 38.6179772 0.9999375101
441 37.78464441 0.9999345745
442 35.78417607 0.9999065851
443 32.91100954 0.9998424806
444 29.45803957 0.9997034895
445 25.74208617 0.9994146782
446 22.00417367 0.9988459001
447 18.39531857 0.9977962127
448 15.00199375 0.9959954746
449 11.87192785 0.9931386117
450 9.029552336 0.988956676
451 6.483209153 0.9833036636
452 4.228473372 0.9762173372
453 2.250629704 0.9679200233
454 0.5275089867 0.9587603767
455 -0.9673873101 0.9491290775
456 -2.262015391 0.9393858069
457 -3.383599344 0.9298169339
458 -4.357249039 0.9206233887
459 -5.205278689 0.9119282315
460 -5.947024993 0.9037928829
461 -6.598968906 0.8962345832
462 -7.175012075 0.8892414314
463 -7.686810745 0.8827838934
464 -8.14411101 0.8768229554
465 -8.555057082 0.8713155706
466 -8.926461171 0.8662181135
467 -9.264032889 0.8614884457
468 -9.572570777 0.8570870553
469 -9.856120482 0.8529776003
470 -10.11810459 0.8491270803
471 -10.3614289 0.8455057866
472 -10.5885693 0.8420871282
473 -10.80164292 0.8388473946
474 -11.00246644 0.8357654939
475 -11.19260403 0.8328226889
476 -11.37340694 0.830002344
477 -11.54604615 0.8272896892
478 -11.71153962 0.8246716057
479 -11.87077489 0.8221364324
480 -12.02452805 0.8196737931
481 -12.17347966 0.8172744435
482 -12.31822815 0.814930136
483 -12.45930117 0.8126335002
484 -12.59716522 0.8103779382
485 -12.73223384 0.8081575326
486 -12.86487463 0.8059669654
487 -12.99541521 0.8038014468
488 -13.12414845 0.8016566525
489 -13.25133683 0.7995286691
490 -13.37721633 0.7974139453
491 -13.50199976 0.7953092492
492 -13.62587966 0.7932116308
493 -13.74903077 0.7911183883
494 -13.87161229 0.789027039
495 -13.9937698 0.7869352926
496 -14.11563693 0.7848410285
497 -14.23733685 0.7827422747
498 -14.35898361 0.7806371894
499 -14.48068331 0.7785240446
500 -14.60253508 0.7764012111
501 -14.72463206 0.7742671452
502 -14.84706221 0.7721203769
503 -14.96990903 0.7699594987
504 -15.09325221 0.7677831559
505 -15.21716828 0.7655900376
506 -15.34173112 0.7633788684
507 -15.46701246 0.7611484008
508 -15.59308232 0.7588974082
509 -15.72000947 0.7566246784
510 -15.8478618 0.7543290074
511 -15.97670666 0.7520091937
512 -16.10661123 0.7496640328
513 -16.23764284 0.7472923121
514 -16.36986927 0.7448928056
515 -16.50335907 0.7424642696
516 -16.6381818 0.7400054373
517 -16.77440838 0.7375150146
518 -16.9121113 0.7349916756
519 -17.05136496 0.7324340576
520 -17.19224589 0.7298407568
521 -17.33483307 0.7272103238
522 -17.47920818 0.7245412587
523 -17.62545593 0.7218320064
524 -17.77366429 0.7190809519
525 -17.92392487 0.7162864155
526 -18.07633318 0.7134466472
527 -18.23098898 0.7105598218
528 -18.3879966 0.7076240335
529 -18.54746535 0.7046372902
530 -18.7095098 0.7015975076
531 -18.87425028 0.6985025037
532 -19.04181319 0.6953499919
533 -19.21233151 0.6921375754
534 -19.38594518 0.6888627399
535 -19.56280166 0.6855228474
536 -19.74305635 0.682115129
537 -19.92687315 0.6786366781
538 -20.11442502 0.6750844429
539 -20.30589453 0.6714552198
540 -20.50147446 0.6677456457
541 -20.70136844 0.6639521913
542 -20.90579156 0.6600711545
543 -21.11497108 0.6560986535
544 -21.32914703 0.6520306212
545 -21.54857297 0.6478628001
546 -21.77351664 0.6435907377
547 -22.00426065 0.6392097839
548 -22.24110315 0.6347150892
549 -22.48435848 0.6301016053
550 -22.73435775 0.6253640879
551 -22.99144938 0.6204971026
552 -23.25599958 0.6154950336
553 -23.52839263 0.6103520977
554 -23.80903114 0.6050623621
555 -24.098336 0.5996197681
556 -24.39674624 0.5940181623
557 -24.7047185 0.5882513337
558 -25.02272626 0.5823130609
559 -25.35125866 0.5761971679
560 -25.69081887 0.5698975907
561 -26.041922 0.5634084554
562 -26.40509234 0.5567241683
563 -26.78086005 0.5498395196
564 -27.16975711 0.5427497989
565 -27.57231245 0.5354509252
566 -27.98904637 0.5279395882
567 -28.42046398 0.5202134011
568 -28.86704799 0.5122710622
569 -29.32925045 0.5041125228
570 -29.80748396 0.4957391568
571 -30.30211209 0.4871539276
572 -30.81343939 0.4783615462
573 -31.34170111 0.4693686141
574 -31.88705296 0.4601837424
575 -32.44956117 0.4508176407
576 -33.02919323 0.4412831672
577 -33.62580976 0.4315953329
578 -34.23915781 0.421771254
579 -34.86886617 0.4118300476
580 -35.51444279 0.4017926694
581 -36.17527491 0.3916816928
582 -36.85063189 0.3815210337
583 -37.53967098 0.3713356274
584 -38.24144596 0.3611510661
585 -38.95491849 0.3509932108
586 -39.67897192 0.3408877889
587 -40.41242713 0.3308599932
588 -41.1540599 0.3209340978
589 -41.90261922 0.3111331028
590 -42.65684593 0.3014784207
591 -43.41549112 0.2919896141
592 -44.17733363 0.2826841906
593 -44.9411962 0.2735774591
594 -45.70595983 0.2646824467
595 -46.47057602 0.2560098757
596 -47.23407669 0.2475681937
597 -47.99558165 0.2393636516
598 -48.75430363 0.2314004223
599 -49.50955093 0.2236807508
600 -50.26072785 0.2162051274
601 -51.00733303 0.2089724773
602 -51.74895595 0.2019803586
603 -52.48527183 0.1952251625
604 -53.21603515 0.18870231
605 -53.94107193 0.1824064426
606 -54.66027117 0.1763316015
607 -55.37357541 0.1704713942
608 -56.08097079 0.1648191473
609 -56.78247671 0.1593680435
610 -57.47813522 0.154111242
611 -58.16800032 0.1490419839
612 -58.85212745 0.1441536808
613 -59.53056313 0.1394399877
614 -60.20333518 0.1348948608
615 -60.87044347 0.1305125999
616 -61.53185161 0.1262878769
617 -62.18747966 0.1222157509
618 -62.83719808 0.11829167
619 -63.48082317 0.1145114622
620 -64.11811401 0.110871315
621 -64.74877126 0.1073677472
622 -65.37243761 0.1039975719
623 -65.98870018 0.1007578547
624 -66.59709463 0.09764586818
625 -67.19711091 0.0946590436
626 -67.7882006 0.09179492349
627 -68.36978542 0.08905111557
628 -68.94126674 0.08642525014
629 -69.50203579 0.08391494212
630 -70.05148416 0.08151775896
631 -70.58901427 0.07923119482
632 -71.11404957 0.07705265168
633 -71.62604404 0.07497942722
634 -72.12449082 0.07300870911
635 -72.60892979 0.07113757543
636 -73.07895389 0.06936300026
637 -73.53421406 0.06768186362
638 -73.97442291 0.066090965
639 -74.39935694 0.06458703937
640 -74.80885758 0.06316677487
641 -75.20283088 0.06182683134
642 -75.58124625 0.06056385903
643 -75.94413419 0.05937451677
644 -76.29158325 0.05825548928
645 -76.62373631 0.05720350312
