0 -69.7420792 0.0828671216
1 -70.29916892 0.08046352801
2 -70.84328504 0.07817549336
3 -71.3738192 0.07600012216
4 -71.89019638 0.07393443168
5 -72.3918811 0.07197534927
6 -72.87840834 0.07011964067
7 -73.34933535 0.06836408023
8 -73.80428851 0.06670535571
9 -74.24295449 0.06514009586
10 -74.66507387 0.06366491695
11 -75.07035987 0.06227666191
12 -75.45778985 0.06097431447
13 -75.81992773 0.05977400856
14 -76.09857517 0.05882467684
15 -75.84075753 0.05931030796
16 -71.54776916 0.07148429833
17 -37.45877351 0.2610083214
18 33.62049638 0.9965115068
19 37.28977027 0.9999251426
20 35.80079571 0.9999064133
21 32.89227158 0.9998424312
22 29.1264055 0.9996873617
23 24.93488598 0.9993295265
24 20.65822551 0.9985495112
25 16.52026198 0.996976707
26 12.6528117 0.9940897659
27 9.127634563 0.9893112147
28 5.977036513 0.9821981727
29 3.204696553 0.9726377236
30 0.7927979555 0.9609160766
31 -1.291014141 0.9476164246
32 -3.086625704 0.9334259538
33 -4.635557599 0.9189672499
34 -5.97698618 0.9047114929
35 -7.145665148 0.890965349
36 -8.171248413 0.8778978982
37 -9.078443301 0.8655790785
38 -9.887558141 0.8540145688
39 -10.61517532 0.843172152
40 -11.27480909 0.8329996729
41 -11.87748738 0.8234364215
42 -12.43223988 0.8144199255
43 -12.9464958 0.8058897446
44 -13.42640265 0.7977893969
45 -13.87707952 0.7900671663
46 -14.30281766 0.7826762676
47 -14.70723923 0.7755746616
48 -15.0934232 0.768724695
49 -15.46400553 0.7620926704
50 -15.82125925 0.7556484011
51 -16.16715881 0.7493647843
52 -16.50343201 0.7432174063
53 -16.83160227 0.7371841863
54 -17.15302311 0.7312450595
55 -17.46890656 0.7253816979
56 -17.78034668 0.7195772653
57 -18.0883391 0.7138162028
58 -18.3937975 0.7080840426
59 -18.69756739 0.7023672442
60 -19.00043798 0.6966530527
61 -19.30315217 0.6909293746
62 -19.60641526 0.6851846694
63 -19.91090243 0.6794078557
64 -20.21726529 0.6735882294
65 -20.52613759 0.6677153931
66 -20.83814026 0.661779196
67 -21.15388581 0.6557696831
68 -21.47398222 0.6496770536
69 -21.79903638 0.6434916284
70 -22.12965705 0.6372038263
71 -22.46645739 0.6308041494
72 -22.8100571 0.6242831784
73 -23.16108408 0.6176315777
74 -23.52017573 0.6108401117
75 -23.88797963 0.603899673
76 -24.26515379 0.5968013231
77 -24.65236622 0.5895363476
78 -25.05029393 0.5820963265
79 -25.45962111 0.5744732202
80 -25.88103646 0.5666594726
81 -26.31522976 0.558648133
82 -26.76288722 0.550432994
83 -27.22468597 0.5420087489
84 -27.70128731 0.5333711642
85 -28.19332877 0.5245172675
86 -28.70141512 0.5154455456
87 -29.22610814 0.5061561506
88 -29.76791545 0.4966511059
89 -30.32727844 0.4869345063
90 -30.90455967 0.4770127026
91 -31.50002992 0.4668944608
92 -32.11385544 0.4565910866
93 -32.74608581 0.4461165011
94 -33.39664296 0.4354872607
95 -34.065312 0.4247225091
96 -34.75173437 0.4138438554
97 -35.45540388 0.4028751745
98 -36.17566624 0.3918423283
99 -36.91172221 0.3807728135
100 -37.66263483 0.369695343
101 -38.4273405 0.3586393761
102 -39.20466387 0.3476346127
103 -39.99333606 0.3367104719
104 -40.79201558 0.3258955766
105 -41.59931124 0.3152172647
106 -42.41380614 0.3047011465
107 -43.23408185 0.294370724
108 -44.05874184 0.2842470861
109 -44.88643337 0.2743486858
110 -45.71586707 0.2646912035
111 -46.54583371 0.255287493
112 -47.37521765 0.2461476074
113 -48.20300691 0.2372788928
114 -49.02829957 0.2286861412
115 -49.85030673 0.2203717893
116 -50.66835224 0.2123361514
117 -51.48186925 0.2045776744
118 -52.29039416 0.1970932037
119 -53.09355812 0.189878251
120 -53.89107662 0.1829272561
121 -54.68273735 0.1762338359
122 -55.4683869 0.1697910159
123 -56.24791645 0.1635914414
124 -57.02124706 0.1576275647
125 -57.78831459 0.1518918075
126 -58.54905495 0.146376698
127 -59.30338979 0.1410749817
128 -60.05121314 0.1359797073
129 -60.79237932 0.1310842873
130 -61.52669252 0.1263825356
131 -62.25389831 0.1218686831
132 -62.97367756 0.1175373733
133 -63.68564275 0.1133836413
134 -64.38933713 0.1094028774
135 -65.08423654 0.1055907799
136 -65.76975402 0.1019432996
137 -66.44524696 0.09845658007
138 -67.11002656 0.09512689656
139 -67.7633692 0.09195059657
140 -68.40452928 0.0889240456
141 -69.03275306 0.08604357953
142 -69.64729283 0.08330546578
143 -70.24742107 0.08070587404
144 -70.8324439 0.07824085701
145 -71.40171354 0.07590634099
146 -71.95463929 0.07369812558
147 -72.49069685 0.07161189137
148 -73.00943574 0.06964321444
149 -73.51048477 0.06778758599
150 -73.99355551 0.06604043571
151 -74.4584439 0.06439715749
152 -74.90503006 0.06285313596
153 -75.33327656 0.06140377302
154 -75.74322534 0.06004451318
155 -76.13499339 0.05877086715
156 -76.50876768 0.05757843309
157 -76.86479925 0.05646291529
158 -77.20339699 0.05542013996
159 -77.52492106 0.05444606831
160 -77.82977623 0.05353680677
161 -78.11840531 0.05268861472
162 -78.39128275 0.05189790973
163 -78.64890847 0.05116127069
164 -78.89180211 0.05047543907
165 -79.12049764 0.04983731844
166 -79.33553846 0.04924397271
167 -79.53747287 0.04869262311
168 -79.72685011 0.04818064432
169 -79.90421683 0.0477055598
170 -80.07011397 0.04726503657
171 -80.22507412 0.04685687961
172 -80.36961924 0.04647902593
173 -80.50425881 0.04612953853
174 -80.62948829 0.04580660023
175 -80.74578787 0.04550850757
176 -80.85362157 0.04523366473
177 -80.95343653 0.04498057758
178 -81.04566254 0.04474784794
179 -81.13071182 0.04453416793
180 -81.20897884 0.04433831459
181 -81.28084045 0.04415914479
182 -81.34665598 0.0439955902
183 -81.40676756 0.04384665269
184 -81.46150045 0.04371139982
185 -81.51116345 0.04358896068
186 -81.55604943 0.04347852189
187 -81.59643579 0.04337932386
188 -81.63258505 0.04329065724
189 -81.6647454 0.04321185965
190 -81.6931513 0.04314231254
191 -81.71799872 0.04308149137
192 -81.73950002 0.04302885778
193 -81.75783857 0.04298393469
194 -81.77318103 0.0429462952
195 -81.78567688 0.04291555841
196 -81.79548317 0.04289133738
197 -81.80271103 0.04287334109
198 -81.80747025 0.04286130007
199 -81.80985781 0.04285497378
200 -81.80995291 0.04285416396
201 -81.8077493 0.04285884569
202 -81.80247132 0.04287051355
203 -81.78623919 0.04290471207
204 -81.68702281 0.04310442029
205 -80.85913125 0.0447823183
206 -73.57070505 0.06213874639
207 -13.46532582 0.485327751
208 37.97787819 0.9996739693
209 38.30985698 0.9999400197
210 36.72053167 0.9999210952
211 34.11100228 0.9998736399
212 30.73495948 0.9997659541
213 26.93222362 0.9995306978
214 23.00420116 0.9990409771
215 19.1564535 0.9980847904
216 15.51191955 0.9963549461
217 12.13992975 0.9934784942
218 9.076987678 0.989100095
219 6.337427884 0.9829991364
220 3.918552333 0.9751828437
221 1.804297227 0.9658995609
222 -0.03081247565 0.9555663708
223 -1.617471608 0.9446569358
224 -2.987882146 0.933604571
225 -4.173049998 0.9227484047
226 -5.201187088 0.9123205165
227 -6.097013805 0.9024582227
228 -6.88166285 0.893226145
229 -7.572920729 0.884638504
230 -8.185621168 0.8766774663
231 -8.732077976 0.8693066387
232 -9.222497814 0.8624802797
233 -9.665346466 0.8561492335
234 -10.06766088 0.850264546
235 -10.43530862 0.844779527
236 -10.77320061 0.839650813
237 -11.08546402 0.834838807
238 -11.37558244 0.8303077477
239 -11.64650912 0.8260255664
240 -11.90075875 0.8219636345
241 -12.14048186 0.818096461
242 -12.3675254 0.8144013792
243 -12.58348208 0.8108582403
244 -12.78973098 0.8074491283
245 -12.9874708 0.8041580981
246 -13.17774746 0.8009709406
247 -13.36147696 0.7978749737
248 -13.5394644 0.7948588565
249 -13.71242001 0.7919124268
250 -13.88097248 0.7890265571
251 -14.04568034 0.7861930299
252 -14.20704152 0.7834044265
253 -14.3655015 0.7806540312
254 -14.52146033 0.7779357464
255 -14.67527853 0.775244018
256 -14.82728229 0.7725737702
257 -14.97776783 0.7699203479
258 -15.12700532 0.7672794659
259 -15.27524217 0.7646471637
260 -15.42270596 0.762019766
261 -15.56960697 0.7593938473
262 -15.71614045 0.7567662
263 -15.86248858 0.7541338067
264 -16.00882225 0.7514938145
265 -16.15530258 0.7488435129
266 -16.30208232 0.7461803124
267 -16.44930713 0.7435017267
268 -16.59711668 0.7408053554
269 -16.74564568 0.7380888685
270 -16.89502481 0.7353499921
271 -17.04538159 0.7325864953
272 -17.19684113 0.7297961783
273 -17.34952694 0.7269768601
274 -17.50356153 0.7241263684
275 -17.65906713 0.7212425292
276 -17.81616627 0.7183231571
277 -17.9749824 0.7153660457
278 -18.13564043 0.7123689589
279 -18.29826731 0.7093296219
280 -18.4629926 0.7062457128
281 -18.62994897 0.7031148542
282 -18.79927273 0.6999346047
283 -18.97110445 0.6967024508
284 -19.14558942 0.6934157989
285 -19.32287825 0.6900719669
286 -19.50312739 0.6866681763
287 -19.68649976 0.6832015438
288 -19.87316531 0.6796690737
289 -20.06330158 0.6760676492
290 -20.25709441 0.6723940252
291 -20.45473848 0.6686448196
292 -20.65643805 0.6648165063
293 -20.86240756 0.6609054073
294 -21.07287235 0.6569076857
295 -21.28806937 0.6528193393
296 -21.50824788 0.6486361942
297 -21.73367014 0.6443538998
298 -21.96461216 0.6399679249
299 -22.20136442 0.6354735544
300 -22.44423251 0.6308658883
301 -22.69353784 0.6261398425
302 -22.94961823 0.621290152
303 -23.21282847 0.6163113774
304 -23.48354078 0.6111979138
305 -23.76214518 0.6059440055
306 -24.04904967 0.6005437642
307 -24.34468028 0.5949911934
308 -24.64948091 0.5892802198
309 -24.96391281 0.5834047312
310 -25.28845384 0.5773586236
311 -25.6235973 0.5711358574
312 -25.96985033 0.5647305246
313 -26.32773182 0.5581369263
314 -26.69776966 0.5513496634
315 -27.08049744 0.5443637392
316 -27.47645039 0.5371746757
317 -27.8861605 0.5297786419
318 -28.31015086 0.5221725957
319 -28.74892914 0.5143544349
320 -29.20298015 0.506323159
321 -29.67275764 0.4980790351
322 -30.15867521 0.4896237672
323 -30.66109667 0.4809606614
324 -31.1803258 0.472094783
325 -31.71659586 0.4630330962
326 -32.27005911 0.453784582
327 -32.84077661 0.4443603235
328 -33.42870881 0.4347735516
329 -34.0337072 0.4250396447
330 -34.65550755 0.4151760741
331 -35.29372511 0.4052022932
332 -35.94785228 0.3951395654
333 -36.61725883 0.385010734
334 -37.30119521 0.3748399366
335 -37.99879879 0.3646522708
336 -38.70910315 0.3544734216
337 -39.43105022 0.3443292636
338 -40.1635049 0.3342454511
339 -40.90527178 0.3242470117
340 -41.65511341 0.3143579598
341 -42.41176932 0.3046009422
342 -43.17397543 0.2949969292
343 -43.94048294 0.2855649597
344 -44.71007615 0.2763219477
345 -45.48158883 0.2672825513
346 -46.25391841 0.2584591062
347 -47.026038 0.2498616182
348 -47.79700578 0.2414978113
349 -48.56597179 0.2333732222
350 -49.33218214 0.2254913354
351 -50.09498064 0.2178537471
352 -50.85380812 0.2104603525
353 -51.60819961 0.2033095461
354 -52.35777952 0.1963984284
355 -53.10225522 0.1897230134
356 -53.84140918 0.1832784311
357 -54.57508987 0.1770591199
358 -55.30320175 0.1710590087
359 -56.02569454 0.1652716823
360 -56.74255192 0.1596905322
361 -57.45377991 0.1543088901
362 -58.15939522 0.1491201427
363 -58.85941366 0.1441178301
364 -59.5538389 0.1392957255
365 -60.24265179 0.1346478978
366 -60.92580056 0.1301687567
367 -61.60319199 0.1258530825
368 -62.274684 0.1216960393
369 -62.9400797 0.1176931745
370 -63.59912323 0.113840405
371 -64.2514975 0.1101339923
372 -64.89682396 0.1065705075
373 -65.53466443 0.1031467892
374 -66.16452498 0.09985989569
375 -66.78586176 0.09670705419
376 -67.39808852 0.0936856096
377 -68.00058572 0.09079297428
378 -68.59271071 0.08802658129
379 -69.1738088 0.08538384278
380 -69.74322473 0.08286211452
381 -70.30028788 0.0804587623
382 -70.84437626 0.0781709627
383 -71.37488159 0.07599581996
384 -71.89122894 0.07393035115
385 -72.39288296 0.07197148338
386 -72.87937873 0.07011598221
387 -73.35027363 0.06836062179
388 -73.80519421 0.06670208976
389 -74.24382725 0.06513701475
390 -74.66591349 0.06366201296
391 -75.07116631 0.06227392728
392 -75.45856317 0.06097174139
393 -75.8206679 0.05977158923
394 -76.09927905 0.05882240673
395 -75.84138692 0.05930823685
396 -71.54793596 0.07148330432
397 -37.45501229 0.2610377546
398 33.62186402 0.9965132327
399 37.28997501 0.9999251463
400 35.80089134 0.9999064151
401 32.8923543 0.9998424336
402 29.12649652 0.9996873668
403 24.93499145 0.9993295391
404 20.6583461 0.9985495419
405 16.52039584 0.9969767765
406 12.65295577 0.9940899081
407 9.127785425 0.9893114748
408 5.977190989 0.9821985983
409 3.20485214 0.9726383524
410 0.7929530522 0.9609169279
411 -1.29086025 0.9476174991
412 -3.08647303 0.9334272397
413 -4.635405679 0.9189687305
414 -5.976834289 0.9047131517
415 -7.145512451 0.890967173
416 -8.171094065 0.8778998781
417 -9.078286497 0.8655812086
418 -9.887398143 0.8540168462
419 -10.61501146 0.843174576
420 -11.27464078 0.8330022442
421 -11.87731407 0.8234391418
422 -12.43206109 0.8144227974
423 -12.94631109 0.8058927712
424 -13.42621161 0.7977925816
425 -13.87688178 0.7900705128
426 -14.30261286 0.78267978
427 -14.70702702 0.7755783439
428 -15.09320325 0.7687285518
429 -15.46377749 0.7620967062
430 -15.8210228 0.7556526209
431 -16.16691361 0.7493691932
432 -16.50317772 0.7432220098
433 -16.83133853 0.73718899
434 -17.15274955 0.7312500695
435 -17.4686228 0.7253869206
436 -17.78005232 0.7195827073
437 -18.08803372 0.7138218714
438 -18.39348064 0.7080899452
439 -18.6972386 0.7023733889
440 -19.00009675 0.6966594479
441 -19.30279798 0.6909360292
442 -19.60604754 0.6851915928
443 -19.91052059 0.6794150578
444 -20.2168687 0.6735957206
445 -20.52572559 0.6677231845
446 -20.83771213 0.6617872992
447 -21.15344079 0.6557781101
448 -21.47351952 0.6496858172
449 -21.79855516 0.6435007417
450 -22.1291564 0.6372133031
451 -22.46593637 0.6308140039
452 -22.80951471 0.6242934253
453 -23.16051928 0.617642232
454 -23.51958741 0.6108511889
455 -23.88736663 0.6039111885
456 -24.26451491 0.5968132926
457 -24.65170021 0.5895487868
458 -25.04959951 0.5821092507
459 -25.45889692 0.5744866441
460 -25.88028116 0.5666734105
461 -26.31444195 0.5586625979
462 -26.76206551 0.5504479978
463 -27.22382896 0.5420243016
464 -27.70039362 0.5333872739
465 -28.19239706 0.5245339394
466 -28.7004441 0.5154627822
467 -29.22509661 0.5061739509
468 -29.76686229 0.496669465
469 -30.32618269 0.4869534147
470 -30.90342052 0.477032146
471 -31.49884674 0.4669144199
472 -32.11262782 0.4566115364
473 -32.74481359 0.4461374112
474 -33.39532625 0.4355085948
475 -34.0639512 0.4247442254
476 -34.75033017 0.4138659068
477 -35.45395731 0.4028975089
478 -36.17417862 0.3918648894
479 -36.91019518 0.3807955412
480 -37.66107032 0.3697181749
481 -38.42574069 0.3586622481
482 -39.20303121 0.34765746
483 -39.99167317 0.3367332304
484 -40.79032525 0.3259181838
485 -41.59759635 0.315239661
486 -42.41206963 0.3047232755
487 -43.23232667 0.2943925341
488 -44.05697087 0.2842685306
489 -44.88464941 0.2743697236
490 -45.71407279 0.2647117991
491 -46.54403161 0.255307617
492 -47.37341003 0.2461672361
493 -48.20119586 0.2372980083
494 -49.02648694 0.2287047306
495 -49.84849415 0.2203898449
496 -50.6665411 0.2123536698
497 -51.48006071 0.2045946561
498 -52.28858918 0.1971096525
499 -53.09175747 0.1898941734
500 -53.8892809 0.182942661
501 -54.68094703 0.1762487336
502 -55.46660233 0.1698054182
503 -56.24613792 0.1636053608
504 -57.01947481 0.157641014
505 -57.78654885 0.1519047996
506 -58.54729599 0.1463892455
507 -59.30163793 0.1410870968
508 -60.0494688 0.1359914015
509 -60.79064305 0.1310955714
510 -61.52496499 0.1263934195
511 -62.25218038 0.1218791757
512 -62.97197025 0.117547483
513 -63.68394726 0.1133933756
514 -64.38765486 0.1094122431
515 -65.08256905 0.1055997832
516 -65.76810304 0.1019519464
517 -66.44361436 0.09846487617
518 -67.10841432 0.09513484742
519 -67.7617794 0.09195820779
520 -68.40296406 0.08893132294
521 -69.03121455 0.08605052904
522 -69.64578317 0.08331209388
523 -70.24594233 0.08071218758
524 -70.83099807 0.0782468633
525 -71.40030248 0.07591204783
526 -71.95326472 0.07370354122
527 -72.48936032 0.07161702454
528 -73.00813861 0.06964807424
529 -73.5092282 0.06779218187
530 -73.99234044 0.06604477741
531 -74.45727105 0.06440125492
532 -74.90389994 0.06285699918
533 -75.33218949 0.06140741216
534 -75.74218139 0.06004793834
535 -76.13399249 0.05877408838
536 -76.50780953 0.05758146031
537 -76.86388341 0.05646575822
538 -77.20252287 0.05542280811
539 -77.52408793 0.05444857092
540 -77.82898323 0.05353915281
541 -78.1176515 0.05269081281
542 -78.39056709 0.05189996819
543 -78.64822985 0.05116319749
544 -78.89115936 0.05047724181
545 -79.11988956 0.04983900438
546 -79.33496379 0.04924554876
547 -79.53693036 0.04869409583
548 -79.72633849 0.04818201993
549 -79.90373482 0.04770684417
550 -80.06966031 0.04726623527
551 -80.22464755 0.04685799787
552 -80.36921853 0.0464800687
553 -80.50388276 0.04613051045
554 -80.62913571 0.04580750569
555 -80.74545763 0.04550935068
556 -80.85331255 0.04523444935
557 -80.95314765 0.04498130734
558 -81.04539278 0.04474852624
559 -81.13046017 0.04453479796
560 -81.20874435 0.04433889936
561 -81.2806222 0.04415968708
562 -81.3464531 0.04399609265
563 -81.40657922 0.04384711775
564 -81.46132584 0.04371182981
565 -81.51100182 0.04358935775
566 -81.55590006 0.04347888806
567 -81.59629799 0.04337966101
568 -81.63245816 0.04329096715
569 -81.66462882 0.04321214398
570 -81.69304445 0.04314257285
