0 -78.68607402 0.0510481126
1 -75.32050542 0.05988051747
2 -70.76194617 0.07583611778
3 -64.12067872 0.1048995564
4 -38.28662115 0.2631681894
5 39.60422303 0.998837669
6 38.25874926 0.9999401072
7 36.23190263 0.9999142575
8 33.07560087 0.9998484365
9 29.03509759 0.9996837023
10 24.56856878 0.9992868199
11 20.07641787 0.9983967025
12 15.80741616 0.9965846599
13 11.88775206 0.9932807471
14 8.371229915 0.9879101768
15 5.271383979 0.9801126418
16 2.576444953 0.9699214791
17 0.256940886 0.9577746406
18 -1.727919248 0.9443537159
19 -3.423854915 0.9303687645
20 -4.876143886 0.9164051312
21 -6.126133223 0.9028668562
22 -7.209616297 0.8899890053
23 -8.156540636 0.8778787358
24 -8.991454764 0.866558537
25 -9.734261032 0.8560006437
26 -10.40102233 0.8461508268
27 -11.0047016 0.8369434181
28 -11.55579021 0.8283101433
29 -12.06282028 0.8201849444
30 -12.53277286 0.8125063503
31 -12.97139915 0.8052184174
32 -13.38347187 0.7982708768
33 -13.77298177 0.7916188654
34 -14.1432915 0.7852224652
35 -14.49725645 0.7790461709
36 -14.83732031 0.7730583556
37 -15.16559093 0.7672307665
38 -15.48390094 0.7615380658
39 -15.79385669 0.7559574206
40 -16.09687777 0.7504681427
41 -16.39422943 0.7450513716
42 -16.68704918 0.7396897995
43 -16.97636888 0.7343674305
44 -17.26313316 0.729069371
45 -17.54821502 0.7237816462
46 -17.83242897 0.7184910397
47 -18.11654236 0.7131849524
48 -18.40128517 0.7078512779
49 -18.68735848 0.7024782925
50 -18.97544198 0.6970545579
51 -19.26620059 0.691568835
52 -19.56029039 0.6860100073
53 -19.85836395 0.6803670139
54 -20.16107515 0.674628791
55 -20.46908358 0.668784222
56 -20.78305844 0.662822096
57 -21.10368221 0.6567310754
58 -21.43165379 0.6504996738
59 -21.76769136 0.6441162437
60 -22.11253476 0.6375689771
61 -22.46694738 0.6308459198
62 -22.83171758 0.6239350011
63 -23.20765935 0.6168240826
64 -23.59561236 0.6095010266
65 -23.99644099 0.6019537887
66 -24.41103242 0.5941705366
67 -24.84029344 0.5861397981
68 -25.28514594 0.5778506407
69 -25.74652072 0.5692928849
70 -26.22534964 0.5604573527
71 -26.72255575 0.5513361503
72 -27.23904138 0.5419229844
73 -27.77567408 0.5322135063
74 -28.33327042 0.5222056791
75 -28.91257771 0.5119001558
76 -29.514254 0.5013006561
77 -30.13884657 0.4904143253
78 -30.78676974 0.4792520537
79 -31.45828254 0.4678287361
80 -32.15346735 0.4561634454
81 -32.87221045 0.4442794981
82 -33.61418588 0.4322043912
83 -34.3788436 0.4199695936
84 -35.1654033 0.4076101834
85 -35.97285467 0.3951643319
86 -36.79996487 0.3826726458
87 -37.64529357 0.3701773877
88 -38.50721523 0.357721609
89 -39.38394814 0.3453482341
90 -40.27358897 0.3330991403
91 -41.17415148 0.3210142806
92 -42.08360742 0.3091308908
93 -42.99992789 0.2974828182
94 -43.92112313 0.2860999982
95 -44.84527903 0.2750080938
96 -45.77058905 0.2642283027
97 -46.69538029 0.2537773245
98 -47.61813319 0.2436674721
99 -48.53749456 0.2339069059
100 -49.4522841 0.224499964
101 -50.36149462 0.2154475618
102 -51.26428687 0.2067476342
103 -52.15997941 0.1983955979
104 -53.04803461 0.1903848119
105 -53.92804141 0.1827070215
106 -54.79969572 0.1753527727
107 -55.66277931 0.1683117885
108 -56.51713768 0.1615733018
109 -57.36265785 0.1551263417
110 -58.19924638 0.1489599731
111 -59.02680849 0.1430634891
112 -59.8452286 0.1374265592
113 -60.65435296 0.132039335
114 -61.45397478 0.1268925175
115 -62.24382237 0.1219773889
116 -63.02355057 0.1172858149
117 -63.79273586 0.1128102194
118 -64.55087523 0.1085435397
119 -65.29738888 0.1044791648
120 -66.03162663 0.1006108639
121 -66.75287765 0.09693270893
122 -67.46038326 0.09343899665
123 -68.15335197 0.09012417472
124 -68.83097625 0.08698277478
125 -69.49245029 0.08400935578
126 -70.13698777 0.08119845922
127 -70.76383927 0.07854457728
128 -71.37230825 0.07604213375
129 -71.96176544 0.07368547714
130 -72.53166082 0.07146888461
131 -73.08153331 0.06938657494
132 -73.61101763 0.0674327286
133 -74.11984861 0.06560151287
134 -74.60786295 0.06388711002
135 -75.07499853 0.06228374679
136 -75.52129169 0.06078572372
137 -75.94687271 0.05938744297
138 -76.35195982 0.05808343383
139 -76.73685205 0.0568683752
140 -77.1019214 0.05573711475
141 -77.44760433 0.05468468445
142 -77.77439323 0.05370631276
143 -78.08282774 0.05279743326
144 -78.37348633 0.05195369029
145 -78.64697827 0.05117094174
146 -78.90393599 0.05044525935
147 -79.14500809 0.04977292695
148 -79.37085291 0.0491504368
149 -79.58213275 0.04857448461
150 -79.77950877 0.04804196332
151 -79.96363653 0.04754995603
152 -80.13516211 0.04709572826
153 -80.29471886 0.04667671984
154 -80.44292475 0.04629053641
155 -80.58038008 0.04593494097
156 -80.70766583 0.0456078453
157 -80.82534229 0.04530730154
158 -80.93394813 0.04503149394
159 -81.03399975 0.04477873088
160 -81.12599096 0.04454743709
161 -81.21039285 0.0443361463
162 -81.28765389 0.04414349413
163 -81.35820021 0.04396821137
164 -81.42243603 0.04380911761
165 -81.48074412 0.04366511522
166 -81.53348649 0.04353518369
167 -81.58100503 0.04341837429
168 -81.62362226 0.04331380506
169 -81.66164211 0.04322065616
170 -81.69535071 0.04313816547
171 -81.7250172 0.0430656245
172 -81.75089454 0.04300237462
173 -81.77322033 0.04294780344
174 -81.79221757 0.04290134157
175 -81.80809546 0.04286245953
176 -81.82105017 0.04283066484
177 -81.83126554 0.04280549947
178 -81.8389138 0.04278653726
179 -81.84415626 0.0427733817
180 -81.84714392 0.04276566382
181 -81.84801813 0.04276304016
182 -81.84691117 0.04276519099
183 -81.84394677 0.0427718186
184 -81.83924071 0.04278264573
185 -81.83290125 0.04279741413
186 -81.82502965 0.04281588318
187 -81.8157206 0.04283782868
188 -81.80506263 0.04286304165
189 -81.79313853 0.04289132728
190 -81.78002569 0.04292250394
191 -81.7657965 0.04295640224
192 -81.75051861 0.04299286418
193 -81.73425527 0.04303174234
194 -81.71706565 0.0430728992
195 -81.69900504 0.04311620639
196 -81.68012515 0.04316154409
197 -81.66047434 0.04320880046
198 -81.64009783 0.04325787105
199 -81.61903788 0.04330865834
200 -81.59733405 0.04336107125
201 -81.5750233 0.04341502469
202 -81.55214023 0.0434704392
203 -81.52871718 0.04352724053
204 -81.50478439 0.0435853593
205 -81.48037016 0.04364473071
206 -77.89298132 0.05199160309
207 -73.20907878 0.06656670779
208 -66.70361497 0.09216404039
209 -42.9213021 0.2219843635
210 39.78907713 0.9985243546
211 38.74065488 0.9999448777
212 37.18272393 0.9999275464
213 34.61373523 0.9998849296
214 31.16494824 0.9997842546
215 27.2178595 0.9995557738
216 23.15007437 0.9990678717
217 19.21124847 0.9981052391
218 15.53195974 0.9963672356
219 12.17039069 0.9935055358
220 9.14753605 0.9892078223
221 6.464693695 0.9833037545
222 4.110372289 0.9758408055
223 2.063384211 0.9670846002
224 0.2955652991 0.9574442667
225 -1.225113375 0.9473669468
226 -2.531519561 0.9372506488
227 -3.655008764 0.9273986365
228 -4.623980052 0.9180115272
229 -5.463240637 0.9092015924
230 -6.193937977 0.9010149317
231 -6.833819295 0.893452919
232 -7.39763994 0.8864893886
233 -7.897609191 0.8800829969
234 -8.343813674 0.8741854761
235 -8.744591768 0.8687468188
236 -9.106851417 0.8637183366
237 -9.436333397 0.8590543238
238 -9.7378263 0.8547128416
239 -10.01534069 0.8506559686
240 -10.27224964 0.8468497438
241 -10.51140212 0.8432639413
242 -10.73521445 0.8398717659
243 -10.94574438 0.8366495184
244 -11.14475123 0.8335762635
245 -11.3337449 0.8306335136
246 -11.51402601 0.8278049388
247 -11.68671886 0.8250761044
248 -11.85279868 0.8224342369
249 -12.01311424 0.8198680174
250 -12.16840665 0.8173673993
251 -12.3193251 0.8149234489
252 -12.46644007 0.8125282056
253 -12.61025445 0.8101745605
254 -12.751213 0.8078561495
255 -12.88971031 0.8055672607
256 -13.02609763 0.8033027532
257 -13.16068868 0.801057986
258 -13.29376467 0.7988287561
259 -13.42557855 0.7966112441
260 -13.55635878 0.7944019661
261 -13.68631246 0.7921977323
262 -13.81562816 0.7899956095
263 -13.94447836 0.787792889
264 -14.0730215 0.7855870569
265 -14.20140389 0.7833757693
266 -14.32976135 0.7811568292
267 -14.45822058 0.7789281657
268 -14.5869005 0.7766878167
269 -14.71591337 0.7744339117
270 -14.84536576 0.7721646575
271 -14.9753595 0.7698783243
272 -15.1059925 0.7675732343
273 -15.23735945 0.7652477496
274 -15.36955253 0.7629002625
275 -15.50266203 0.7605291857
276 -15.63677689 0.7581329433
277 -15.77198528 0.7557099624
278 -15.90837508 0.7532586655
279 -16.04603433 0.7507774622
280 -16.18505175 0.7482647425
281 -16.32551708 0.7457188692
282 -16.4675216 0.7431381712
283 -16.61115849 0.7405209365
284 -16.75652325 0.7378654056
285 -16.9037141 0.7351697642
286 -17.05283245 0.7324321368
287 -17.20398324 0.7296505794
288 -17.3572754 0.7268230726
289 -17.5128223 0.7239475142
290 -17.67074219 0.721021712
291 -17.83115864 0.7180433758
292 -17.99420106 0.7150101097
293 -18.16000521 0.711919404
294 -18.32871368 0.7087686265
295 -18.5004765 0.7055550139
296 -18.6754517 0.7022756628
297 -18.85380591 0.6989275202
298 -19.03571504 0.6955073738
299 -19.22136493 0.6920118424
300 -19.41095206 0.6884373654
301 -19.60468433 0.6847801927
302 -19.8027818 0.6810363739
303 -20.00547756 0.6772017485
304 -20.21301855 0.6732719346
305 -20.42566646 0.6692423197
306 -20.64369862 0.6651080502
307 -20.86740899 0.660864023
308 -21.09710908 0.656504877
309 -21.33312892 0.652024987
310 -21.57581802 0.6474184577
311 -21.82554631 0.6426791221
312 -22.08270506 0.6378005407
313 -22.34770768 0.6327760057
314 -22.62099052 0.6275985488
315 -22.90301342 0.6222609546
316 -23.19426024 0.6167557798
317 -23.49523905 0.6110753811
318 -23.80648212 0.6052119508
319 -24.12854548 0.5991575632
320 -24.46200823 0.5929042328
321 -24.80747112 0.5864439863
322 -25.16555475 0.5797689488
323 -25.53689696 0.5728714479
324 -25.9221494 0.5657441347
325 -26.32197327 0.5583801246
326 -26.73703399 0.5507731582
327 -27.16799476 0.5429177814
328 -27.6155089 0.5348095458
329 -28.08021099 0.5264452257
330 -28.56270666 0.5178230501
331 -29.06356116 0.5089429445
332 -29.58328677 0.4998067762
333 -30.12232919 0.4904185961
334 -30.68105315 0.4807848656
335 -31.25972764 0.4709146596
336 -31.85851118 0.4608198314
337 -32.47743756 0.4505151275
338 -33.1164028 0.4400182396
339 -33.77515394 0.4293497808
340 -34.45328029 0.418533179
341 -35.15020786 0.4075944786
342 -35.86519763 0.3965620512
343 -36.59734789 0.3854662164
344 -37.34560126 0.3743387837
345 -38.10875619 0.3632125277
346 -38.8854829 0.3521206171
347 -39.67434336 0.3410960198
348 -40.47381457 0.3301709082
349 -41.2823143 0.3193760915
350 -42.09822833 0.3087404974
351 -42.91993811 0.2982907229
352 -43.74584773 0.2880506722
353 -44.57440923 0.2780412885
354 -45.40414536 0.2682803868
355 -46.2336692 0.2587825833
356 -47.06170007 0.2495593176
357 -47.88707548 0.2406189544
358 -48.70875911 0.231966955
359 -49.52584495 0.2236060997
360 -50.33755773 0.2155367509
361 -51.14325016 0.2077571394
362 -51.94239724 0.2002636623
363 -52.73458815 0.1930511823
364 -53.51951621 0.1861133179
365 -54.29696725 0.1794427192
366 -55.06680674 0.1730313233
367 -55.82896623 0.1668705862
368 -56.5834292 0.1609516893
369 -57.3302167 0.1552657203
370 -58.06937313 0.1498038267
371 -58.80095223 0.1445573449
372 -59.52500371 0.1395179038
373 -60.24156058 0.1346775052
374 -60.9506276 0.1300285824
375 -61.65217095 0.1255640375
376 -62.3461094 0.1212772611
377 -63.03230725 0.117162134
378 -63.71056915 0.1132130138
379 -64.38063701 0.1094247091
380 -65.04218913 0.1057924417
381 -65.69484154 0.1023118015
382 -66.33815157 0.09897869429
383 -66.97162351 0.09578928647
384 -67.59471619 0.09273994824
385 -68.20685222 0.08982719819
386 -68.80742854 0.08704765099
387 -69.39582791 0.08439797008
388 -69.97143091 0.08187482679
389 -70.53362803 0.07947486677
390 -71.08183152 0.07719468444
391 -71.61548642 0.07503080537
392 -72.13408073 0.07297967649
393 -72.63715416 0.07103766345
394 -73.1243055 0.06920105424
395 -73.59519831 0.06746606821
396 -74.04956509 0.06582886919
397 -74.48720967 0.06428558178
398 -74.90800814 0.06283230957
399 -75.31190832 0.06146515444
400 -75.69892794 0.06018023603
401 -76.06915174 0.05897371062
402 -76.4227276 0.05784178896
403 -76.75986201 0.05678075256
404 -77.08081495 0.05578696814
405 -77.38589445 0.05485690018
406 -77.67545096 0.05398712136
407 -77.94987158 0.05317432103
408 -78.20957446 0.05241531166
409 -78.45500334 0.05170703361
410 -78.68662226 0.05104655805
411 -75.3210269 0.0598788206
412 -70.76246569 0.07583404641
413 -64.12126927 0.1048965142
414 -38.28798094 0.2631560327
415 39.60425584 0.9988375578
416 38.25883412 0.9999401081
417 36.23205828 0.9999142599
418 33.07582716 0.9998484427
419 29.03537471 0.9996837182
420 24.56887245 0.9992868589
421 20.07672982 0.9983967913
422 15.80772531 0.996584843
423 11.88805207 0.993281086
424 8.371517129 0.9879107387
425 5.271656487 0.9801134807
426 2.576702295 0.9699226199
427 0.257183877 0.9577760762
428 -1.727688824 0.9443554177
429 -3.423634704 0.9303706967
430 -4.875931336 0.9164072618
431 -6.125925853 0.9028691615
432 -7.209411845 0.8899914709
433 -8.156337119 0.8778813544
434 -8.991250484 0.8665613065
435 -9.734054548 0.8560035656
436 -10.40081242 0.8461539046
437 -11.00448724 0.8369466566
438 -11.55557052 0.8283135479
439 -12.0625945 0.820188521
440 -12.53254031 0.8125101047
441 -12.97115924 0.8052223557
442 -13.38322406 0.7982750051
443 -13.77272556 0.79162319
444 -14.14302641 0.7852269922
445 -14.49698203 0.7790509069
446 -14.83703612 0.7730633073
447 -15.1652965 0.767235941
448 -15.48359585 0.7615434702
449 -15.79354046 0.7559630628
450 -16.09654993 0.7504740306
451 -16.39388949 0.7450575138
452 -16.68669663 0.7396962052
453 -16.97600316 0.7343741094
454 -17.26275371 0.7290763334
455 -17.54782121 0.7237889031
456 -17.83202015 0.7184986029
457 -18.11611784 0.7131928345
458 -18.4008442 0.7078594922
459 -18.68690026 0.7024868534
460 -18.97496565 0.6970634808
461 -19.26570523 0.6915781361
462 -19.55977502 0.686019704
463 -19.85782752 0.6803771247
464 -20.16051653 0.6746393355
465 -20.46850155 0.668795221
466 -20.78245171 0.6628335715
467 -21.10304938 0.6567430508
468 -21.43099339 0.6505121734
469 -21.76700181 0.6441292933
470 -22.11181437 0.6375826035
471 -22.46619438 0.6308601508
472 -22.83093006 0.6239498657
473 -23.20683533 0.6168396103
474 -23.59474972 0.6095172475
475 -23.99553754 0.6019707333
476 -24.41008586 0.5941882353
477 -24.8393014 0.5861582807
478 -25.28410595 0.577869936
479 -25.74543029 0.5693130201
480 -26.22420623 0.5604783525
481 -26.72135682 0.5513580363
482 -27.23778443 0.5419457739
483 -27.77435668 0.5322372119
484 -28.33189025 0.522230307
485 -28.91113264 0.5119257049
486 -29.51274209 0.5013271171
487 -30.1372662 0.4904416795
488 -30.78511964 0.4792802723
489 -31.45656184 0.4678577791
490 -32.15167565 0.4561932614
491 -32.8703479 0.444310024
492 -33.61225319 0.4322355525
493 -34.3768421 0.4200013047
494 -35.16333493 0.4076423488
495 -35.97072199 0.3951968478
496 -36.79777106 0.3827054014
497 -37.64304236 0.3702102679
498 -38.50491086 0.3577544964
499 -39.38159525 0.3453810115
500 -40.27119255 0.3331316935
501 -41.17171672 0.3210465004
502 -42.08113964 0.3091626752
503 -42.99743239 0.2975140742
504 -43.91860511 0.2861306431
505 -44.8427435 0.2750380564
506 -45.76804072 0.2642575233
507 -46.69282351 0.2538057554
508 -47.61557191 0.243695077
509 -48.53493232 0.2339336595
510 -49.44972394 0.2245258509
511 -50.35893917 0.2154725754
512 -51.2617383 0.206771776
513 -52.15743951 0.1984188757
514 -53.04550479 0.1904072389
515 -53.92552276 0.1827286151
516 -54.7971891 0.1753735535
517 -55.66028536 0.168331779
518 -56.51465693 0.1615925258
519 -57.36019074 0.1551448236
520 -58.19679336 0.1489777371
521 -59.02437006 0.1430805588
522 -59.84280537 0.1374429572
523 -60.65194572 0.1320550825
524 -61.45158451 0.1269076342
525 -62.24145031 0.1219918934
526 -63.0211982 0.1172997239
527 -63.79040494 0.1128235485
528 -64.54856781 0.1085563032
529 -65.29510725 0.1044913762
530 -66.02937331 0.1006225356
531 -66.75065539 0.09694385299
532 -67.45819495 0.09344962484
533 -68.15120061 0.09013429873
534 -68.82886489 0.08699240642
535 -69.49038196 0.08401850718
536 -70.13496545 0.08120714293
537 -70.76186579 0.07855280633
538 -71.37038629 0.07604992174
539 -71.95989743 0.0736928382
540 -72.52984895 0.07147583338
541 -73.07977945 0.06939312653
542 -73.60932335 0.0674388985
543 -74.11821515 0.06560731682
544 -74.6062912 0.06389256394
545 -75.07348904 0.06228886669
546 -75.5198447 0.06079052555
547 -75.94548814 0.05939194256
548 -76.35063729 0.05808764675
549 -76.73559093 0.05687231673
550 -77.10072077 0.05574079976
551 -77.4464631 0.05468812739
552 -77.77331008 0.05370952757
553 -78.08180119 0.05280043335
554 -78.37251479 0.05195648851
555 -78.64606 0.05117355038
556 -78.90306918 0.05044769011
557 -79.14419086 0.04977519092
558 -79.37008334 0.04915254452
559 -79.58140889 0.04857644603
560 -79.77882867 0.04804378783
561 -79.96299822 0.04755165248
562 -80.13456365 0.04709730497
563 -80.29415836 0.04667818461
564 -80.44240032 0.04629189659
565 -80.57988991 0.04593620344
566 -80.70720815 0.04560901648
567 -80.82491539 0.04530838746
568 -80.93355034 0.04503250023
569 -81.03362949 0.04477966279
570 -81.1256467 0.04454829954
571 -81.21007312 0.04433694387
572 -81.2873573 0.04414423109
573 -81.35792544 0.04396889171
574 -81.42218181 0.04380974506
575 -81.48050925 0.04366569325
576 -81.53326983 0.04353571553
577 -81.5808055 0.04341886295
578 -81.62343884 0.04331425335
579 -81.66147384 0.0432210667
580 -81.69519668 0.0431385407
581 -81.72487655 0.0430659667
582 -81.75076647 0.0430026859
583 -81.77310406 0.04294808579
584 -81.79211239 0.04290159682
585 -81.80800071 0.0428626894
586 -81.82096521 0.04283087094
587 -81.83118977 0.04280568327
588 -81.83884667 0.04278670017
589 -81.84409724 0.04277352502
590 -81.84709252 0.04276578875
591 -81.84797389 0.04276314784
592 -81.84687365 0.04276528247
593 -81.84391558 0.04277189486
594 -81.83921546 0.0427827077
595 -81.83288158 0.04279746266
596 -81.82501523 0.04281591908
597 -81.8157111 0.04283785269
598 -81.80505777 0.04286305447
599 -81.79313803 0.04289132958
600 -81.7800293 0.04292249632
601 -81.76580397 0.04295638527
602 -81.75052971 0.04299283839
603 -81.7342698 0.04303170824
604 -81.7170834 0.04307285726
605 -81.69902583 0.04311615704
606 -81.6801488 0.04316148775
607 -81.66050069 0.0432087375
608 -81.64012671 0.04325780184
609 -81.61906917 0.04330858322
610 -81.59736759 0.04336099052
611 -81.57505898 0.04341493866
612 -81.55217793 0.04347034814
613 -81.52875678 0.04352714469
614 -81.50482579 0.04358525894
615 -81.48041326 0.04364462605
