0 -55.87806482 0.1664514733
1 -56.60539248 0.1607565978
2 -57.32725909 0.1552653606
3 -58.04366215 0.1499712165
4 -58.75460574 0.1448676998
5 -59.46008856 0.1399485178
6 -60.16009245 0.1352076271
7 -60.85457145 0.1306392924
8 -61.54344172 0.1262381284
9 -62.22657261 0.1219991253
10 -62.90377917 0.1179176587
11 -63.57481628 0.1139894853
12 -64.23937465 0.1102107256
13 -64.89707899 0.106577835
14 -65.54748827 0.1030875657
15 -66.1900983 0.09973692079
16 -66.82434655 0.09652310358
17 -67.44961902 0.09344346421
18 -68.06525907 0.09049544593
19 -68.67057785 0.08767653327
20 -69.26486593 0.08498420442
21 -69.84740581 0.08241588921
22 -70.41748482 0.07996893415
23 -70.97440793 0.0776405755
24 -71.51751013 0.07542792049
25 -72.04616787 0.07332793696
26 -72.55980935 0.07133745073
27 -73.05792334 0.06945315018
28 -73.5400663 0.06767159677
29 -74.00586782 0.06598924066
30 -74.45503426 0.06440244002
31 -74.88735061 0.06290748287
32 -75.30268082 0.06150061046
33 -75.70096651 0.06017804102
34 -76.0822245 0.0589359931
35 -76.44654308 0.05777070786
36 -76.79407756 0.05667846971
37 -77.12504492 0.05565562497
38 -77.43971814 0.05469859823
39 -77.73842012 0.05380390648
40 -78.02151749 0.05296817074
41 -78.28941441 0.05218812555
42 -78.54254651 0.05146062616
43 -78.78137505 0.05078265381
44 -79.00638137 0.0501513191
45 -79.21806173 0.04956386384
46 -79.4169225 0.04901766144
47 -79.60347589 0.04851021614
48 -79.77823595 0.04803916112
49 -79.94171517 0.04760225595
50 -80.09442142 0.04719738321
51 -80.23685529 0.04682254464
52 -80.36950792 0.04647585694
53 -80.49285904 0.04615554721
54 -80.6073755 0.04585994819
55 -80.71351 0.04558749353
56 -80.81170015 0.04533671279
57 -80.90236777 0.0451062267
58 -80.98591835 0.04489474228
59 -81.06274076 0.04470104836
60 -81.13320645 0.04452401221
61 -81.19766429 0.04436258576
62 -81.25639573 0.04421589281
63 -81.30922579 0.04408401532
64 -81.35213895 0.04397484406
65 -81.3477599 0.04396382701
66 -80.96717334 0.04472313729
67 -77.33258842 0.05274928033
68 -45.98088596 0.1861544801
69 35.52736296 0.9953935775
70 38.45597846 0.9999402174
71 37.20872375 0.9999276278
72 34.80863275 0.9998887404
73 31.52697474 0.9997977941
74 27.70468099 0.9995932892
75 23.6779426 0.9991533141
76 19.69028132 0.9982638658
77 15.89172462 0.9965996573
78 12.36788284 0.9937467979
79 9.164317398 0.9892904919
80 6.29993153 0.9829516251
81 3.773583256 0.9747051444
82 1.568636559 0.9648068306
83 -0.3423172497 0.9537141114
84 -1.992543799 0.9419547373
85 -3.416879212 0.9300120675
86 -4.648676923 0.9182621206
87 -5.718064275 0.9069595726
88 -6.651235135 0.8962530023
89 -7.470411329 0.8862108191
90 -8.19416287 0.8768467678
91 -8.837877038 0.868140461
92 -9.414254284 0.8600521789
93 -9.933769705 0.8525327789
94 -10.40507528 0.8455299533
95 -10.83533776 0.8389919636
96 -11.23051631 0.8328697152
97 -11.59558794 0.8271177835
98 -11.9347292 0.8216948021
99 -12.25146226 0.8165634778
100 -12.54877235 0.8116903989
101 -12.82920225 0.8070457408
102 -13.09492857 0.8026029308
103 -13.34782356 0.7983383067
104 -13.58950531 0.7942307895
105 -13.8213788 0.7902615816
106 -14.04466959 0.7864138913
107 -14.26045153 0.7826726883
108 -14.46966982 0.7790244856
109 -14.67316006 0.7754571479
110 -14.8716643 0.7719597232
111 -15.06584447 0.768522295
112 -15.25629369 0.7651358529
113 -15.44354592 0.7617921792
114 -15.62808412 0.7584837489
115 -15.81034727 0.7552036429
116 -15.99073639 0.7519454703
117 -16.1696197 0.7487033006
118 -16.34733719 0.7454716035
119 -16.5242045 0.7422451952
120 -16.70051641 0.7390191909
121 -16.87654982 0.7357889621
122 -17.0525665 0.7325500977
123 -17.22881543 0.72929837
124 -17.40553499 0.7260297029
125 -17.5829549 0.7227401429
126 -17.76129795 0.7194258331
127 -17.94078166 0.7160829885
128 -18.12161975 0.7127078734
129 -18.30402352 0.7092967804
130 -18.4882032 0.70584601
131 -18.67436915 0.702351852
132 -18.86273306 0.6988105675
133 -19.05350908 0.6952183711
134 -19.24691492 0.691571415
135 -19.44317296 0.6878657726
136 -19.64251129 0.6840974225
137 -19.84516477 0.6802622345
138 -20.05137607 0.6763559537
139 -20.26139672 0.6723741875
140 -20.47548818 0.6683123914
141 -20.69392284 0.6641658565
142 -20.91698511 0.6599296971
143 -21.14497242 0.6555988398
144 -21.37819626 0.6511680141
145 -21.61698321 0.6466317435
146 -21.86167589 0.6419843396
147 -22.11263389 0.6372198986
148 -22.37023463 0.6323323001
149 -22.63487416 0.6273152104
150 -22.90696774 0.6221620897
151 -23.18695038 0.6168662053
152 -23.47527709 0.6114206504
153 -23.77242287 0.6058183714
154 -24.07888247 0.6000522033
155 -24.39516968 0.5941149155
156 -24.72181617 0.5879992691
157 -25.05936988 0.5816980872
158 -25.40839268 0.5752043391
159 -25.76945741 0.5685112405
160 -26.14314407 0.5616123689
161 -26.53003519 0.5545017976
162 -26.93071027 0.5471742444
163 -27.34573917 0.5396252377
164 -27.77567461 0.5318512967
165 -28.22104359 0.5238501225
166 -28.68233796 0.5156207975
167 -29.16000415 0.5071639872
168 -29.65443225 0.4984821373
169 -30.16594473 0.4895796594
170 -30.694785 0.480463096
171 -31.24110629 0.471141255
172 -31.80496114 0.4616253048
173 -32.386292 0.451928821
174 -32.9849234 0.4420677749
175 -33.60055612 0.4320604606
176 -34.23276375 0.4219273534
177 -34.88099201 0.4116909024
178 -35.54456097 0.401375258
179 -36.22267051 0.3910059407
180 -36.91440862 0.3806094626
181 -37.61876283 0.3702129128
182 -38.33463404 0.3598435226
183 -39.06085265 0.349528226
184 -39.79619626 0.3392932318
185 -40.53940844 0.3291636244
186 -41.2892179 0.3191630035
187 -42.04435744 0.3093131777
188 -42.80358212 0.2996339164
189 -43.56568613 0.290142767
190 -44.32951782 0.2808549369
191 -45.09399271 0.27178324
192 -45.8581042 0.2629381019
193 -46.62093177 0.2543276182
194 -47.38164678 0.2459576586
195 -48.13951582 0.2378320076
196 -48.89390178 0.2299525333
197 -49.64426275 0.2223193767
198 -50.39014906 0.2149311532
199 -51.13119848 0.2077851594
200 -51.86713002 0.20087758
201 -52.59773639 0.1942036888
202 -53.32287542 0.1877580415
203 -54.0424606 0.1815346561
204 -54.75645095 0.1755271792
205 -55.46484051 0.1697290362
206 -56.16764743 0.1641335657
207 -56.86490316 0.1587341356
208 -57.55664162 0.1535242422
209 -58.24288888 0.1484975918
210 -58.92365328 0.1436481649
211 -59.5989164 0.1389702634
212 -60.26862502 0.1344585425
213 -60.93268427 0.1301080262
214 -61.59095217 0.1259141104
215 -62.24323573 0.1218725517
216 -62.8892887 0.1179794461
217 -63.52881101 0.1142311989
218 -64.16145 0.1106244859
219 -64.7868033 0.1071562114
220 -65.40442334 0.1038234613
221 -66.01382324 0.1006234568
222 -66.61448394 0.09755350831
223 -67.20586231 0.09461097215
224 -67.7873999 0.09179321185
225 -68.3585321 0.08909756439
226 -68.91869743 0.08652131282
227 -69.46734656 0.08406166526
228 -70.00395104 0.08171574062
229 -70.52801118 0.0794805607
230 -71.03906323 0.07735304825
231 -71.53668555 0.0753300303
232 -72.02050364 0.07340824599
233 -72.49019414 0.07158435806
234 -72.94548766 0.06985496706
235 -73.38617053 0.06821662746
236 -73.81208547 0.06666586486
237 -74.22313142 0.06519919367
238 -74.61926235 0.06381313447
239 -75.00048552 0.06250423077
240 -75.36685893 0.06126906465
241 -75.71848842 0.06010427104
242 -76.05552428 0.05900655052
243 -76.3781576 0.05797268037
244 -76.68661645 0.05699952406
245 -76.98116198 0.05608403897
246 -77.26208442 0.05522328264
247 -77.52969924 0.0544144174
248 -77.78434333 0.05365471374
249 -78.02637139 0.05294155232
250 -78.25615243 0.05227242501
251 -78.47406661 0.05164493482
252 -78.68050214 0.0510567951
253 -78.87585256 0.05050582795
254 -79.06051423 0.04998996213
255 -79.23488401 0.04950723043
256 -79.39935725 0.04905576665
257 -79.554326 0.04863380232
258 -79.70017741 0.04823966322
259 -79.83729235 0.04787176567
260 -79.9660443 0.04752861284
261 -80.08679831 0.0472087909
262 -80.19991022 0.04691096528
263 -80.30572589 0.046633877
264 -80.40458017 0.04637634022
265 -80.49679135 0.04613724939
266 -80.58261517 0.04591567162
267 -80.6618378 0.04571169359
268 -80.73015812 0.04553395554
269 -80.74706226 0.04546648991
270 -80.3510509 0.04626888895
271 -76.34792912 0.05542102501
272 -41.52411013 0.2173525292
273 36.12428327 0.9970259928
274 38.37829899 0.9999396999
275 37.04811035 0.9999255203
276 34.57548519 0.9998839319
277 31.24034452 0.9997869229
278 27.38974858 0.999569239
279 23.3547753 0.9991023773
280 19.37134253 0.9981624948
281 15.58377623 0.9964124638
282 12.07431477 0.9934284004
283 8.886667729 0.9887930429
284 6.038657586 0.9822364438
285 3.528416091 0.9737530788
286 1.338775305 0.963621919
287 -0.5580463562 0.9523194892
288 -2.195534423 0.9403842443
289 -3.608609959 0.9283019808
290 -4.830609101 0.9164455296
291 -5.89157609 0.9050637038
292 -6.817586845 0.8942986729
293 -7.630732455 0.8842130405
294 -8.349453113 0.8748157907
295 -8.989014643 0.8660828621
296 -9.562007763 0.8579718132
297 -10.07881046 0.8504315454
298 -10.54798986 0.8434083815
299 -10.97663901 0.8368496489
300 -11.37065336 0.8307056353
301 -11.73495482 0.8249305261
302 -12.07367232 0.8194827255
303 -12.39028679 0.8143248237
304 -12.68774767 0.8094233706
305 -12.96856659 0.8047485565
306 -13.23489302 0.8002738593
307 -13.48857539 0.79597569
308 -13.73121093 0.7918330578
309 -13.96418623 0.787827261
310 -14.18871056 0.7839416081
311 -14.40584335 0.7801611701
312 -14.6165169 0.7764725606
313 -14.82155532 0.7728637435
314 -15.02169028 0.7693238636
315 -15.21757432 0.7658430988
316 -15.40979204 0.7624125309
317 -15.59886955 0.7590240322
318 -15.78528257 0.7556701666
319 -15.96946333 0.7523441023
320 -16.15180644 0.7490395361
321 -16.33267406 0.7457506254
322 -16.5124003 0.7424719293
323 -16.69129503 0.7391983556
324 -16.86964732 0.7359251145
325 -17.04772833 0.7326476765
326 -17.22579396 0.7293617353
327 -17.40408715 0.7260631747
328 -17.58283997 0.7227480375
329 -17.76227544 0.719412499
330 -17.94260925 0.7160528416
331 -18.12405127 0.7126654322
332 -18.30680694 0.7092467011
333 -18.49107857 0.7057931226
334 -18.67706654 0.7023011974
335 -18.8649704 0.6987674355
336 -19.05498995 0.6951883403
337 -19.24732624 0.6915603946
338 -19.44218252 0.6878800456
339 -19.63976516 0.6841436928
340 -19.84028457 0.6803476745
341 -20.04395605 0.6764882567
342 -20.25100064 0.6725616216
343 -20.461646 0.6685638569
344 -20.67612717 0.6644909462
345 -20.89468748 0.6603387596
346 -21.11757927 0.6561030457
347 -21.34506475 0.6517794237
348 -21.57741675 0.6473633778
349 -21.81491951 0.6428502511
350 -22.05786941 0.6382352431
351 -22.30657572 0.6335134069
352 -22.56136121 0.6286796501
353 -22.82256287 0.6237287368
354 -23.0905324 0.6186552935
355 -23.3656367 0.6134538173
356 -23.64825826 0.6081186891
357 -23.93879541 0.6026441901
358 -24.23766236 0.5970245238
359 -24.54528912 0.5912538445
360 -24.86212115 0.5853262911
361 -25.18861875 0.5792360292
362 -25.5252561 0.572977301
363 -25.87251995 0.5665444843
364 -26.23090789 0.5599321606
365 -26.60092611 0.5531351949
366 -26.98308662 0.5461488244
367 -27.37790386 0.5389687601
368 -27.78589067 0.531591298
369 -28.20755355 0.5240134419
370 -28.64338713 0.5162330354
371 -29.09386799 0.5082489021
372 -29.5594476 0.5000609919
373 -30.04054459 0.4916705302
374 -30.53753638 0.4830801661
375 -31.05075024 0.4742941161
376 -31.58045391 0.4653182956
377 -32.12684605 0.4561604348
378 -32.69004675 0.4468301706
379 -33.27008834 0.4373391082
380 -33.86690691 0.4277008457
381 -34.48033485 0.4179309563
382 -35.11009485 0.4080469212
383 -35.75579568 0.3980680125
384 -36.41693016 0.3880151211
385 -37.09287551 0.3779105342
386 -37.78289649 0.3677776628
387 -38.48615121 0.3576407279
388 -39.2016998 0.3475244126
389 -39.92851569 0.3374534921
390 -40.66549931 0.3274524545
391 -41.41149372 0.3175451249
392 -42.1653018 0.3077543079
393 -42.92570434 0.2981014602
394 -43.69147846 0.2886064042
395 -44.46141569 0.2792870929
396 -45.23433922 0.2701594302
397 -46.00911966 0.2612371505
398 -46.78468902 0.2525317574
399 -47.56005237 0.2440525201
400 -48.33429722 0.2358065195
401 -49.10660025 0.2277987417
402 -49.87623149 0.2200322076
403 -50.64255608 0.2125081321
404 -51.40503356 0.2052261055
405 -52.16321506 0.1981842871
406 -52.91673854 0.1913796063
407 -53.66532229 0.1848079637
408 -54.4087569 0.1784644277
409 -55.14689616 0.1723434221
410 -55.87964673 0.1664389022
411 -56.60695726 0.1607445163
412 -57.32880676 0.1552537517
413 -58.04519279 0.1499600635
414 -58.75611941 0.1448569862
415 -59.46158532 0.1399382278
416 -60.16157232 0.1351977454
417 -60.85603437 0.1306298047
418 -61.54488756 0.1262290211
419 -62.22800115 0.1219903857
420 -62.90519007 0.1179092751
421 -63.57620908 0.1139814467
422 -64.24074877 0.1102030219
423 -64.89843372 0.1065704568
424 -65.54882277 0.1030805043
425 -66.19141162 0.09973016805
426 -66.82563763 0.09651665172
427 -67.45088673 0.09343730583
428 -68.06650221 0.09048957384
429 -68.67179517 0.08767094042
430 -69.26605615 0.08497888377
431 -69.84856768 0.08241083368
432 -70.41861709 0.07996413657
433 -70.97550943 0.07763602853
434 -71.51857975 0.07542361662
435 -72.04720462 0.07332386848
436 -72.56081234 0.07133360976
437 -73.05889182 0.06944952865
438 -73.54099965 0.06766818646
439 -74.00676558 0.06598603325
440 -74.45589611 0.0643994271
441 -74.88817641 0.06290465602
442 -75.30347056 0.06149796125
443 -75.70172035 0.06017556108
444 -76.08294271 0.05893367417
445 -76.4472261 0.05776854181
446 -76.79472591 0.05667644859
447 -77.12565926 0.05565374101
448 -77.44029921 0.05469684392
449 -77.73896875 0.05380227453
450 -78.02203459 0.05296665415
451 -78.28990094 0.05218671759
452 -78.54300348 0.0514593204
453 -78.7818035 0.05078144408
454 -79.00678237 0.05015019956
455 -79.21843637 0.04956282893
456 -79.41727189 0.04901670589
457 -79.60380111 0.04850933495
458 -79.77853809 0.04803834959
459 -79.94199532 0.04760150963
460 -80.09468063 0.04719669792
461 -80.2370946 0.04682191645
462 -80.36972833 0.04647528215
463 -80.49306153 0.04615502235
464 -80.60756102 0.04585947002
465 -80.71367946 0.04558705898
466 -80.81185444 0.04533631903
467 -80.90250771 0.04510587104
468 -80.98604477 0.04489442224
469 -81.06285443 0.04470076161
470 -81.1333081 0.04452375657
471 -81.1977546 0.04436235919
472 -81.25647536 0.04421569347
473 -81.30929514 0.04408384189
474 -81.35219666 0.04397469883
475 -81.34778917 0.04396374339
476 -80.96702163 0.04472342832
477 -77.33090745 0.05275324776
478 -45.96634124 0.1862482228
479 35.53037328 0.9954011436
480 38.45591035 0.9999402183
481 37.2083892 0.9999276235
482 34.80812072 0.9998887301
483 31.52634588 0.9997977708
484 27.70400599 0.9995932389
485 23.67727712 0.9991532116
486 19.68965985 0.998263672
487 15.89116549 0.9965993224
488 12.36739428 0.9937462729
489 9.163901483 0.9892897491
490 6.299586303 0.9829506765
491 3.773304021 0.9747040476
492 1.568416928 0.9648056757
493 -0.3424844093 0.9537129979
494 -1.992665584 0.9419537537
495 -3.416962162 0.9300112801
496 -4.648726761 0.9182615714
497 -5.718085836 0.9069592833
498 -6.651232412 0.89625298
499 -7.470387578 0.8862110613
500 -8.194120728 0.8768472664
501 -8.837818636 0.8681412052
502 -9.414181349 0.860053157
503 -9.933683636 0.852533979
504 -10.40497723 0.8455313643
505 -10.83522865 0.8389935754
506 -11.23039693 0.8328715185
507 -11.59545892 0.82711977
508 -11.93459108 0.8216969647
509 -12.25131549 0.81656581
510 -12.54861731 0.811692895
511 -12.82903926 0.8070483961
512 -13.0947579 0.802605741
513 -13.34764543 0.7983412682
514 -13.58931991 0.7942338992
515 -13.8211863 0.7902648368
516 -14.04447011 0.7864172898
517 -14.26024519 0.7826762284
518 -14.4694567 0.7790281658
519 -14.67294022 0.7754609671
520 -14.87143779 0.7719636807
521 -15.06561132 0.7685263904
522 -15.2560539 0.765140086
523 -15.4432995 0.76179655
524 -15.62783105 0.758488258
525 -15.81008752 0.7552082909
526 -15.9904699 0.7519502582
527 -16.16934641 0.7487082295
528 -16.34705703 0.7454766749
529 -16.52391738 0.7422504108
530 -16.70022221 0.7390245528
531 -16.87624843 0.7357944725
532 -17.05225778 0.7325557592
533 -17.22849923 0.7293041854
534 -17.40521115 0.7260356753
535 -17.58262323 0.7227462758
536 -17.76095825 0.7194321302
537 -17.9404337 0.7160894538
538 -18.12126329 0.7127145114
539 -18.30365831 0.7093035958
540 -18.48782896 0.7058530079
541 -18.67398558 0.702359038
542 -18.86233983 0.6988179473
543 -19.05310584 0.6952259512
544 -19.2465013 0.6915792022
545 -19.44274856 0.6878737739
546 -19.64207567 0.6841056457
547 -19.84471747 0.6802706877
548 -20.05091659 0.6763646457
549 -20.26092454 0.6723831276
550 -20.47500273 0.6683215894
551 -20.69342353 0.6641753227
552 -20.91647128 0.6599394426
553 -21.14444339 0.6556088764
554 -21.3776513 0.651178354
555 -21.61642154 0.6466423996
556 -21.86109668 0.6419953257
557 -22.11203627 0.6372312289
558 -22.36961767 0.6323439896
559 -22.63423686 0.6273272746
560 -22.90630908 0.622174545
561 -23.18626925 0.6168790684
562 -23.47457232 0.6114339387
563 -23.77169327 0.6058321027
564 -24.07812676 0.6000663957
565 -24.39438654 0.5941295873
566 -24.72100423 0.5880144387
567 -25.05852772 0.5817137728
568 -25.40751884 0.5752205586
569 -25.76855041 0.5685280108
570 -26.1422024 0.5616297064
571 -26.52905734 0.5545197169
572 -26.92969473 0.5471927586
573 -27.34468447 0.5396443577
574 -27.77457932 0.5318710306
575 -28.21990635 0.5238704752
576 -28.68115751 0.5156417702
577 -29.15877935 0.5071855768
578 -29.65316211 0.498504336
579 -30.16462844 0.489602454
580 -30.69342198 0.4804864678
581 -31.2396962 0.4711651791
582 -31.80350389 0.4616497503
583 -32.3847878 0.4519537507
584 -32.98337277 0.4420931454
585 -33.59895991 0.4320862223
586 -34.23112313 0.4219534515
587 -34.87930849 0.4117172771
588 -35.54283638 0.4014018451
589 -36.22090698 0.391032673
590 -36.91260857 0.3806362705
591 -37.61692892 0.3702397257
592 -38.33276915 0.3598702697
593 -39.05895982 0.3495548376
594 -39.79427867 0.3393196407
595 -40.53746932 0.3291897662
596 -41.2872605 0.3191888182
597 -42.042385 0.3093386099
598 -42.80159782 0.2996589163
599 -43.563693 0.2901672905
600 -44.32751877 0.2808789462
601 -45.09199045 0.2718067032
602 -45.85610124 0.2629609933
603 -46.61893039 0.2543499181
604 -47.37964902 0.2459793529
605 -48.13752347 0.2378530873
606 -48.89191639 0.2299729943
607 -49.64228562 0.2223392191
608 -50.38818126 0.214950381
609 -51.12924085 0.2078037797
610 -51.86518321 0.2008956026
611 -52.59580087 0.1942211256
612 -53.3209515 0.1877749063
613 -54.04054844 0.1815509638
614 -54.75455064 0.1755429454
615 -55.46295204 0.1697442772
