0 -79.07306053 0.0499615228
1 -75.68860204 0.0586935573
2 -71.12872764 0.07438622879
3 -64.53792661 0.1027692197
4 -39.26737459 0.2545442715
5 39.62603667 0.9987512595
6 38.317486 0.9999407058
7 36.33996455 0.9999158945
8 33.2330901 0.999852691
9 29.2281866 0.9996945937
10 24.78012122 0.9993135227
11 20.29352174 0.998457377
12 16.02226163 0.9967097067
13 12.09592401 0.9935121319
14 8.570224559 0.9882938598
15 5.459918436 0.9806856582
16 2.754239144 0.970700947
17 0.4245898706 0.9587557703
18 -1.569155758 0.9455167847
19 -3.272327881 0.9316890743
20 -4.730071909 0.9178604794
21 -5.983786524 0.9044409024
22 -7.069420013 0.8916715965
23 -8.017115985 0.8796647963
24 -8.851621648 0.8684466296
25 -9.593020774 0.8579917151
26 -10.2575325 0.848247281
27 -10.85824955 0.8391484952
28 -11.40576856 0.8306275323
29 -11.90870551 0.8226185578
30 -12.37410722 0.8150602046
31 -12.80777572 0.8078965803
32 -13.21452227 0.8010774533
33 -13.59836601 0.7945580089
34 -13.96268964 0.7882984002
35 -14.31036169 0.782263224
36 -14.64383312 0.7764209893
37 -14.96521411 0.7707436142
38 -15.27633533 0.7652059678
39 -15.57879731 0.7597854595
40 -15.87401048 0.7544616789
41 -16.16322774 0.7492160785
42 -16.44757134 0.7440316987
43 -16.72805504 0.7388929266
44 -17.0056027 0.7337852875
45 -17.2810638 0.7286952609
46 -17.55522667 0.7236101212
47 -17.82882977 0.7185177964
48 -18.1025714 0.7134067444
49 -18.37711812 0.708265843
50 -18.65311219 0.7030842925
51 -18.93117808 0.6978515293
52 -19.21192832 0.6925571483
53 -19.49596876 0.687190834
54 -19.78390329 0.6817423
55 -20.07633821 0.6762012346
56 -20.37388617 0.670557255
57 -20.67716979 0.6647998673
58 -20.98682498 0.6589184355
59 -21.30350396 0.6529021571
60 -21.62787792 0.6467400497
61 -21.96063938 0.6404209458
62 -22.30250412 0.633933501
63 -22.65421272 0.6272662147
64 -23.01653149 0.6204074663
65 -23.39025286 0.61334557
66 -23.776195 0.6060688489
67 -24.17520051 0.5985657331
68 -24.58813418 0.5908248831
69 -25.01587951 0.5828353415
70 -25.45933379 0.5745867163
71 -25.91940176 0.5660693957
72 -26.39698741 0.5572747974
73 -26.89298398 0.5481956493
74 -27.40826188 0.5388263028
75 -27.94365464 0.5291630705
76 -28.49994273 0.5192045841
77 -29.07783548 0.5089521605
78 -29.67795141 0.4984101638
79 -30.30079725 0.4875863449
80 -30.94674635 0.4764921418
81 -31.61601724 0.4651429151
82 -32.30865313 0.4535580996
83 -33.02450369 0.4417612472
84 -33.76320994 0.429779944
85 -34.52419369 0.4176455859
86 -35.30665235 0.4053930064
87 -36.10956024 0.3930599577
88 -36.93167679 0.3806864586
89 -37.77156202 0.3683140295
90 -38.62759893 0.3559848476
91 -39.49802232 0.3437408603
92 -40.38095269 0.3316228999
93 -41.27443399 0.3196698436
94 -42.17647335 0.3079178584
95 -43.08508098 0.2963997652
96 -43.99830849 0.2851445464
97 -44.91428397 0.2741770104
98 -45.83124246 0.2635176164
99 -46.74755088 0.2531824522
100 -47.6617268 0.2431833485
101 -48.57245075 0.2335281105
102 -49.47857234 0.2242208393
103 -50.37911046 0.2152623193
104 -51.2732481 0.2066504465
105 -52.1603227 0.1983806734
106 -53.0398126 0.1904464545
107 -53.9113205 0.182839674
108 -54.77455462 0.1755510464
109 -55.62930836 0.16857048
110 -56.47543903 0.1618873999
111 -57.31284631 0.1554910257
112 -58.1414511 0.1493706057
113 -58.96117513 0.143515605
114 -59.77192198 0.1379158522
115 -60.57356 0.1325616448
116 -61.36590754 0.1274438183
117 -62.14872088 0.1225537807
118 -62.92168545 0.1178835178
119 -63.68441028 0.1134255728
120 -64.43642621 0.1091730045
121 -65.17718767 0.1051193309
122 -65.90607808 0.1012584598
123 -66.62241853 0.09758461488
124 -67.3254795 0.09409225884
125 -68.0144949 0.09077602021
126 -68.68867795 0.08763062575
127 -69.34723818 0.08465084223
128 -69.98939872 0.08183142919
129 -70.61441334 0.07916710393
130 -71.22158243 0.07665251901
131 -71.81026739 0.07428225159
132 -72.37990312 0.07205080383
133 -72.93000806 0.06995261243
134 -73.46019178 0.0679820658
135 -73.97016002 0.06613352669
136 -74.45971721 0.06440135852
137 -74.92876659 0.06277995358
138 -75.37730834 0.06126376154
139 -75.80543573 0.05984731704
140 -76.21332986 0.05852526535
141 -76.60125317 0.05729238543
142 -76.96954202 0.05614360979
143 -77.31859875 0.05507404113
144 -77.64888338 0.05407896557
145 -77.96090529 0.05315386252
146 -78.25521493 0.05229441157
147 -78.53239588 0.05149649646
148 -78.79305734 0.05075620659
149 -79.03782706 0.05006983631
150 -79.2673449 0.04943388233
151 -79.48225697 0.04884503969
152 -79.68321042 0.04830019633
153 -79.87084881 0.04779642685
154 -80.04580818 0.04733098539
155 -80.20871357 0.04690129812
156 -80.36017624 0.04650495527
157 -80.50079127 0.04613970311
158 -80.63113568 0.0458034357
159 -80.75176698 0.04549418686
160 -80.86322209 0.04521012217
161 -80.96601656 0.04494953114
162 -81.06064411 0.04471081975
163 -81.14757644 0.0444925031
164 -81.22726318 0.04429319853
165 -81.3001321 0.04411161895
166 -81.36658944 0.04394656655
167 -81.42702035 0.04379692684
168 -81.48178945 0.04366166302
169 -81.53124145 0.04353981068
170 -81.57570184 0.0434304728
171 -81.61547764 0.04333281512
172 -81.65085812 0.04324606172
173 -81.68211561 0.04316949097
174 -81.70950627 0.04310243167
175 -81.73327086 0.04304425952
176 -81.75363555 0.04299439378
177 -81.77081263 0.04295229418
178 -81.78500131 0.04291745807
179 -81.79638839 0.04288941771
180 -81.80514899 0.04286773779
181 -81.81144719 0.04285201313
182 -81.8154367 0.04284186655
183 -81.81726149 0.04283694684
184 -81.81705632 0.04283692695
185 -81.81494735 0.04284150226
186 -81.81105265 0.04285038897
187 -81.80548269 0.04286332266
188 -81.79834085 0.04288005691
189 -81.78972382 0.04290036203
190 -81.77972208 0.04292402386
191 -81.76842023 0.04295084272
192 -81.75589742 0.04298063237
193 -81.74222768 0.04301321908
194 -81.72748025 0.04304844076
195 -81.71171988 0.04308614615
196 -81.69500715 0.04312619408
197 -81.67739871 0.04316845277
198 -81.65894754 0.04321279916
199 -81.63970321 0.04325911836
200 -81.61971209 0.04330730308
201 -81.59901754 0.04335725306
202 -81.57766013 0.0434088747
203 -81.55567781 0.04346208049
204 -81.5331061 0.04351678872
205 -81.5099782 0.04357292298
206 -81.48632519 0.04363041191
207 -81.46217614 0.04368918879
208 -81.43755826 0.04374919128
209 -81.41249699 0.04381036111
210 -81.38701615 0.04387264383
211 -77.79670111 0.05226503868
212 -73.1023166 0.06694133363
213 -66.56102122 0.09280731867
214 -42.2704658 0.226600598
215 39.79273279 0.9986333558
216 38.73848139 0.9999448684
217 37.18213886 0.9999275332
218 34.62264939 0.9998850913
219 31.19373866 0.9997853026
220 27.27447551 0.9995600901
221 23.23770857 0.9990818856
222 19.32899577 0.9981431123
223 15.67634334 0.9964546919
224 12.33660097 0.9936812718
225 9.33027698 0.9895197595
226 6.658807098 0.9837997874
227 4.311321954 0.9765576759
228 2.267574241 0.968040437
229 0.5004548535 0.9586379252
230 -1.021080594 0.9487829347
231 -2.329101072 0.9388660486
232 -3.454385443 0.9291890132
233 -4.424959438 0.9199546102
234 -5.265416596 0.9112789031
235 -5.996803561 0.9032120473
236 -6.63684012 0.8957590368
237 -7.200298222 0.8888966383
238 -7.699427697 0.8825857438
239 -8.144366708 0.8767797213
240 -8.543508252 0.8714297238
241 -8.903813398 0.8664878663
242 -9.231072132 0.861908988
243 -9.530117223 0.8576515125
244 -9.804998036 0.8536777563
245 -10.0591212 0.849953912
246 -10.29536428 0.8464498537
247 -10.51616774 0.8431388519
248 -10.72360948 0.8399972543
249 -10.91946541 0.8370041619
250 -11.10525895 0.8341411202
251 -11.28230155 0.8313918329
252 -11.45172604 0.8287419014
253 -11.61451417 0.8261785934
254 -11.77151951 0.8236906355
255 -11.92348649 0.8212680326
256 -12.07106635 0.8189019074
257 -12.21483053 0.8165843611
258 -12.35528197 0.814308351
259 -12.49286465 0.812067584
260 -12.62797172 0.8098564232
261 -12.76095236 0.8076698062
262 -12.89211775 0.8055031743
263 -13.02174605 0.80335241
264 -13.15008682 0.8012137822
265 -13.27736474 0.7990838986
266 -13.40378283 0.7969596635
267 -13.5295253 0.7948382409
268 -13.65475997 0.7927170217
269 -13.77964041 0.790593595
270 -13.90430781 0.7884657224
271 -14.02889258 0.7863313155
272 -14.15351587 0.7841884158
273 -14.27829074 0.7820351766
274 -14.40332337 0.7798698465
275 -14.528714 0.7776907557
276 -14.65455789 0.7754963022
277 -14.78094607 0.7732849402
278 -14.90796606 0.7710551693
279 -15.03570259 0.7688055245
280 -15.16423812 0.7665345673
281 -15.29365345 0.7642408768
282 -15.42402818 0.7619230423
283 -15.55544124 0.7595796554
284 -15.68797125 0.7572093033
285 -15.82169702 0.7548105621
286 -15.95669789 0.7523819899
287 -16.09305417 0.749922121
288 -16.23084744 0.7474294596
289 -16.37016098 0.7449024737
290 -16.51108008 0.7423395892
291 -16.65369246 0.7397391837
292 -16.79808855 0.7370995808
293 -16.94436191 0.7344190436
294 -17.0926096 0.7316957688
295 -17.24293252 0.72892788
296 -17.39543583 0.7261134216
297 -17.55022936 0.7232503517
298 -17.70742802 0.720336535
299 -17.86715223 0.717369736
300 -18.02952838 0.7143476114
301 -18.19468935 0.7112677019
302 -18.36277497 0.7081274247
303 -18.53393256 0.7049240646
304 -18.70831754 0.7016547656
305 -18.88609396 0.6983165216
306 -19.06743518 0.6949061673
307 -19.2525245 0.6914203686
308 -19.44155584 0.6878556124
309 -19.63473454 0.6842081969
310 -19.83227803 0.6804742215
311 -20.03441672 0.6766495761
312 -20.24139479 0.6727299318
313 -20.45347106 0.6687107301
314 -20.67091991 0.6645871745
315 -20.89403217 0.6603542206
316 -21.1231161 0.6560065695
317 -21.35849829 0.6515386603
318 -21.60052464 0.6469446657
319 -21.84956127 0.6422184897
320 -22.10599541 0.6373537671
321 -22.37023619 0.6323438678
322 -22.64271544 0.6271819044
323 -22.92388825 0.6218607453
324 -23.21423344 0.6163730344
325 -23.51425378 0.6107112173
326 -23.82447599 0.6048675771
327 -24.14545033 0.5988342799
328 -24.47774986 0.5926034316
329 -24.82196917 0.5861671484
330 -25.1787225 0.5795176421
331 -25.54864126 0.5726473209
332 -25.93237071 0.5655489088
333 -26.33056572 0.5582155835
334 -26.74388562 0.5506411336
335 -27.17298786 0.5428201357
336 -27.61852057 0.5347481505
337 -28.08111381 0.526421936
338 -28.56136966 0.5178396752
339 -29.05985094 0.5090012136
340 -29.5770689 0.4999083015
341 -30.11346981 0.4905648314
342 -30.66942085 0.480977064
343 -31.24519554 0.471153829
344 -31.84095914 0.4611066908
345 -32.45675461 0.4508500653
346 -33.09248954 0.4404012762
347 -33.74792498 0.4297805374
348 -34.42266656 0.4190108544
349 -35.11615872 0.4081178365
350 -35.82768261 0.3971294191
351 -36.55635809 0.386075497
352 -37.30115019 0.3749874798
353 -38.06088003 0.3638977794
354 -38.83424024 0.3528392507
355 -39.6198142 0.3418446065
356 -40.4160988 0.3309458298
357 -41.2215296 0.320173611
358 -42.03450768 0.3095568297
359 -42.85342688 0.2991221052
360 -43.67670062 0.2888934284
361 -44.50278706 0.2788918874
362 -45.33021196 0.2691354913
363 -46.15758843 0.2596390897
364 -46.98363303 0.2504143844
365 -47.80717817 0.2414700211
366 -48.62718041 0.2328117504
367 -49.442725 0.2244426423
368 -50.25302682 0.2163633414
369 -51.05742796 0.2085723464
370 -51.85539254 0.2010663043
371 -52.64649894 0.1938403053
372 -53.43043011 0.1868881712
373 -54.20696228 0.18020273
374 -54.97595238 0.1737760706
375 -55.73732468 0.1675997758
376 -56.49105684 0.1616651295
377 -57.23716576 0.1559632991
378 -57.97569338 0.1504854915
379 -58.70669284 0.1452230839
380 -59.43021499 0.1401677299
381 -60.14629585 0.1353114426
382 -60.85494484 0.1306466555
383 -61.55613441 0.1261662631
384 -62.24979095 0.1218636423
385 -62.93578757 0.1177326569
386 -63.61393857 0.1137676472
387 -64.28399605 0.109963405
388 -64.94564871 0.1063151393
389 -65.59852278 0.102818431
390 -66.24218523 0.09946918326
391 -66.87614908 0.09626356615
392 -67.49988058 0.09319796073
393 -68.11280824 0.0902689034
394 -68.71433303 0.08747303332
395 -69.30383977 0.08480704438
396 -69.88070897 0.08226764339
397 -70.4443289 0.07985151545
398 -70.99410745 0.07755529705
399 -71.52948331 0.07537555729
400 -72.04993625 0.07330878677
401 -72.55499611 0.07135139377
402 -73.04425041 0.06949970689
403 -73.51735035 0.06774998316
404 -73.97401516 0.06609842047
405 -74.41403491 0.06454117336
406 -74.83727166 0.06307437092
407 -75.24365917 0.06169413594
408 -75.63320135 0.06039660435
409 -76.00596953 0.05917794421
410 -76.36209883 0.05803437382
411 -76.70178369 0.05696217823
412 -77.02527293 0.05595772409
413 -77.33286436 0.05501747257
414 -77.62489917 0.05413799016
415 -77.90175624 0.05331595756
416 -78.16384651 0.05254817657
417 -78.4116075 0.05183157509
418 -78.64549801 0.05116321053
419 -78.86599316 0.05054027161
420 -79.07357979 0.04996007887
421 -75.68909496 0.05869198185
422 -71.12921746 0.07438430843
423 -64.53848141 0.1027664101
424 -39.26867073 0.2545329985
425 39.62606537 0.99875114
426 38.31756462 0.9999407066
427 36.34011021 0.9999158967
428 33.23330441 0.9998526967
429 29.22845215 0.9996946084
430 24.78041539 0.9993135591
431 20.29382701 0.9984574606
432 16.022567 0.996709881
433 12.09622289 0.9935124582
434 8.5705129 0.9882944068
435 5.460193843 0.9806864833
436 2.754500677 0.9707020793
437 0.4248379141 0.9587572064
438 -1.568919763 0.9455184977
439 -3.27210183 0.9316910285
440 -4.729853418 0.9178626415
441 -5.983573212 0.9044432472
442 -7.069209675 0.8916741077
443 -8.016906667 0.8796674651
444 -8.851411663 0.8684494528
445 -9.592808686 0.8579946932
446 -10.25731709 0.8482504167
447 -10.85802979 0.8391517927
448 -11.40554356 0.8306309965
449 -11.90847451 0.822622194
450 -12.37386955 0.8150640185
451 -12.8075308 0.8079005774
452 -13.21426956 0.8010816394
453 -13.59810503 0.7945623898
454 -13.96241992 0.7883029819
455 -14.31008278 0.7822680125
456 -14.64354461 0.7764259908
457 -14.96491556 0.7707488354
458 -15.27602632 0.7652114153
459 -15.57847741 0.7597911406
460 -15.87367924 0.754467601
461 -16.1628847 0.7492222497
462 -16.44721602 0.7440381273
463 -16.72768693 0.7388996218
464 -17.00522127 0.7337922587
465 -17.28066847 0.7287025184
466 -17.55481685 0.7236176759
467 -17.82840481 0.71852566
468 -18.10213061 0.7134149292
469 -18.37666077 0.7082743623
470 -18.65263748 0.7030931606
471 -18.93068517 0.6978607613
472 -19.21141631 0.6925667603
473 -19.49543667 0.6872008433
474 -19.78335008 0.6817527249
475 -20.07576277 0.6762120946
476 -20.3732873 0.6705685707
477 -20.67654621 0.6648116606
478 -20.98617533 0.6589307295
479 -21.30282677 0.6529149763
480 -21.62717163 0.6467534196
481 -21.95990233 0.6404348933
482 -22.30173454 0.6339480541
483 -22.65340873 0.6272814023
484 -23.01569112 0.6204233184
485 -23.38937402 0.6133621172
486 -23.77527548 0.6060861223
487 -24.17423803 0.5985837641
488 -24.58712635 0.5908437026
489 -25.01482385 0.5828549801
490 -25.45822777 0.574607203
491 -25.91824279 0.5660907579
492 -26.39577289 0.5572970596
493 -26.8917113 0.5482188327
494 -27.40692849 0.538850424
495 -27.94225806 0.5291881407
496 -28.49848062 0.519230608
497 -29.0763057 0.508979135
498 -29.67635205 0.4984380771
499 -30.29912672 0.4876151756
500 -30.94500344 0.4765218577
501 -31.61420115 0.4651734726
502 -32.30676358 0.4535894433
503 -33.02254095 0.4417933098
504 -33.76117489 0.4298126466
505 -34.52208781 0.4176788384
506 -35.30447778 0.4054267087
507 -36.10731974 0.3930940015
508 -36.92937376 0.3807207289
509 -37.7692004 0.3683484072
510 -38.62518319 0.3560192116
511 -39.49555732 0.34377509
512 -40.37844363 0.3316568782
513 -41.27188628 0.3197034586
514 -42.17389249 0.307951006
515 -43.08247247 0.2964323507
516 -43.9956777 0.2851764857
517 -44.91163605 0.2742082312
518 -45.82858227 0.2635480585
519 -46.7448829 0.2532120674
520 -47.65905509 0.2432121005
521 -48.56977892 0.233555974
522 -49.47590354 0.2242477992
523 -50.37644736 0.2152883698
524 -51.27059293 0.2066755894
525 -52.15767727 0.1984049175
526 -53.03717834 0.190469814
527 -53.90869853 0.1828621673
528 -54.77194578 0.1755726951
529 -55.62671329 0.1685913078
530 -56.47285821 0.1619074319
531 -57.31028017 0.1555102875
532 -58.13890003 0.1493891226
533 -58.95863959 0.1435334018
534 -59.76940253 0.1379329526
535 -60.57105736 0.1325780712
536 -61.36342263 0.1274595917
537 -62.14625488 0.1225689204
538 -62.91923978 0.1178980416
539 -63.68198665 0.1134394969
540 -64.43402662 0.1091863442
541 -65.17481438 0.1051320999
542 -65.90373361 0.1012706713
543 -66.62010561 0.09759628127
544 -67.32320103 0.09410339222
545 -68.01225391 0.0907866325
546 -68.68647753 0.08764072897
547 -69.34508144 0.08466044861
548 -69.98728871 0.08184055137
549 -70.61235301 0.07917575504
550 -71.21957455 0.0766607127
551 -71.80831454 0.07429000207
552 -72.37800759 0.07205812585
553 -72.92817187 0.06995952121
554 -73.45841663 0.06798857699
555 -73.96844728 0.06613965624
556 -74.4580679 0.06440712261
557 -74.9271814 0.0627853685
558 -75.37578761 0.06126884358
559 -75.80397948 0.05985208238
560 -76.21193782 0.05852973
561 -76.59992475 0.05729656507
562 -76.9682764 0.05614751978
563 -77.31739485 0.05507769638
564 -77.64773995 0.05408238051
565 -77.95982087 0.05315705107
566 -78.25418791 0.0522973871
567 -78.53142454 0.05149927175
568 -78.79213985 0.05075879384
569 -79.03696151 0.05007224711
570 -79.26652934 0.04943612771
571 -79.4814894 0.04884713006
572 -79.68248883 0.04830214156
573 -79.8701712 0.04779823621
574 -80.04517254 0.04733266764
575 -80.20811795 0.04690286149
576 -80.35961869 0.04650640749
577 -80.50026989 0.04614105141
578 -80.63064863 0.04580468689
579 -80.75131248 0.0454953473
580 -80.86279842 0.0452111978
581 -80.96562204 0.04495052754
582 -81.06027716 0.04471174211
583 -81.14723552 0.04449335628
584 -81.22694682 0.04429398706
585 -81.29983891 0.04411234707
586 -81.36631808 0.04394723821
587 -81.42676957 0.04379754572
588 -81.48155804 0.04366223255
589 -81.53102828 0.04354033407
590 -81.57550583 0.04343095304
591 -81.61529777 0.043333255
592 -81.65069343 0.04324646384
593 -81.6819652 0.04316985774
594 -81.70936927 0.04310276536
595 -81.73314647 0.04304456223
596 -81.753523 0.04299466747
597 -81.77071122 0.04295254069
598 -81.78491037 0.0429176791
599 -81.79630728 0.04288961486
600 -81.80507711 0.04286791254
601 -81.81138398 0.04285216687
602 -81.81538166 0.04284200057
603 -81.81721411 0.04283706236
604 -81.81701614 0.04283702509
605 -81.81491394 0.04284158406
606 -81.8110256 0.04285045543
607 -81.80546162 0.0428633747
608 -81.79832541 0.04288009538
609 -81.78971367 0.04290038773
610 -81.7797169 0.04292403755
611 -81.76841974 0.04295084509
612 -81.75590133 0.04298062408
613 -81.74223574 0.04301320074
614 -81.72749221 0.04304841294
615 -81.71173552 0.0430861094
616 -81.69502626 0.04312614889
617 -81.67742107 0.0431683996
618 -81.65897298 0.04321273847
619 -81.63973156 0.04325905055
620 -81.61974317 0.04330722853
621 -81.5990512 0.04335717215
622 -81.57769622 0.04340878775
623 -81.55571621 0.04346198783
624 -81.53314666 0.04351669063
625 -81.51002081 0.04357281976
626 -81.48636974 0.0436303038
627 -81.46222253 0.04368907605
628 -81.43760638 0.04374907414
629 -81.41254676 0.04381023978
630 -81.38706746 0.0438725185
