0 -57.81505404 0.1516420467
1 -58.52627513 0.1464888588
2 -59.23211155 0.1415208728
3 -59.93255255 0.1367320211
4 -60.62756191 0.1321165322
5 -61.31706758 0.1276689767
6 -62.00095234 0.1233842972
7 -62.67904588 0.1192578225
8 -63.3511184 0.1152852664
9 -64.01687612 0.1114627131
10 -64.67595889 0.1077865908
11 -65.3279399 0.1042536352
12 -65.97232777 0.1008608448
13 -66.60857083 0.09760543006
14 -67.23606361 0.09448476031
15 -67.85415531 0.09149630865
16 -68.46215991 0.08863759908
17 -69.05936772 0.08590615695
18 -69.64505777 0.08329946496
19 -70.21851077 0.0808149261
20 -70.77902207 0.07844983443
21 -71.32591423 0.07620135428
22 -71.8585488 0.07406650794
23 -72.37633691 0.07204217136
24 -72.87874852 0.07012507734
25 -73.36531996 0.06831182509
26 -73.83565977 0.06659889506
27 -74.28945274 0.06498266793
28 -74.72646222 0.06345944631
29 -75.14653072 0.06202547827
30 -75.54957901 0.06067698147
31 -75.93560387 0.05941016697
32 -76.30467466 0.05822126223
33 -76.65692896 0.05710653234
34 -76.99256743 0.05606229949
35 -77.31184819 0.05508496007
36 -77.61508081 0.05417099951
37 -77.90262014 0.05331700462
38 -78.17486009 0.0525196737
39 -78.43222753 0.05177582433
40 -78.67517642 0.05108239917
41 -78.90418214 0.05043646983
42 -79.11973616 0.04983523932
43 -79.32234037 0.04927604459
44 -79.51249593 0.04875637086
45 -79.6906436 0.04827397223
46 -79.8566946 0.04782788382
47 -80.00611388 0.04742688254
48 -80.09687268 0.04716057752
49 -79.76927841 0.04780794151
50 -75.96858621 0.05670168883
51 -43.53608711 0.204874655
52 35.26422357 0.9959395442
53 38.2265445 0.9999376223
54 36.87915847 0.9999232029
55 34.3095787 0.9998782729
56 30.85148401 0.9997715601
57 26.87426864 0.9995277592
58 22.72222681 0.9989962647
59 18.63877968 0.9979128274
60 14.77235831 0.9958811793
61 11.20687947 0.992413584
62 7.985380429 0.9870537748
63 5.122695749 0.9795463029
64 2.612216178 0.9699565975
65 0.4313460578 0.9586622179
66 -1.45270438 0.946227052
67 -3.077303818 0.9332423923
68 -4.479939812 0.9202111714
69 -5.695365026 0.9074991212
70 -6.754199065 0.8953367062
71 -7.682555203 0.883845567
72 -8.502259227 0.8730702092
73 -9.231342872 0.8630054839
74 -9.88461834 0.8536170952
75 -10.4742326 0.8448555731
76 -11.0101574 0.8366651891
77 -11.50060252 0.8289893247
78 -11.95235481 0.8217734992
79 -12.37105227 0.8149669214
80 -12.76140353 0.8085231434
81 -13.12736322 0.8024001898
82 -13.47227179 0.7965603967
83 -13.79896724 0.7909701026
84 -14.10987465 0.7855992772
85 -14.40707819 0.7804211351
86 -14.6923793 0.7754117634
87 -14.96734384 0.7705497754
88 -15.23334064 0.7658159963
89 -15.49157308 0.7611931822
90 -15.74310509 0.7566657724
91 -15.98888276 0.7522196697
92 -16.22975228 0.7478420491
93 -16.46647504 0.7435211899
94 -16.69974031 0.7392463281
95 -16.93017595 0.7350075274
96 -17.15835763 0.7307955666
97 -17.38481662 0.726601839
98 -17.61004657 0.7224182651
99 -17.83450937 0.7182372147
100 -18.05864028 0.7140514371
101 -18.2828524 0.709854
102 -18.50754063 0.7056382341
103 -18.73308528 0.7013976831
104 -18.95985515 0.6971260591
105 -19.18821048 0.6928172016
106 -19.41850551 0.6884650409
107 -19.6510909 0.6840635644
108 -19.88631595 0.6796067856
109 -20.12453064 0.6750887162
110 -20.36608757 0.6705033409
111 -20.61134376 0.6658445941
112 -20.86066235 0.6611063397
113 -21.11441421 0.6562823529
114 -21.37297946 0.6513663048
115 -21.63674886 0.6463517503
116 -21.90612515 0.6412321184
117 -22.18152424 0.6360007071
118 -22.46337632 0.6306506815
119 -22.75212674 0.6251750776
120 -23.04823681 0.6195668108
121 -23.35218432 0.6138186911
122 -23.66446384 0.6079234456
123 -23.98558672 0.6018737496
124 -24.31608072 0.5956622662
125 -24.65648924 0.589281698
126 -25.00737004 0.5827248495
127 -25.36929341 0.575984703
128 -25.74283969 0.5690545088
129 -26.12859607 0.5619278903
130 -26.52715258 0.5545989646
131 -26.93909718 0.5470624792
132 -27.36500997 0.5393139633
133 -27.8054564 0.5313498946
134 -28.26097942 0.5231678765
135 -28.73209081 0.5147668256
136 -29.21926149 0.5061471626
137 -29.72291111 0.4973110032
138 -30.24339709 0.4882623402
139 -30.78100325 0.4790072103
140 -31.33592847 0.469553836
141 -31.90827571 0.4599127337
142 -32.49804181 0.4500967781
143 -33.10510848 0.4401212147
144 -33.72923509 0.4300036133
145 -34.37005361 0.4197637561
146 -35.02706612 0.4094234595
147 -35.69964526 0.3990063285
148 -36.38703784 0.3885374501
149 -37.08837163 0.3780430319
150 -37.80266537 0.3675499979
151 -38.52884173 0.3570855565
152 -39.26574281 0.3466767554
153 -40.01214777 0.3363500405
154 -40.76679191 0.3261308367
155 -41.52838658 0.3160431642
156 -42.29563926 0.3061093044
157 -43.06727298 0.2963495245
158 -43.84204476 0.2867818681
159 -44.61876221 0.2774220131
160 -45.39629806 0.2682831982
161 -46.17360239 0.259376213
162 -46.94971207 0.2507094457
163 -47.72375767 0.2422889815
164 -48.49496766 0.2341187425
165 -49.26267009 0.2262006585
166 -50.02629188 0.2185348627
167 -50.78535592 0.2111199004
168 -51.5394763 0.2039529455
169 -52.28835181 0.1970300171
170 -53.03175801 0.1903461911
171 -53.76953813 0.183895803
172 -54.50159295 0.1776726368
173 -55.22787007 0.1716701002
174 -55.94835252 0.1658813819
175 -56.66304723 0.1602995917
176 -57.37197327 0.1549178818
177 -58.07515042 0.149729549
178 -58.77258798 0.1447281188
179 -59.46427435 0.1399074109
180 -60.15016734 0.1352615863
181 -60.83018579 0.1307851776
182 -61.50420238 0.1264731039
183 -62.17203808 0.1223206694
184 -62.83345839 0.1183235498
185 -63.48817135 0.1144777668
186 -64.13582762 0.1107796527
187 -64.77602242 0.1072258088
188 -65.4082994 0.103813057
189 -66.03215628 0.1005383909
190 -66.64705204 0.09739892469
191 -67.25241535 0.09439184512
192 -67.84765408 0.09151436651
193 -68.43216536 0.08876369112
194 -69.00534596 0.08613697582
195 -69.56660271 0.08363130586
196 -70.11536237 0.08124367595
197 -70.65108105 0.07897097874
198 -71.17325254 0.07681000013
199 -71.68141569 0.07475742092
200 -72.17516047 0.07280982385
201 -72.65413283 0.07096370511
202 -73.11803814 0.06921548928
203 -73.5666434 0.06756154675
204 -73.99977821 0.06599821255
205 -74.41733455 0.06452180592
206 -74.81926566 0.06312864974
207 -75.20558385 0.0618150893
208 -75.57635777 0.06057750985
209 -75.93170891 0.05941235275
210 -76.27180776 0.0583161298
211 -76.59686958 0.05728543568
212 -76.90714993 0.05631695859
213 -77.20294022 0.05540748887
214 -77.48456311 0.05455392589
215 -77.75236809 0.05375328319
216 -78.00672715 0.05300269206
217 -78.24803065 0.05229940372
218 -78.47668346 0.05164079026
219 -78.69310126 0.05102434443
220 -78.89770726 0.05044767861
221 -79.0909291 0.04990852285
222 -79.27319611 0.04940472239
223 -79.4449368 0.04893423462
224 -79.60657673 0.04849512558
225 -79.75853651 0.04808556624
226 -79.90123023 0.04770382846
227 -80.03506398 0.0473482809
228 -80.16043471 0.04701738479
229 -80.2777292 0.04670968964
230 -80.38732332 0.04642382905
231 -80.48958137 0.04615851651
232 -80.58485564 0.04591254129
233 -80.67348606 0.04568476444
234 -80.75580003 0.0454741149
235 -80.83211228 0.04527958577
236 -80.90272488 0.0451002307
237 -80.96792734 0.04493516043
238 -81.02799669 0.0447835395
239 -81.08319773 0.04464458309
240 -81.13378325 0.04451755406
241 -81.17999434 0.04440176008
242 -81.22206067 0.04429655094
243 -81.26020086 0.04420131603
244 -81.29462283 0.04411548194
245 -81.32552416 0.04403851014
246 -81.35309249 0.04396989492
247 -81.3775059 0.04390916129
248 -81.3989333 0.04385586317
249 -81.41753482 0.04380958155
250 -81.43346214 0.04376992286
251 -81.44685891 0.04373651747
252 -81.45786067 0.04370901896
253 -81.46659181 0.04368710967
254 -81.47313495 0.04367056159
255 -81.47725279 0.04365979499
256 -81.47588168 0.04366091642
257 -81.44059019 0.0437310907
258 -81.11507458 0.04439074972
259 -78.20211308 0.05069346155
260 -52.6070547 0.146316921
261 34.0723705 0.9899198755
262 38.5773317 0.9999404797
263 37.52723166 0.9999315799
264 35.33801768 0.9998988154
265 32.27318542 0.9998232577
266 28.64593623 0.9996566922
267 24.78151326 0.9993047395
268 20.92184752 0.9986022581
269 17.21766744 0.9972952953
270 13.75564661 0.9950497031
271 10.58341673 0.9915063275
272 7.723858441 0.9863810259
273 5.181785401 0.979570322
274 2.947626349 0.9712041909
275 1.000865386 0.961614662
276 -0.6860815148 0.9512421813
277 -2.144043838 0.9405318401
278 -3.403987429 0.9298603166
279 -4.494933446 0.9195047409
280 -5.442848486 0.9096435497
281 -6.27025889 0.9003737748
282 -6.996317334 0.89173278
283 -7.637105951 0.8837179952
284 -8.206033032 0.8763023278
285 -8.714240635 0.8694451513
286 -9.170981455 0.8630996451
287 -9.583948085 0.8572174348
288 -9.959551355 0.8517513623
289 -10.303151 0.8466570159
290 -10.61924461 0.841893473
291 -10.91162144 0.8374235552
292 -11.18348718 0.8332137973
293 -11.43756519 0.8292342578
294 -11.67617874 0.8254582485
295 -11.90131782 0.8218620337
296 -12.1146938 0.8184245259
297 -12.31778411 0.8151269948
298 -12.51186906 0.8119527973
299 -12.69806215 0.8088871326
300 -12.87733525 0.805916822
301 -13.05053958 0.8030301137
302 -13.21842316 0.8002165097
303 -13.38164555 0.7974666142
304 -13.54079023 0.7947719998
305 -13.69637503 0.7921250905
306 -13.84886109 0.7895190588
307 -13.99866034 0.786947736
308 -14.14614207 0.7844055329
309 -14.29163844 0.7818873708
310 -14.43544926 0.77938862
311 -14.57784615 0.7769050466
312 -14.71907611 0.7744327649
313 -14.85936464 0.7719681958
314 -14.99891845 0.7695080292
315 -15.13792783 0.7670491918
316 -15.27656877 0.7645888175
317 -15.41500477 0.7621242213
318 -15.55338847 0.7596528761
319 -15.69186311 0.7571723917
320 -15.83056379 0.7546804962
321 -15.96961865 0.7521750184
322 -16.10914987 0.7496538733
323 -16.24927462 0.747115047
324 -16.3901059 0.7445565849
325 -16.53175333 0.7419765791
326 -16.67432379 0.739373158
327 -16.81792217 0.736744476
328 -16.96265189 0.7340887039
329 -17.10861549 0.7314040204
330 -17.25591519 0.7286886034
331 -17.40465336 0.725940622
332 -17.55493301 0.7231582293
333 -17.70685825 0.7203395543
334 -17.86053478 0.7174826955
335 -18.01607025 0.7145857132
336 -18.17357477 0.7116466234
337 -18.33316131 0.7086633904
338 -18.49494612 0.7056339207
339 -18.65904919 0.7025560558
340 -18.82559465 0.699427566
341 -18.99471124 0.6962461435
342 -19.16653278 0.6930093957
343 -19.34119857 0.6897148386
344 -19.51885393 0.6863598903
345 -19.69965065 0.6829418637
346 -19.88374752 0.6794579602
347 -20.07131084 0.6759052627
348 -20.26251496 0.6722807291
349 -20.4575428 0.6685811853
350 -20.65658651 0.6648033193
351 -20.85984796 0.6609436743
352 -21.06753939 0.6569986434
353 -21.27988405 0.6529644635
354 -21.49711677 0.6488372109
355 -21.71948463 0.6446127967
356 -21.94724759 0.6402869638
357 -22.1806791 0.6358552846
358 -22.42006674 0.6313131606
359 -22.66571279 0.6266558231
360 -22.91793479 0.6218783366
361 -23.17706606 0.6169756049
362 -23.44345608 0.6119423791
363 -23.7174709 0.6067732708
364 -23.99949331 0.6014627679
365 -24.28992296 0.596005256
366 -24.58917621 0.5903950455
367 -24.89768588 0.5846264046
368 -25.21590061 0.5786935992
369 -25.54428405 0.5725909411
370 -25.88331353 0.5663128453
371 -26.23347848 0.5598538957
372 -26.59527829 0.5532089221
373 -26.96921961 0.5463730878
374 -27.35581313 0.5393419877
375 -27.75556966 0.5321117584
376 -28.16899555 0.5246791992
377 -28.59658728 0.5170419027
378 -29.03882542 0.509198395
379 -29.49616769 0.5011482822
380 -29.96904137 0.4928924015
381 -30.45783493 0.4844329723
382 -30.96288913 0.4757737442
383 -31.48448768 0.4669201345
384 -32.02284756 0.457879352
385 -32.57810935 0.4486604981
386 -33.15032788 0.4392746395
387 -33.7394634 0.4297348454
388 -34.34537377 0.4200561824
389 -34.96780793 0.4102556627
390 -35.60640123 0.40035214
391 -36.26067273 0.3903661521
392 -36.93002502 0.3803197101
393 -37.61374664 0.3702360375
394 -38.31101731 0.360139264
395 -39.02091601 0.3500540832
396 -39.74243172 0.3400053846
397 -40.47447669 0.3300178729
398 -41.2159018 0.3201156876
399 -41.96551351 0.3103220368
400 -42.7220919 0.3006588592
401 -43.4844092 0.2911465247
402 -44.25124806 0.2818035843
403 -45.02141914 0.2726465753
404 -45.79377731 0.2636898846
405 -46.56723609 0.2549456736
406 -47.34077997 0.2464238593
407 -48.11347429 0.2381321491
408 -48.88447263 0.2300761236
409 -49.65302161 0.2222593574
410 -50.41846314 0.2146835729
411 -51.1802343 0.2073488165
412 -51.93786503 0.2002536504
413 -52.69097375 0.1933953526
414 -53.43926124 0.1867701191
415 -54.18250295 0.180373262
416 -54.92054011 0.1741994003
417 -55.65326961 0.1682426394
418 -56.38063322 0.1624967371
419 -57.10260607 0.1569552536
420 -57.81918476 0.1516116855
421 -58.53037533 0.1464595826
422 -59.23618122 0.141492646
423 -59.93659155 0.1367048098
424 -60.63156994 0.132090304
425 -61.32104409 0.1276437016
426 -62.00489651 0.1233599473
427 -62.68295655 0.1192343722
428 -63.35499405 0.1152626921
429 -64.02071487 0.1114409933
430 -64.67975845 0.107765706
431 -65.33169762 0.1042335675
432 -65.97604062 0.1008415776
433 -66.61223546 0.09758694794
434 -67.23967638 0.0944670485
435 -67.85771234 0.09147935287
436 -68.46565715 0.08862138517
437 -69.06280101 0.08589067062
438 -69.64842292 0.08328469159
439 -70.22180364 0.0808008505
440 -70.78223864 0.07843644072
441 -71.32905067 0.07618862579
442 -71.86160151 0.07405442716
443 -72.37930263 0.07203071993
444 -72.88162433 0.07011423612
445 -73.36810336 0.06830157418
446 -73.83834866 0.06658921395
447 -74.29204549 0.06497353556
448 -74.72895763 0.06345084127
449 -75.14892807 0.06201737888
450 -75.55187801 0.06066936593
451 -75.93780468 0.05940301353
452 -76.30677783 0.05821454925
453 -76.65893541 0.05710023849
454 -76.99447845 0.0560564038
455 -77.31366539 0.05507944203
456 -77.61680606 0.05416583914
457 -77.90425557 0.05331218258
458 -78.17640804 0.05251517128
459 -78.43369052 0.05177162355
460 -78.6765571 0.05107848275
461 -78.90548328 0.05043282124
462 -79.12096062 0.0498318428
463 -79.32349105 0.04927288513
464 -79.51357576 0.04875343419
465 -79.69165552 0.04827124488
466 -79.8576413 0.04782535341
467 -80.00699621 0.04742454087
468 -80.09767514 0.04715844853
469 -79.76983969 0.04780634036
470 -75.96745103 0.056704144
471 -43.52093889 0.204978101
472 35.26765507 0.995946612
473 38.22659187 0.9999376247
474 36.87892377 0.9999231998
475 34.3092093 0.9998782648
476 30.85105039 0.9997715418
477 26.87383511 0.9995277214
478 22.72183828 0.9989961931
479 18.63846041 0.9979127061
480 14.77211774 0.995881001
481 11.20671804 0.9924133656
482 7.985293423 0.9870535709
483 5.122675706 0.9795462064
484 2.612254524 0.9699567231
485 0.431434313 0.9586626759
486 -1.452573816 0.9462279284
487 -3.077137286 0.9332437412
488 -4.479742327 0.9202130181
489 -5.695140408 0.9075014704
490 -6.753950147 0.8953395501
491 -7.68228405 0.8838488921
492 -8.501967322 0.8730739999
493 -9.231031271 0.8630097253
494 -9.884287787 0.8536217736
495 -10.47388361 0.844860677
496 -11.00979032 0.836670709
497 -11.50021758 0.8289952529
498 -11.95195215 0.8217798295
499 -12.37063194 0.8149736494
500 -12.76096555 0.8085302659
501 -13.12690756 0.8024077046
502 -13.47179837 0.7965683027
503 -13.79847594 0.7909783997
504 -14.10936535 0.7856079659
505 -14.40655072 0.7804302168
506 -14.69183347 0.7754212403
507 -14.96677942 0.7705596503
508 -15.2327574 0.7658262726
509 -15.49097073 0.7612038643
510 -15.74248333 0.7566768649
511 -15.98824124 0.7522311782
512 -16.22909064 0.7478539798
513 -16.46579288 0.7435335496
514 -16.69903719 0.7392591243
515 -16.9294514 0.7350207685
516 -17.15761114 0.7308092616
517 -17.38404763 0.7266159977
518 -17.60925448 0.7224328982
519 -17.83369354 0.7182523336
520 -18.05780001 0.7140670541
521 -18.28198694 0.7098701285
522 -18.50664919 0.7056548882
523 -18.732167 0.7014148779
524 -18.95890911 0.6971438108
525 -19.1872357 0.6928355275
526 -19.41750093 0.6884839595
527 -19.6500554 0.6840830952
528 -19.88524833 0.6796269493
529 -20.12342962 0.6751095349
530 -20.36495178 0.6705248378
531 -20.61017175 0.6658667939
532 -20.85945257 0.6611292684
533 -21.11316501 0.6563060377
534 -21.37168908 0.6513907746
535 -21.63541545 0.6463770351
536 -21.90474673 0.6412582498
537 -22.18009874 0.636027718
538 -22.46190152 0.6306786062
539 -22.75060032 0.6252039514
540 -23.04665631 0.6195966704
541 -23.35054717 0.613849574
542 -23.66276733 0.6079553903
543 -23.98382804 0.601906795
544 -24.31425692 0.5956964516
545 -24.65459728 0.5893170627
546 -25.00540676 0.5827614321
547 -25.36725557 0.5760225413
548 -25.74072397 0.5690936389
549 -26.12639912 0.5619683462
550 -26.524871 0.5546407772
551 -26.9367276 0.5471056754
552 -27.36254905 0.5393585654
553 -27.80290089 0.531395919
554 -28.2583262 0.5232153326
555 -28.72933696 0.5148157147
556 -29.21640431 0.506197477
557 -29.71994824 0.4973627247
558 -30.24032652 0.4883154393
559 -30.77782341 0.4790616451
560 -31.33263832 0.4696095517
561 -31.90487478 0.4599696615
562 -32.49453023 0.4501548355
563 -33.10148707 0.4401803051
564 -33.72550541 0.4300636267
565 -34.36621795 0.4198245698
566 -35.02312753 0.409484939
567 -35.69560754 0.3990683294
568 -36.3829055 0.38859982
569 -37.08414986 0.3781056124
570 -37.79835998 0.3676126271
571 -38.52445907 0.3571480716
572 -39.26128967 0.3467389953
573 -40.00763126 0.3364118483
574 -40.76221939 0.3261920621
575 -41.52376552 0.3161036657
576 -42.29097711 0.3061689512
577 -43.06257708 0.2964081979
578 -43.83732223 0.2868394626
579 -44.61401985 0.2774784371
580 -45.39154229 0.2683383745
581 -46.16883915 0.2594300785
582 -46.9449468 0.2507619513
583 -47.71899526 0.2423400914
584 -48.49021243 0.2341684331
585 -49.25792578 0.2262489177
586 -50.02156167 0.2185816885
587 -50.78064244 0.2111652999
588 -51.53478167 0.2039969334
589 -52.28367767 0.1970726146
590 -53.02710557 0.1903874247
591 -53.76490824 0.1839357031
592 -54.49698615 0.1777112369
593 -55.22328667 0.1717074357
594 -55.94379266 0.1659174893
595 -56.65851093 0.1603345079
596 -57.36746055 0.1549516431
597 -58.07066133 0.1497621908
598 -58.76812269 0.1447596751
599 -59.45983321 0.1399379137
600 -60.14575094 0.1352910656
601 -60.82579499 0.1308136614
602 -61.49983839 0.1265006177
603 -62.16770246 0.1223472365
604 -62.82915308 0.1183491915
605 -63.4838987 0.1145025024
606 -64.13159035 0.1108034999
607 -64.77182362 0.1072487838
608 -65.40414251 0.103835175
609 -66.02804504 0.1005596662
610 -66.64299044 0.09741937126
611 -67.24840758 0.09441147677
612 -67.84370445 0.09153319718
613 -68.42827825 0.0887817351
614 -69.00152576 0.08615424799
615 -69.56285371 0.0836478218
616 -70.11168875 0.08125945208
617 -70.64748677 0.07898603234
618 -71.16974132 0.07682434938
619 -71.67799093 0.07477108486
620 -72.17182525 0.07282282234
621 -72.65088985 0.07097605872
622 -73.1148897 0.0692272192
623 -73.56359139 0.06757267464
624 -73.99682411 0.06600876044
625 -74.41447943 0.06453179607
626 -74.81651017 0.0631381045
627 -75.20292825 0.06182403098
628 -75.57380193 0.06058596062
629 -75.92925237 0.05942033453
630 -76.26944971 0.05832366413
