0 -59.08688077 0.1426098904
1 -59.86674831 0.137250365
2 -60.63937579 0.1321094468
3 -61.40452642 0.1271802068
4 -62.16190053 0.1224561583
5 -62.91112894 0.1179312532
6 -63.65176923 0.1135998586
7 -64.38330514 0.1094567171
8 -65.10514925 0.1054968934
9 -65.81664871 0.1017157128
10 -66.51709385 0.09810869562
11 -67.20572937 0.09467149007
12 -67.88176758 0.09139980926
13 -68.54440313 0.08828937386
14 -69.19282862 0.08533586366
15 -69.82625051 0.08253487943
16 -70.44390464 0.079881916
17 -71.04507076 0.07737234668
18 -71.62908579 0.07500141854
19 -72.19535514 0.07276425746
20 -72.74336207 0.07065588149
21 -73.2726748 0.06867122081
22 -73.78295134 0.06680514259
23 -74.27394215 0.06505247898
24 -74.74549063 0.06340805667
25 -75.19753173 0.0618667267
26 -75.63008813 0.06042339511
27 -76.04326016 0.05907306469
28 -76.43717501 0.05781097485
29 -76.81162735 0.05663351275
30 -77.16330603 0.0555450904
31 -77.46407965 0.0546112154
32 -77.49042313 0.05437358929
33 -75.48446572 0.05933677587
34 -57.86017222 0.124201423
35 26.8105094 0.9516093276
36 37.53106638 0.9999168722
37 36.71542699 0.9999203877
38 34.18972952 0.9998755596
39 30.6326853 0.9997627664
40 26.47874473 0.9994944322
41 22.11568077 0.9988859244
42 17.81983539 0.9976010492
43 13.76103501 0.995125313
44 10.03495261 0.9908282549
45 6.68879906 0.9841473831
46 3.735540595 0.9748249474
47 1.162422045 0.9630439087
48 -1.06133679 0.9493656063
49 -2.976619618 0.9345261906
50 -4.627434556 0.9192295505
51 -6.055995667 0.9040262123
52 -7.300030549 0.8892834013
53 -8.39180025 0.8752093591
54 -9.358160248 0.8618958648
55 -10.22112757 0.8493586027
56 -10.99861874 0.8375681287
57 -11.70518192 0.8264710353
58 -12.35264662 0.8160033468
59 -12.95066792 0.8060984815
60 -13.50716843 0.7966916808
61 -14.02869077 0.7877222527
62 -14.52067635 0.7791345158
63 -14.98768504 0.7708780033
64 -15.43356809 0.7629072687
65 -15.86160482 0.7551814938
66 -16.27461084 0.7476640176
67 -16.67502427 0.7403218512
68 -17.06497481 0.7331252125
69 -17.44633932 0.7260470981
70 -17.82078698 0.7190628985
71 -18.18981606 0.7121500572
72 -18.55478416 0.7052877722
73 -18.91693323 0.6984567361
74 -19.27741038 0.6916389104
75 -19.63728528 0.6848173322
76 -19.99756484 0.6779759477
77 -20.35920565 0.6710994711
78 -20.72312444 0.6641732659
79 -21.09020713 0.6571832471
80 -21.46131634 0.6501158024
81 -21.83729786 0.6429577321
82 -22.218986 0.6356962066
83 -22.60720796 0.6283187417
84 -23.00278729 0.6208131922
85 -23.4065464 0.6131677637
86 -23.81930816 0.6053710435
87 -24.24189658 0.5974120524
88 -24.67513638 0.5892803165
89 -25.11985161 0.5809659619
90 -25.57686298 0.5724598319
91 -26.04698404 0.5637536262
92 -26.53101604 0.5548400643
93 -27.02974134 0.5457130692
94 -27.54391544 0.5363679714
95 -28.0742576 0.5268017278
96 -28.62143997 0.5170131525
97 -29.18607556 0.5070031512
98 -29.768705 0.4967749515
99 -30.36978253 0.4863343182
100 -30.98966153 0.4756897428
101 -31.62858006 0.4648525925
102 -32.28664702 0.4538372074
103 -32.96382949 0.4426609309
104 -33.65994212 0.4313440626
105 -34.37463903 0.4199097252
106 -35.1074091 0.4083836378
107 -35.8575752 0.3967937982
108 -36.62429771 0.3851700756
109 -37.40658261 0.3735437273
110 -38.20329425 0.3619468529
111 -39.01317237 0.3504118086
112 -39.83485305 0.3389706039
113 -40.66689274 0.3276543079
114 -41.50779445 0.31649249
115 -42.35603515 0.3055127174
116 -43.21009315 0.2947401297
117 -44.06847448 0.2841971048
118 -44.92973729 0.273903023
119 -45.79251335 0.2638741326
120 -46.65552612 0.254123514
121 -47.51760493 0.2446611332
122 -48.37769499 0.2354939739
123 -49.23486328 0.2266262336
124 -50.08830036 0.2180595703
125 -50.93731844 0.2097933822
126 -51.78134604 0.2018251094
127 -52.6199196 0.1941505425
128 -53.45267254 0.1867641289
129 -54.27932221 0.1796592673
130 -55.09965523 0.1728285834
131 -55.91351151 0.1662641826
132 -56.72076768 0.1599578753
133 -57.52132012 0.1539013724
134 -58.31506814 0.1480864503
135 -59.10189782 0.1425050854
136 -59.88166686 0.137149557
137 -60.65419093 0.1320125213
138 -61.41923202 0.127087057
139 -62.17648911 0.1223666851
140 -62.92559153 0.1178453648
141 -63.66609532 0.1135174704
142 -64.39748272 0.1093777502
143 -65.11916487 0.1054212738
144 -65.83048763 0.1016433701
145 -66.53074025 0.09803956167
146 -67.21916656 0.09460549766
147 -67.89497832 0.09133689094
148 -68.5573699 0.08822946087
149 -69.20553399 0.08527888509
150 -69.83867742 0.08248076155
151 -70.45603672 0.07983058182
152 -71.05689264 0.07732371581
153 -71.64058332 0.07495540716
154 -72.20651563 0.07272077855
155 -72.75417447 0.07061484518
156 -73.28312981 0.06863253484
157 -73.79304152 0.06676871291
158 -74.28366194 0.06501821035
159 -74.75483636 0.06337585325
160 -75.20650158 0.06183649275
161 -75.63868208 0.06039503553
162 -76.05147985 0.0590464856
163 -76.44502361 0.05778608419
164 -76.81910881 0.05661022182
165 -77.17041991 0.05552332407
166 -77.47077618 0.05459100206
167 -77.49621427 0.05435586767
168 -75.4850917 0.05933148344
169 -57.82015809 0.1243885342
170 26.85699916 0.9520277117
171 37.53393342 0.9999170275
172 36.71496842 0.9999203839
173 34.18824136 0.9998755269
174 30.63069557 0.9997626806
175 26.47659732 0.999494234
176 22.11360842 0.9988855057
177 17.81797101 0.9976002503
178 13.75944154 0.9951239564
179 10.03365037 0.9908262284
180 6.687783151 0.9841447419
181 3.734791206 0.9748219644
182 1.161911498 0.9630410238
183 -1.06163867 0.9493633084
184 -2.976741652 0.934524906
185 -4.627402004 0.9192295874
186 -6.055829412 0.9040277587
187 -7.299747187 0.8892865512
188 -8.391412621 0.8752141444
189 -9.357678103 0.8619022818
190 -10.22055821 0.8493666304
191 -10.99796753 0.8375777403
192 -11.70445276 0.8264822048
193 -12.35184222 0.8160160523
194 -12.94979011 0.8061127069
195 -13.50621829 0.7967074162
196 -14.02766879 0.7877394945
197 -14.51958254 0.7791532665
198 -14.98651897 0.7708982714
199 -15.43232899 0.762929068
200 -15.86029158 0.7552048433
201 -16.27322204 0.7476889413
202 -16.67355822 0.7403483779
203 -17.06342952 0.7331533756
204 -17.44471256 0.7260769357
205 -17.81907623 0.7190944531
206 -18.18801854 0.7121833758
207 -18.55289681 0.7053229064
208 -18.91495271 0.6984937418
209 -19.27533305 0.6916778482
210 -19.6351072 0.684858267
211 -19.99528178 0.678018949
212 -20.35681302 0.6711446128
213 -20.72061735 0.6642206264
214 -21.08758031 0.6572329091
215 -21.45856419 0.6501678527
216 -21.8344144 0.6430122613
217 -22.21596489 0.635753309
218 -22.60404248 0.6283785148
219 -22.99947033 0.6208757359
220 -23.4030705 0.6132331798
221 -23.8156655 0.6054394347
222 -24.23807898 0.5974835213
223 -24.67113539 0.5893549642
224 -25.11565846 0.5810438864
225 -25.57246871 0.5725411263
226 -26.04237953 0.5638383765
227 -26.52619208 0.5549283473
228 -27.02468875 0.5458049495
229 -27.53862518 0.5364634985
230 -28.06872088 0.5269009332
231 -28.61564843 0.5171160463
232 -29.18002142 0.5071097187
233 -29.76238125 0.4968851501
234 -30.36318311 0.4864480741
235 -30.98278153 0.4758069484
236 -31.62141595 0.4649731039
237 -32.27919679 0.4539608431
238 -32.95609289 0.442787471
239 -33.65192074 0.4314732491
240 -34.36633646 0.4200412634
241 -35.098831 0.408517199
242 -35.84872932 0.3969290235
243 -36.61519385 0.3853065811
244 -37.39723253 0.3736811099
245 -38.19371151 0.3620846974
246 -39.00337214 0.3505496946
247 -39.82485185 0.3391081138
248 -40.65670812 0.3277910343
249 -41.49744468 0.3166280428
250 -42.34553887 0.30564673
251 -43.19946903 0.2948722648
252 -44.05774091 0.2843270581
253 -44.91891204 0.2740305266
254 -45.78161331 0.263998957
255 -46.6445671 0.2542454682
256 -47.50660146 0.2447800646
257 -48.36666021 0.2356097665
258 -49.22380885 0.2267388058
259 -50.07723644 0.218168872
260 -50.92625376 0.2098993913
261 -51.77028792 0.2019278283
262 -52.60887408 0.1942499942
263 -53.44164456 0.1868603534
264 -54.26831574 0.1797523178
265 -55.08867349 0.1729185231
266 -55.90255721 0.1663510814
267 -56.70984321 0.1600418069
268 -57.5104278 0.1539824121
269 -58.30421047 0.148164673
270 -59.09107768 0.1425805635
271 -59.87088773 0.1372223595
272 -60.64345709 0.132082713
273 -61.40854868 0.1271546978
274 -62.16586256 0.1224318298
275 -62.91502921 0.1179080636
276 -63.65560585 0.1135777689
277 -64.38707591 0.1094356905
278 -65.10885167 0.105476895
279 -65.82027998 0.1016967095
280 -66.52065096 0.09809065543
281 -67.20920915 0.09465438207
282 -67.88516676 0.09138360316
283 -68.54771843 0.08827403978
284 -69.1960568 0.08532137191
285 -69.82938848 0.08252120035
286 -70.44694949 0.07986901984
287 -71.04801986 0.07736020356
288 -71.6319368 0.07498999845
289 -72.1981061 0.07275353031
290 -72.74601142 0.07064581714
291 -73.2752214 0.0686617892
292 -73.78539449 0.06679631385
293 -74.27628157 0.06504422357
294 -74.74772649 0.06340034545
295 -75.19966461 0.06185953111
296 -75.63211902 0.06041668727
297 -76.04519039 0.05906681746
298 -76.43900626 0.05780516201
299 -76.81336142 0.05662810932
300 -77.16494356 0.05554007523
301 -77.46560892 0.05460659401
302 -77.49172321 0.054369598
303 -75.48447581 0.05933592462
304 -57.85003135 0.1242489984
305 26.82216699 0.9517147229
306 37.53178491 0.9999169113
307 36.71532434 0.9999203869
308 34.18938714 0.999875552
309 30.63224368 0.9997627473
310 26.47829563 0.9994943904
311 22.11528401 0.9988858432
312 17.81952233 0.9976009122
313 13.76081711 0.9951251207
314 10.0348294 0.9908280482
315 6.688763472 0.9841472605
316 3.735582423 0.9748250572
317 1.162530315 0.9630444162
318 -1.061172236 0.9493666554
319 -2.976407271 0.9345278818
320 -4.62718099 0.9192319391
321 -6.055705681 0.904029319
322 -7.299707473 0.8892872261
323 -8.391446285 0.8752138921
324 -9.357776762 0.861901093
325 -10.22071533 0.8493645142
326 -10.99817806 0.8375747143
327 -11.70471283 0.8264782891
328 -12.3521489 0.8160112664
329 -12.95014118 0.8061070676
330 -13.50661214 0.7967009372
331 -14.02810429 0.7877321856
332 -14.52005894 0.7791451338
333 -14.98703586 0.7708893174
334 -15.43288623 0.7629192917
335 -15.86088928 0.7551942407
336 -16.27386054 0.7476775051
337 -16.67423803 0.7403360979
338 -17.06415136 0.7331402389
339 -17.4454773 0.7260629264
340 -17.81988493 0.7190795529
341 -18.1888724 0.7121675638
342 -18.55379721 0.705306159
343 -18.91590119 0.6984760329
344 -19.2763313 0.6916591493
345 -19.6361571 0.684838547
346 -19.99638536 0.6779981744
347 -20.3579725 0.6711227477
348 -20.72183512 0.6641976323
349 -21.08885896 0.6572087453
350 -21.45990647 0.6501424763
351 -21.83582328 0.6429856273
352 -22.21744352 0.6357253702
353 -22.60559422 0.6283492224
354 -23.00109873 0.6208450398
355 -23.4047793 0.6132010286
356 -23.81745864 0.6054057766
357 -24.23996057 0.5974483042
358 -24.6731097 0.5893181368
359 -25.11772992 0.5810053987
360 -25.57464185 0.5725009306
361 -26.04465898 0.5637964286
362 -26.52858252 0.5548846074
363 -27.02719484 0.5457593839
364 -27.54125154 0.536416081
365 -28.07147198 0.5268516465
366 -28.61852856 0.5170648839
367 -29.18303456 0.5070566866
368 -29.765531 0.4968302683
369 -30.36647259 0.4863913783
370 -30.98621329 0.4757484913
371 -31.62499184 0.4649129569
372 -32.28291789 0.4538990965
373 -32.95995938 0.4427242346
374 -33.65593187 0.4314086523
375 -34.37049046 0.4199754541
376 -35.10312505 0.4084503428
377 -35.85315954 0.3968613013
378 -36.61975529 0.3852381868
379 -37.40191925 0.3736122474
380 -38.19851665 0.3620155768
381 -39.00828801 0.3504805291
382 -39.82987006 0.3390391151
383 -40.66181976 0.3277224095
384 -41.50264046 0.3165599901
385 -42.3508093 0.3055794358
386 -43.20480461 0.294805901
387 -44.06313228 0.2842617798
388 -44.92435012 0.2739664705
389 -45.7870895 0.2639362403
390 -46.65007333 0.2541841888
391 -47.51213031 0.2447203007
392 -48.37220497 0.2355515777
393 -49.22936355 0.2266822344
394 -50.08279589 0.218113944
395 -50.93181349 0.2098461188
396 -51.77584418 0.2018762107
397 -52.61442377 0.1942000205
398 -53.44718513 0.1868120038
399 -54.27384516 0.1797055659
400 -55.09419009 0.1728733372
401 -55.90805959 0.1663074267
402 -56.71533014 0.1599996463
403 -57.51589808 0.1539417079
404 -58.30966281 0.1481253875
405 -59.0965106 0.1425426603
