0 -28.71203154 0.5159843887
1 -29.45077724 0.5029096749
2 -30.21108996 0.4896284958
3 -30.99340628 0.4761571336
4 -31.79792961 0.4625170157
5 -32.62461274 0.4487346216
6 -33.47314505 0.4348412204
7 -34.34294583 0.4208724261
8 -35.23316517 0.4068675709
9 -36.14269297 0.392868908
10 -37.07017688 0.3789206736
11 -38.01404866 0.3650680471
12 -38.97255825 0.3513560603
13 -39.94381427 0.3378285127
14 -40.92582886 0.3245269488
15 -41.91656478 0.3114897506
16 -42.91398237 0.2987513868
17 -43.9160841 0.2863418493
18 -44.92095458 0.2742862922
19 -45.92679448 0.262604872
20 -46.93194717 0.2513127787
21 -47.93491721 0.2404204322
22 -48.93438087 0.2299338155
23 -49.92918853 0.2198549101
24 -50.91835987 0.2101821993
25 -51.90107246 0.2009112082
26 -52.87664498 0.1920350509
27 -53.84451594 0.1835449623
28 -54.80421935 0.1754307948
29 -55.7553582 0.1676814675
30 -56.69757719 0.1602853572
31 -57.63053569 0.1532306277
32 -58.55388199 0.1465054937
33 -59.46723006 0.1400984205
34 -60.37013956 0.1339982639
35 -61.26210008 0.128194353
36 -62.14252019 0.1226765238
37 -63.01072184 0.1174351122
38 -63.86594023 0.1124609128
39 -64.70732914 0.1077451147
40 -65.53397142 0.1032792227
41 -66.34489389 0.0990549728
42 -67.13908591 0.09506424889
43 -67.91552052 0.09129900883
44 -68.67317698 0.08775122334
45 -69.4110629 0.08441283375
46 -70.12823141 0.08127574189
47 -70.82376977 0.07833190607
48 -71.49661669 0.07557399708
49 -72.14430743 0.07299941414
50 -72.75492448 0.07063500048
51 -73.25577524 0.06869070208
52 -73.18584685 0.06853987844
53 -69.61357853 0.0798492395
54 -44.618451 0.2136274565
55 26.67070173 0.9838067767
56 35.38126253 0.999884645
57 34.32271332 0.999876212
58 31.21166975 0.9997856987
59 27.11703763 0.9995505878
60 22.60604885 0.9989845788
61 18.06396981 0.9977160805
62 13.72978682 0.9951323038
63 9.738589093 0.9904341121
64 6.157042596 0.9828712589
65 3.004559853 0.9720762135
66 0.2665178103 0.9582645408
67 -2.094258728 0.9421463425
68 -4.12648404 0.9246392524
69 -5.881408175 0.9065924691
70 -7.407002987 0.8886423586
71 -8.745162744 0.8711915396
72 -9.930989552 0.8544519974
73 -10.99321034 0.8385035147
74 -11.95505954 0.8233439766
75 -12.83525507 0.8089254249
76 -13.64889564 0.7951773409
77 -14.40821936 0.7820206218
78 -15.12321779 0.7693754439
79 -15.80212155 0.7571653517
80 -16.45177977 0.7453191276
81 -17.07795524 0.7337714079
82 -17.68555369 0.7224626296
83 -18.27880237 0.7113386493
84 -18.86138954 0.7003502287
85 -19.43657389 0.6894524955
86 -20.00727056 0.6786044372
87 -20.57611911 0.6677684579
88 -21.14553691 0.6569100118
89 -21.71776109 0.6459973189
90 -22.29488086 0.6350011642
91 -22.878862 0.6238947807
92 -23.47156426 0.6126538129
93 -24.07475281 0.6012563582
94 -24.69010407 0.5896830837
95 -25.31920649 0.5779174113
96 -25.96355653 0.5659457636
97 -26.62455031 0.5537578613
98 -27.30347111 0.5413470569
99 -28.00147348 0.5287106882
100 -28.71956424 0.5158504273
101 -29.45858149 0.5027726028
102 -30.21917241 0.4894884618
103 -31.00177126 0.4760143437
104 -31.80657886 0.4623717337
105 -32.63354521 0.4485871681
106 -33.48235674 0.4346919693
107 -34.35242973 0.4207217998
108 -35.24291125 0.4067160325
109 -36.15268833 0.3927169521
110 -37.08040595 0.3787688157
111 -38.02449349 0.3649168113
112 -38.98319895 0.3512059672
113 -39.95462945 0.3376800673
114 -40.93679613 0.3243806291
115 -41.92766131 0.3113459976
116 -42.92518541 0.2986105967
117 -43.92737142 0.2862043676
118 -44.93230497 0.2741524099
119 -45.93818809 0.2624748244
120 -46.94336573 0.2511867463
121 -47.94634431 0.2402985429
122 -48.94580195 0.2298161489
123 -49.94059096 0.219741502
124 -50.92973282 0.210073048
125 -51.91240676 0.20080628
126 -52.88793291 0.1919342865
127 -53.85575097 0.1834482825
128 -54.81539584 0.1753381059
129 -55.76647108 0.167592666
130 -56.70862165 0.1602003343
131 -57.64150683 0.1531492725
132 -58.56477456 0.146427696
133 -59.47803818 0.140024073
134 -60.38085651 0.1339272632
135 -61.2727181 0.1281266004
136 -62.15303041 0.1226119256
137 -63.02111423 0.1173735793
138 -63.87620361 0.11240236
139 -64.71745132 0.1076894598
140 -65.54393933 0.1032263857
141 -66.35469379 0.09900487456
142 -67.14870364 0.09501681033
143 -67.92494181 0.09125415004
144 -68.6823877 0.08770886292
145 -69.42004939 0.08437288843
146 -70.13698068 0.08123812638
147 -70.83226956 0.07829653385
148 -71.50485408 0.07554078538
149 -72.15225863 0.07296831543
150 -72.7624864 0.07060620344
151 -73.26231285 0.06866593379
152 -73.18720935 0.06853117455
153 -69.5826299 0.07995181278
154 -44.39240115 0.2153198217
155 26.77951024 0.9843253286
156 35.38803094 0.9998850355
157 34.31527459 0.999876064
158 31.19850959 0.9997851938
159 27.10113937 0.9995492937
160 22.58930659 0.9989815185
161 18.04758169 0.9977094566
162 13.71444647 0.9951194355
163 9.724663233 0.9904119613
164 6.144684714 0.9828375911
165 2.993773756 0.972030734
166 0.257202883 0.9582091215
167 -2.102265039 0.9420842071
168 -4.133368365 0.9245738212
169 -5.887353855 0.9065265554
170 -7.412174785 0.8885778938
171 -8.749701035 0.8711296495
172 -9.935010258 0.8543932103
173 -10.99680757 0.8384479694
174 -11.95830911 0.8232915825
175 -12.83821798 0.8088759702
176 -13.65162106 0.7951305595
177 -14.41074717 0.7819762326
178 -15.12558053 0.7693331722
179 -15.80434599 0.7571249398
180 -16.45388814 0.7452803393
181 -17.07996613 0.7337340294
182 -17.68748284 0.7224264689
183 -18.28066321 0.7113035345
184 -18.86319364 0.7003160059
185 -19.4383313 0.6894190272
186 -20.00899013 0.6785716002
187 -20.57780864 0.6677361421
188 -21.14720339 0.6568781185
189 -21.71941077 0.6459657598
190 -22.29651943 0.6349698608
191 -22.88049461 0.6238636637
192 -23.4731956 0.6126228214
193 -24.07638716 0.6012254399
194 -24.69174532 0.5896521949
195 -25.32085817 0.5778865165
196 -25.96522179 0.5659148364
197 -26.62623192 0.5537268842
198 -27.30517148 0.5413160221
199 -28.00319457 0.5286795973
200 -28.72130762 0.5158192922
201 -29.46034823 0.5027414452
202 -30.22096313 0.4894573137
203 -31.00358605 0.4759832471
204 -31.80841732 0.4623407396
205 -32.63540637 0.448556336
206 -33.48423913 0.434661366
207 -34.35433137 0.420691498
208 -35.24482968 0.4066861089
209 -36.15462067 0.3926874858
210 -37.08234894 0.3787398856
211 -38.02644358 0.3648884947
212 -38.98515238 0.3511783372
213 -39.95658233 0.3376531913
214 -40.93874455 0.3243545672
215 -41.9296014 0.3113208013
216 -42.92711342 0.298586308
217 -43.92928383 0.2861810187
218 -44.9341985 0.2741300229
219 -45.94005977 0.262453412
220 -46.94521295 0.2511663118
221 -47.94816477 0.2402790816
222 -48.94759373 0.2297976484
223 -49.94235247 0.2197239441
224 -50.93146277 0.2100564089
225 -51.91410419 0.2007905322
226 -52.88959707 0.1919193993
227 -53.85738135 0.183434223
228 -54.81699207 0.17532484
229 -55.76803294 0.1675801591
230 -56.71014899 0.1601885518
231 -57.64299955 0.1531381803
232 -58.56623259 0.1464172609
233 -59.47946142 0.1400142628
234 -60.38224481 0.133918047
235 -61.27407128 0.1281179486
236 -62.15434822 0.1226038102
237 -63.02239635 0.1173659733
238 -63.87744967 0.1123952378
239 -64.71866089 0.107682797
240 -65.54511195 0.1032201589
241 -66.35582897 0.09899906121
242 -67.1498009 0.09501138892
243 -67.92600071 0.09124909977
244 -68.68340783 0.08770416371
245 -69.42103041 0.08436852085
246 -70.13792235 0.08123407161
247 -70.83317183 0.07829277344
248 -71.50571747 0.07553729994
249 -72.15308667 0.07296507681
250 -72.76330075 0.07060312701
251 -73.26324741 0.06866258796
252 -73.18909252 0.06852494791
253 -69.59053672 0.07992368323
254 -44.43455976 0.2149980354
255 26.763066 0.9842378194
256 35.38828535 0.9998850014
257 34.31781976 0.9998761189
258 31.20213284 0.9997853345
259 27.10532596 0.9995496359
260 22.59367138 0.9989823177
261 18.0518623 0.9977111876
262 13.71848243 0.99512282
263 9.72836432 0.9904178429
264 6.148009389 0.9828466352
265 2.99671705 0.972043118
266 0.2597869258 0.958224452
267 -2.100001061 0.9421017146
268 -4.131377824 0.924592657
269 -5.885589949 0.9065460074
270 -7.410594787 0.8885974676
271 -8.748268051 0.8711490558
272 -9.933693431 0.8544123149
273 -10.99558152 0.8384667412
274 -11.95715309 0.8233100528
275 -12.83711499 0.8088942043
276 -13.65055713 0.7951486394
277 -14.40971066 0.7819942467
278 -15.12456167 0.7693512092
279 -15.80333641 0.7571430861
280 -16.4528806 0.7452986776
281 -17.07895423 0.7337526386
282 -17.68646082 0.7224454238
283 -18.27962583 0.7113229064
284 -18.86213601 0.7003358632
285 -19.43724882 0.6894394354
286 -20.00787838 0.6785926226
287 -20.57666335 0.6677578396
288 -21.14602037 0.6569005502
289 -21.71818589 0.6459889824
290 -22.29524858 0.634993929
291 -22.87917371 0.6238886292
292 -23.47182059 0.6126487328
293 -24.07495399 0.601252342
294 -24.69025 0.5896801275
295 -25.31929674 0.5779155138
296 -25.96359044 0.5659449254
297 -26.62452697 0.5537580839
298 -27.30338945 0.5413483415
299 -28.0013323 0.5287130344
300 -28.71936227 0.5158538325
