0 -27.90867718 0.529625241
1 -28.41255863 0.5205971649
2 -28.93538826 0.5113039031
3 -29.47729872 0.5017548186
4 -30.03829318 0.4919624239
5 -30.61822786 0.4819425003
6 -31.21682121 0.4717138721
7 -31.83358673 0.461299019
8 -32.46785903 0.450723733
9 -33.11876942 0.4400169837
10 -33.78522804 0.4292108638
11 -34.46589171 0.4183406282
12 -35.15910021 0.4074451135
13 -35.86277286 0.3965676603
14 -36.57429053 0.3857571889
15 -37.29042746 0.3750685191
16 -38.00740554 0.364560946
17 -38.72110374 0.3542947233
18 -39.4273913 0.3443260842
19 -40.12250219 0.3347021205
20 -40.80335759 0.3254568767
21 -41.46776848 0.3166094984
22 -42.11449449 0.3081645602
23 -42.74317464 0.3001141198
24 -43.35417055 0.2924407681
25 -43.94836868 0.2851209467
26 -44.52698173 0.2781279834
27 -45.09137598 0.2714345291
28 -45.64293817 0.2650142895
29 -46.18298406 0.2588430946
30 -46.71270429 0.2528994235
31 -47.23313968 0.2471645344
32 -47.74517739 0.2416223357
33 -48.24956033 0.2362591123
34 -48.74690381 0.2310631904
35 -49.23771519 0.2260245935
36 -49.72241359 0.2211347234
37 -50.20134815 0.2163860811
38 -50.67481408 0.2117720332
39 -51.14306613 0.2072866223
40 -51.6063297 0.202924416
41 -52.0648097 0.198680391
42 -52.51869763 0.1945498429
43 -52.96817704 0.1905283191
44 -53.41342769 0.1866115691
45 -53.85462879 0.1827955073
46 -54.29196129 0.1790761867
47 -54.72560962 0.1754497808
48 -55.15576281 0.1719125707
49 -55.58261525 0.1684609375
50 -56.00636698 0.1650913579
51 -56.42722382 0.1618004029
52 -56.84539704 0.158584738
53 -57.26110295 0.1554411261
54 -57.67456218 0.1523664306
55 -58.08599876 0.1493576206
56 -58.49563901 0.1464117764
57 -58.9037102 0.1435260955
58 -59.31043909 0.1406979004
59 -59.71605017 0.1379246448
60 -60.12076385 0.1352039223
61 -60.52479435 0.1325334731
62 -60.92834751 0.1299111926
63 -61.33161843 0.1273351385
64 -61.73478893 0.1248035376
65 -62.13802499 0.1223147932
66 -62.54147402 0.1198674901
67 -62.94526216 0.1174603996
68 -63.34949157 0.1150924829
69 -63.75423772 0.1127628932
70 -64.15954687 0.1104709756
71 -64.56543365 0.1082162654
72 -64.97187893 0.1059984844
73 -65.37882791 0.1038175346
74 -65.78618868 0.1016734897
75 -66.19383108 0.09956658409
76 -66.60158617 0.09749719977
77 -67.00924611 0.09546585087
78 -67.41656466 0.09347316615
79 -67.82325832 0.09151986988
80 -68.22900793 0.0896067612
81 -68.63346103 0.08773469259
82 -69.03623465 0.08590454775
83 -69.43691872 0.08411721938
84 -69.8350799 0.08237358743
85 -70.23026583 0.08067449815
86 -70.62200973 0.07902074451
87 -71.00983516 0.07741304825
88 -71.39326103 0.07585204403
89 -71.77180653 0.07433826583
90 -72.14499609 0.07287213579
91 -72.51236413 0.07145395567
92 -72.87345964 0.07008390081
93 -73.22785039 0.06876201673
94 -73.57512679 0.06748821798
95 -73.91490531 0.06626228935
96 -74.24683148 0.06508388904
97 -74.57058233 0.06395255354
98 -74.88586839 0.06286770411
99 -75.19243508 0.06182865437
100 -75.49006379 0.06083461887
101 -75.77857224 0.05988472238
102 -76.05781462 0.05897800958
103 -76.32768113 0.05811345493
104 -76.58809729 0.05728997265
105 -76.83902279 0.05650642643
106 -77.08045013 0.05576163899
107 -77.31240298 0.0550544011
108 -77.53493435 0.05438348016
109 -77.74812461 0.05374762826
110 -77.95207934 0.0531455895
111 -78.14692721 0.05257610685
112 -78.3328177 0.0520379282
113 -78.50991888 0.05152981188
114 -78.67841522 0.0510505315
115 -78.8385054 0.05059888014
116 -78.99040023 0.05017367409
117 -79.13432061 0.04977375587
118 -79.27049564 0.04939799688
119 -79.39916083 0.04904529953
120 -79.52055637 0.04871459886
121 -79.63492562 0.0484048639
122 -79.74251365 0.04811509861
123 -79.84356596 0.04784434243
124 -79.93832727 0.04759167069
125 -80.0270405 0.04735619465
126 -80.10994583 0.0471370614
127 -80.18727986 0.04693345353
128 -80.25927492 0.04674458862
129 -80.32615847 0.04656971867
130 -80.38815259 0.04640812934
131 -80.44547351 0.04625913913
132 -80.49833136 0.04612209851
133 -80.54692981 0.04599638889
134 -80.59146593 0.0458814217
135 -80.63213003 0.04577663731
136 -80.6691056 0.04568150396
137 -80.70256922 0.04559551674
138 -80.73269063 0.04551819649
139 -80.75963274 0.04544908874
140 -80.7835517 0.04538776265
141 -80.80459703 0.04533380999
142 -80.82291171 0.04528684409
143 -80.83863235 0.0452464989
144 -80.85188934 0.04521242795
145 -80.86280704 0.04518430347
146 -80.87150393 0.04516181545
147 -80.87809284 0.04514467076
148 -80.88268109 0.04513259233
149 -80.88537075 0.04512531829
150 -80.88625882 0.04512260123
151 -80.88543739 0.04512420744
152 -80.88299389 0.0451299162
153 -80.87901127 0.04513951905
154 -80.8735682 0.0451528192
155 -80.86673922 0.0451696309
156 -80.85859498 0.04518977878
157 -80.84920241 0.04521309739
158 -80.83862484 0.04523943056
159 -80.82692225 0.04526863099
160 -80.81415138 0.04530055968
161 -80.80034038 0.04533514139
162 -80.78554304 0.04537225536
163 -80.76979289 0.04541181575
164 -80.7531147 0.04545376331
165 -80.73552325 0.04549806396
166 -80.71704736 0.04554465649
167 -80.69767595 0.04559356188
168 -80.67740161 0.04564480819
169 -80.65620877 0.04569843993
170 -80.6340677 0.04575453484
171 -80.61085989 0.04581335773
172 -80.58560761 0.04587696758
173 -80.54911335 0.04596465409
174 -80.41532712 0.0462577212
175 -79.38522598 0.04848860787
176 -70.10054636 0.07300111238
177 5.863387155 0.6980295083
178 38.32801851 0.9998560413
179 38.30173126 0.9999400596
180 36.73360364 0.9999211882
181 34.25905475 0.9998766394
182 31.12541903 0.9997810424
183 27.63749671 0.9995847039
184 24.05160585 0.9992003951
185 20.53714608 0.9984901418
186 17.19349278 0.9972600498
187 14.07650967 0.9952739927
188 11.21679045 0.9922939448
189 8.628872695 0.98814165
190 6.315219514 0.9827587902
191 4.268313131 0.9762361713
192 2.472661671 0.9687966758
193 0.9071961767 0.9607420815
194 -0.4521997993 0.9523897883
195 -1.630456443 0.9440227877
196 -2.651654855 0.935862696
197 -3.537988495 0.9280635402
198 -4.309252196 0.9207186586
199 -4.982706936 0.9138732864
200 -5.573176537 0.9075378604
201 -6.093266436 0.9016995588
202 -6.553631301 0.8963312707
203 -6.963247836 0.8913980771
204 -7.329669601 0.8868616794
205 -7.659253577 0.8826832746
206 -7.957355672 0.8788253219
207 -8.228496311 0.8752525502
208 -8.476499078 0.8719324609
209 -8.704605993 0.86883551
210 -8.915573006 0.8659350903
211 -9.111748993 0.8632073981
212 -9.29514109 0.860631237
213 -9.467468808 0.8581877938
214 -9.630208915 0.8558604079
215 -9.784632765 0.8536343463
216 -9.931837417 0.8514965914
217 -10.07277165 0.8494356464
218 -10.20825781 0.8474413577
219 -10.33901009 0.8455047557
220 -10.46565009 0.8436179132
221 -10.58871987 0.8417738192
222 -10.70869303 0.8399662678
223 -10.82598419 0.8381897599
224 -10.94095704 0.8364394174
225 -11.0539312 0.8347109069
226 -11.16518811 0.8330003734
227 -11.27497614 0.831304382
228 -11.38351489 0.8296198665
229 -11.49099897 0.8279440844
230 -11.59760125 0.8262745774
231 -11.70347564 0.8246091371
232 -11.80875956 0.8229457738
233 -11.91357603 0.8212826903
234 -12.0180355 0.8196182581
235 -12.12223748 0.8179509963
236 -12.22627193 0.8162795538
237 -12.33022048 0.8146026926
238 -12.43415749 0.8129192737
239 -12.53815102 0.8112282442
240 -12.64226363 0.8095286263
241 -12.74655314 0.807819507
242 -12.85107324 0.8061000291
243 -12.9558741 0.8043693835
244 -13.06100284 0.8026268018
245 -13.166504 0.8008715499
246 -13.27241995 0.7991029221
247 -13.37879126 0.7973202361
248 -13.48565697 0.7955228278
249 -13.59305497 0.793710047
250 -13.70102222 0.7918812536
251 -13.80959499 0.7900358136
252 -13.91880911 0.7881730955
253 -14.02870019 0.7862924671
254 -14.1393038 0.7843932925
255 -14.25065563 0.7824749288
256 -14.36279176 0.7805367233
257 -14.47574871 0.7785780106
258 -14.58956373 0.7765981098
259 -14.70427488 0.7745963218
260 -14.81992121 0.7725719262
261 -14.93654297 0.7705241788
262 -15.05418172 0.7684523084
263 -15.17288054 0.7663555137
264 -15.29268418 0.7642329606
265 -15.41363926 0.7620837783
266 -15.53579447 0.7599070565
267 -15.65920073 0.7577018412
268 -15.78391144 0.7554671313
269 -15.90998271 0.7532018741
270 -16.03747355 0.750904961
271 -16.16644619 0.7485752232
272 -16.29696633 0.746211426
273 -16.4291034 0.7438122638
274 -16.56293094 0.7413763543
275 -16.69852692 0.7389022317
276 -16.83597407 0.7363883408
277 -16.97536036 0.7338330286
278 -17.11677937 0.7312345375
279 -17.26033075 0.7285909962
280 -17.40612078 0.7259004107
281 -17.55426286 0.7231606545
282 -17.70487811 0.7203694585
283 -17.85809601 0.7175243992
284 -18.01405503 0.7146228874
285 -18.17290342 0.7116621547
286 -18.33479991 0.7086392409
287 -18.49991457 0.7055509791
288 -18.66842965 0.7023939814
289 -18.84054055 0.6991646229
290 -19.01645672 0.6958590258
291 -19.19640273 0.6924730429
292 -19.38061929 0.6890022408
293 -19.56936434 0.6854418832
294 -19.76291419 0.6817869143
295 -19.9615646 0.6780319431
296 -20.16563195 0.6741712279
297 -20.37545431 0.6701986638
298 -20.59139253 0.666107771
299 -20.81383121 0.6618916867
300 -21.04317962 0.6575431613
301 -21.27987242 0.6530545581
302 -21.52437025 0.6484178606
303 -21.77716004 0.6436246861
304 -22.03875507 0.6386663084
305 -22.30969459 0.6335336907
306 -22.5905431 0.6282175311
307 -22.88188908 0.6227083216
308 -23.18434312 0.6169964223
309 -23.49853536 0.6110721537
310 -23.82511226 0.6049259071
311 -24.16473246 0.5985482759
312 -24.51806171 0.5919302071
313 -24.88576698 0.5850631744
314 -25.2685094 0.5779393716
315 -25.66693636 0.5705519256
316 -26.08167252 0.5628951249
317 -26.51330996 0.5549646611
318 -26.96239754 0.5467578775
319 -27.4294296 0.5382740166
320 -27.91483423 0.5295144609
321 -28.41893417 0.5204833281
322 -28.94198521 0.511187095
323 -29.48411885 0.5016351556
324 -30.045337 0.491840054
325 -30.62549455 0.4818176037
326 -31.22430849 0.4715866604
327 -31.84129084 0.4611697335
328 -32.47577473 0.4505926427
329 -33.12688993 0.4398843819
330 -33.79354516 0.4290770638
331 -34.47439579 0.4182059589
332 -35.16778023 0.4073099145
333 -35.87161639 0.3964322777
334 -36.58328352 0.3856219725
335 -37.29955402 0.3749338208
336 -38.01664754 0.3644271192
337 -38.73044064 0.3541621212
338 -39.43680016 0.3441950563
339 -40.13195811 0.3345730064
340 -40.81283445 0.3253299972
341 -41.47723992 0.3164851465
342 -42.12393492 0.3080429925
343 -42.75256017 0.2999955506
344 -43.36347969 0.2923253662
345 -43.95758278 0.2850088356
346 -44.53608511 0.2780192437
347 -45.10035592 0.2713292027
348 -45.65178467 0.2649123855
349 -46.19168951 0.2587445945
350 -46.72126315 0.2528042875
351 -47.2415481 0.2470727058
352 -47.75343288 0.2415337456
353 -48.2576615 0.236173683
354 -48.75485013 0.2309808383
355 -49.24550679 0.2259452311
356 -49.73005109 0.221058261
357 -50.20883262 0.2163124283
358 -50.68214689 0.2117010992
359 -51.15024894 0.2072183168
360 -51.61336437 0.2028586496
361 -52.07169833 0.1986170754
362 -52.52544248 0.1944888911
363 -52.97478052 0.1904696457
364 -53.41989239 0.1865550902
365 -53.8609574 0.1827411406
366 -54.29815666 0.1790238518
367 -54.73167471 0.1753993991
368 -55.1617007 0.1718640653
369 -55.5884291 0.1684142336
370 -56.01206007 0.1650463827
371 -56.43279946 0.1617570855
372 -56.85085863 0.1585430098
373 -57.26645394 0.1554009205
374 -57.67980603 0.1523276833
375 -58.09113896 0.1493202696
376 -58.50067904 0.1463757617
377 -58.90865351 0.14349136
378 -59.31528909 0.140664389
379 -59.72081021 0.137892305
380 -60.12543719 0.1351727041
381 -60.52938415 0.132503329
382 -60.9328568 0.1298820777
383 -61.33605007 0.1273070103
384 -61.73914562 0.1247763564
385 -62.14230923 0.1222885218
386 -62.54568808 0.1198420937
387 -62.94940808 0.1174358462
388 -63.35357112 0.1150687429
389 -63.75825241 0.1127399393
390 -64.1634979 0.110448783
391 -64.56932193 0.1081948117
392 -64.97570504 0.1059777492
393 -65.38259214 0.1037974995
394 -65.78989099 0.1016541382
395 -66.19747112 0.09954790152
396 -66.6051633 0.0974791729
397 -67.01275939 0.09544846781
398 -67.42001291 0.09345641617
399 -67.82664009 0.09150374316
400 -68.2323216 0.08959124863
401 -68.63670478 0.08771978557
402 -69.03940653 0.08589023796
403 -69.44001669 0.08410349863
404 -69.83810185 0.08236044744
405 -70.23320966 0.08066193042
406 -70.62487335 0.07900874016
407 -71.01261656 0.07740159793
408 -71.39595833 0.0758411378
409 -71.77441797 0.07432789312
410 -72.14752012 0.07286228535
411 -72.5147994 0.07144461554
412 -72.87580504 0.07007505837
413 -73.23010507 0.06875365866
414 -73.57729016 0.06748033037
415 -73.91697708 0.06625485772
416 -74.24881165 0.06507689841
417 -74.57247118 0.06394598854
418 -74.88766647 0.06286154904
419 -75.19414324 0.06182289329
420 -75.49168311 0.06082923569
421 -75.78010407 0.05987970098
422 -76.05926053 0.05897333384
423 -76.32904291 0.05810910886
424 -76.5893769 0.05728594042
425 -76.84022236 0.0565026925
426 -77.08157193 0.05575818811
427 -77.31344942 0.05505121839
428 -77.53590792 0.05438055116
429 -77.74902787 0.05374493894
430 -77.95291492 0.05314312635
431 -78.14769777 0.05257385683
432 -78.33352591 0.05203587881
433 -78.51056743 0.05152795115
434 -78.67900677 0.05104884798
435 -78.83904259 0.05059736296
436 -78.99088565 0.05017231289
437 -79.13475682 0.04977254082
438 -79.27088513 0.0493969187
439 -79.39950601 0.0490443494
440 -79.5208596 0.0487137685
441 -79.63518917 0.04840414549
442 -79.74273972 0.04811448478
443 -79.84375665 0.04784382628
444 -79.9384846 0.04759124571
445 -80.02716641 0.04735585477
446 -80.11004217 0.04713680091
447 -80.18734838 0.04693326708
448 -80.25931731 0.04674447123
449 -80.32617632 0.04656966567
450 -80.38814739 0.04640813637
451 -80.44544671 0.04625920214
452 -80.4982843 0.04612221369
453 -80.54686376 0.04599655272
454 -80.5913821 0.04588163089
455 -80.63202956 0.04577688878
456 -80.66898954 0.04568179487
457 -80.70243858 0.04559584444
458 -80.73254635 0.04551855851
459 -80.75947571 0.04544948277
460 -80.78338274 0.04538818657
461 -80.80441692 0.0453342618
462 -80.82272118 0.04528732197
463 -80.83843208 0.04524700112
464 -80.85167996 0.04521295293
465 -80.86258915 0.04518484973
466 -80.87127809 0.04516238162
467 -80.87785956 0.04514525557
468 -80.88244086 0.0451331946
469 -80.88512403 0.04512593692
470 -80.88600602 0.04512323522
471 -80.88517891 0.04512485584
472 -80.8827301 0.04513057813
473 -80.87874251 0.04514019371
474 -80.87329478 0.04515350584
475 -80.86646144 0.04517032881
476 -80.85831313 0.04519048734
477 -80.84891672 0.04521381598
478 -80.83833557 0.04524015864
479 -80.82662962 0.04526936804
480 -80.81385559 0.04530130524
