0 -79.72624477 0.0481735731
1 -79.8753962 0.04777390678
2 -80.0151115 0.04740224053
3 -80.14581343 0.04705691073
4 -80.26791562 0.04673634716
5 -80.38182146 0.04643906905
6 -80.48792308 0.04616368102
7 -80.58660059 0.04590886913
8 -80.67822153 0.04567339683
9 -80.76314041 0.04545610108
10 -80.84169846 0.04525588849
11 -80.91422348 0.04507173161
12 -80.98102976 0.04490266529
13 -81.04241819 0.04474778321
14 -81.09867634 0.04460623453
15 -81.15007868 0.04447722069
16 -81.19688687 0.04435999235
17 -81.23935002 0.04425384648
18 -81.27770504 0.04415812358
19 -81.31217705 0.04407220506
20 -81.34297972 0.04399551074
21 -81.37031571 0.04392749653
22 -81.3943771 0.04386765219
23 -81.41534578 0.04381549923
24 -81.4333939 0.04377058899
25 -81.44868409 0.04373250107
26 -81.46136856 0.04370084441
27 -81.47157702 0.0436752806
28 -81.47930574 0.04365574631
29 -81.48341885 0.04364445989
30 -81.47269035 0.0436639327
31 -81.34551228 0.04391912436
32 -80.19122269 0.04630707724
33 -69.91706409 0.07299922557
34 10.47422084 0.7439891564
35 38.33941205 0.9998752919
36 38.13208178 0.999938298
37 36.37693927 0.9999160819
38 33.64376772 0.9998623815
39 30.20433479 0.9997419472
40 26.39698206 0.9994821523
41 22.50491348 0.9989494419
42 18.71547014 0.997926321
43 15.13912499 0.9961060965
44 11.83776561 0.993127675
45 8.843499983 0.9886605784
46 6.167979265 0.9825161373
47 3.806937033 0.9747287326
48 1.743624594 0.9655587226
49 -0.04740318612 0.9554177224
50 -1.596308763 0.9447618435
51 -2.934488526 0.934002766
52 -4.092060356 0.9234599834
53 -5.096390615 0.9133507252
54 -5.971459718 0.9038025221
55 -6.737785759 0.894874344
56 -7.412661195 0.8865776778
57 -8.010530447 0.878893816
58 -8.543403952 0.8717865739
59 -9.021253099 0.8652109884
60 -9.45236125 0.859118935
61 -9.84362342 0.8534625615
62 -10.20079606 0.8481962533
63 -10.52870234 0.8432776481
64 -10.83139939 0.8386680592
65 -11.1123142 0.8343325411
66 -11.37435365 0.8302397533
67 -11.61999387 0.8263617161
68 -11.8513528 0.8226735191
69 -12.0702494 0.8191530163
70 -12.278252 0.8157805302
71 -12.47671803 0.812538573
72 -12.66682676 0.8094115925
73 -12.84960634 0.8063857426
74 -13.02595636 0.8034486785
75 -13.19666663 0.800589376
76 -13.36243288 0.7977979713
77 -13.52387001 0.7950656208
78 -13.68152331 0.7923843782
79 -13.83587789 0.7897470855
80 -13.98736678 0.7871472794
81 -14.13637778 0.7845791072
82 -14.28325943 0.7820372541
83 -14.42832601 0.7795168792
84 -14.571862 0.7770135588
85 -14.71412581 0.7745232366
86 -14.85535312 0.7720421798
87 -14.99575972 0.7695669398
88 -15.13554406 0.7670943184
89 -15.27488939 0.7646213361
90 -15.41396579 0.7621452055
91 -15.55293181 0.7596633066
92 -15.691936 0.7571731644
93 -15.8311183 0.75467243
94 -15.97061122 0.7521588619
95 -16.11054092 0.7496303105
96 -16.2510282 0.7470847029
97 -16.39218937 0.7445200298
98 -16.5341371 0.7419343332
99 -16.6769811 0.7393256947
100 -16.82082884 0.7366922249
101 -16.96578617 0.734032054
102 -17.11195791 0.7313433219
103 -17.25944843 0.72862417
104 -17.40836212 0.7258727322
105 -17.55880396 0.7230871277
106 -17.71087995 0.7202654523
107 -17.86469764 0.7174057718
108 -18.02036652 0.7145061143
109 -18.17799854 0.7115644626
110 -18.33770851 0.7085787479
111 -18.4996146 0.7055468421
112 -18.66383876 0.7024665508
113 -18.83050719 0.6993356065
114 -18.99975082 0.6961516612
115 -19.1717058 0.6929122794
116 -19.34651395 0.6896149304
117 -19.52432332 0.6862569817
118 -19.70528871 0.6828356907
119 -19.88957218 0.6793481979
120 -20.07734366 0.675791519
121 -20.26878152 0.672162537
122 -20.4640732 0.6684579953
123 -20.66341581 0.6646744893
124 -20.86701682 0.6608084596
125 -21.07509474 0.6568561842
126 -21.28787981 0.6528137722
127 -21.50561472 0.6486771565
128 -21.72855537 0.6444420888
129 -21.95697159 0.6401041336
130 -22.19114791 0.6356586652
131 -22.4313843 0.6311008641
132 -22.6779969 0.626425717
133 -22.93131872 0.6216280173
134 -23.19170031 0.6167023691
135 -23.45951034 0.6116431942
136 -23.7351361 0.606444743
137 -24.01898388 0.6011011093
138 -24.31147918 0.5956062511
139 -24.61306675 0.5899540175
140 -24.92421034 0.5841381822
141 -25.24539221 0.5781524864
142 -25.57711221 0.57199069
143 -25.91988645 0.5656466339
144 -26.27424552 0.559114314
145 -26.64073199 0.5523879675
146 -27.01989741 0.5454621735
147 -27.41229839 0.5383319671
148 -27.81849194 0.5309929688
149 -28.23902989 0.523441528
150 -28.67445232 0.5156748798
151 -29.12528002 0.5076913144
152 -29.59200591 0.4994903549
153 -30.07508559 0.4910729413
154 -30.57492691 0.4824416148
155 -31.09187898 0.4736006961
156 -31.62622059 0.4645564508
157 -32.17814856 0.455317233
158 -32.7477662 0.4458935977
159 -33.33507248 0.4362983736
160 -33.93995228 0.4265466855
161 -34.56216825 0.4166559206
162 -35.20135486 0.4066456303
163 -35.85701494 0.3965373665
164 -36.52851928 0.3863544499
165 -37.21510945 0.3761216755
166 -37.91590405 0.3658649613
167 -38.62990827 0.3556109521
168 -39.35602674 0.3453865908
169 -40.09307912 0.3352186757
170 -40.83981806 0.3251334182
171 -41.59494883 0.3151560205
172 -42.3571499 0.3053102882
173 -43.1250938 0.2956182917
174 -43.89746743 0.2861000873
175 -44.67299125 0.2767735044
176 -45.45043662 0.2676540031
177 -46.22864096 0.2587546004
178 -47.00652037 0.2500858623
179 -47.78307944 0.2416559547
180 -48.55741821 0.2334707463
181 -49.32873638 0.2255339523
182 -50.0963348 0.2178473108
183 -50.85961454 0.2104107816
184 -51.61807369 0.2032227588
185 -52.37130226 0.1962802887
186 -53.11897539 0.1895792875
187 -53.86084519 0.1831147524
188 -54.59673153 0.176880961
189 -55.32651186 0.1708716583
190 -56.05011057 0.1650802262
191 -56.76748791 0.1594998361
192 -57.4786287 0.154123583
193 -58.18353115 0.1489446005
194 -58.88219594 0.1439561583
195 -59.57461565 0.1391517403
196 -60.26076497 0.1345251062
197 -60.94059166 0.130070336
198 -61.61400861 0.1257818592
199 -62.28088717 0.1216544686
200 -62.94105183 0.1176833219
201 -63.59427652 0.1138639304
202 -64.2402826 0.1101921388
203 -64.87873858 0.1066640946
204 -65.50926162 0.1032762129
205 -66.13142078 0.1000251351
206 -66.74474192 0.09690768563
207 -67.34871409 0.09392082713
208 -67.94279711 0.09106161766
209 -68.52643028 0.08832716966
210 -69.0990417 0.0857146133
211 -69.66005808 0.08322106482
212 -70.20891458 0.08084360065
213 -70.74506439 0.07857923779
214 -71.26798795 0.07642492049
215 -71.77720118 0.07437751307
216 -72.27226301 0.0724337984
217 -72.75278154 0.07059048141
218 -73.21841919 0.06884419699
219 -73.66889645 0.06719152119
220 -74.10399438 0.06562898508
221 -74.52355594 0.06415309041
222 -74.9274861 0.06276032618
223 -75.31575089 0.06144718548
224 -75.68837557 0.06021018217
225 -76.04544195 0.05904586665
226 -76.38708508 0.05795084057
227 -76.71348945 0.05692177016
228 -77.02488473 0.05595539795
229 -77.32154137 0.05504855289
230 -77.60376594 0.05419815875
231 -77.87189657 0.05340124096
232 -78.12629829 0.05265493179
233 -78.36735866 0.05195647416
234 -78.59548344 0.05130322406
235 -78.81109257 0.05069265187
236 -79.01461645 0.05012234248
237 -79.20649239 0.04958999464
238 -79.38716148 0.04909341948
239 -79.55706573 0.04863053832
240 -79.71664546 0.04819938006
241 -79.86633711 0.04779807808
242 -80.00657122 0.04742486677
243 -80.13777076 0.04707807792
244 -80.26034969 0.04675613686
245 -80.37471175 0.0464575585
246 -80.48124951 0.04618094334
247 -80.58034359 0.04592497345
248 -80.67236206 0.0456884085
249 -80.75765999 0.04547008182
250 -80.83657921 0.04526889658
251 -80.90944813 0.04508382204
252 -80.97658166 0.04491388993
253 -81.03828131 0.04475819097
254 -81.09483529 0.04461587153
255 -81.1465187 0.04448613038
256 -81.19359383 0.04436821567
257 -81.23631038 0.044261422
258 -81.27490589 0.04416508763
259 -81.30960605 0.04407859184
260 -81.34062511 0.04400135247
261 -81.36816629 0.04393282354
262 -81.3924222 0.04387249304
263 -81.41357526 0.0438198808
264 -81.43179812 0.04377453659
265 -81.44725389 0.04373603853
266 -81.46009524 0.04370399416
267 -81.47045235 0.04367806376
268 -81.47832189 0.04365818277
269 -81.48256846 0.04364656839
270 -81.47196721 0.04366573019
271 -81.34491997 0.04392061391
272 -80.19087716 0.04630806846
273 -69.91833363 0.07299564878
274 10.46215063 0.7438733836
275 38.33898958 0.99987524
276 38.13186115 0.9999382954
277 36.37655676 0.9999160763
278 33.64310089 0.9998623652
279 30.20330637 0.9997419001
280 26.39556034 0.999482022
281 22.5031056 0.9989491087
282 18.71331038 0.9979255465
283 15.13666468 0.9961044723
284 11.83506524 0.9931246075
285 8.840622324 0.9886553465
286 6.164982919 0.9825080259
287 3.803871158 0.9747171872
288 1.740525853 0.9655434489
289 -0.05051107927 0.9553986925
290 -1.599413427 0.944739228
291 -2.937586252 0.9339768419
292 -4.095153321 0.9234310564
293 -5.099484519 0.9133190803
294 -5.974562024 0.9037684012
295 -6.740904504 0.8948379406
296 -7.415804254 0.8865391414
297 -8.013705123 0.8788532593
298 -8.546616779 0.8717440817
299 -9.024509777 0.8651666241
300 -9.455666659 0.8590727468
301 -9.846981675 0.8534145866
302 -10.20421059 0.8481465213
303 -10.53217597 0.8432261833
304 -10.83493443 0.8386148819
305 -11.1159125 0.8342776693
306 -11.37801669 0.8301832028
307 -11.62372282 0.8263035014
308 -11.85514857 0.8226136532
309 -12.0741127 0.8190915114
310 -12.28218338 0.8157173974
311 -12.4807179 0.8124738226
312 -12.67089541 0.8093452335
313 -12.85374403 0.8063177832
314 -13.03016328 0.8033791257
315 -13.20094295 0.8005182356
316 -13.36677875 0.7977252479
317 -13.5282856 0.7949913178
318 -13.6860088 0.7923084973
319 -13.84043349 0.7896696274
320 -13.99199274 0.787068243
321 -14.14107441 0.7844984899
322 -14.28802708 0.7819550518
323 -14.43316512 0.7794330862
324 -14.57677305 0.7769281675
325 -14.71910937 0.7744362378
326 -14.86040984 0.7719535624
327 -15.00089034 0.769476691
328 -15.1407494 0.7670024233
329 -15.28017038 0.7645277781
330 -15.41932344 0.7620499658
331 -15.55836725 0.7595663644
332 -15.69745046 0.7570744969
333 -15.83671313 0.754572012
334 -15.97628788 0.7520566662
335 -16.11630099 0.7495263074
336 -16.25687339 0.7469788605
337 -16.39812153 0.7444123137
338 -16.5401582 0.7418247063
339 -16.68309326 0.7392141173
340 -16.82703433 0.7365786546
341 -16.97208742 0.7339164457
342 -17.11835751 0.7312256274
343 -17.26594914 0.7285043379
344 -17.41496687 0.7257507082
345 -17.56551588 0.722962854
346 -17.71770236 0.7201388676
347 -17.87163405 0.7172768113
348 -18.02742069 0.7143747092
349 -18.18517442 0.7114305404
350 -18.34501031 0.7084422318
351 -18.50704678 0.705407651
352 -18.67140604 0.7023245991
353 -18.83821458 0.6991908039
354 -19.00760361 0.6960039124
355 -19.17970959 0.6927614838
356 -19.35467469 0.6894609822
357 -19.53264729 0.6860997694
358 -19.71378255 0.6826750969
359 -19.89824292 0.6791840991
360 -20.08619875 0.6756237852
