0 -49.88351921 0.219995145
1 -50.67170465 0.2122598004
2 -51.45565494 0.2047819655
3 -52.23491212 0.1975592052
4 -53.0091083 0.1905878138
5 -53.77795804 0.1838630364
6 -54.54124909 0.1773792847
7 -55.29883199 0.1711303395
8 -56.05060856 0.16510954
9 -56.79651978 0.1593099544
10 -57.53653313 0.153724533
11 -58.27062981 0.1483462403
12 -58.99879192 0.1431681685
13 -59.72099006 0.1381836294
14 -60.43717145 0.1333862269
15 -61.14724903 0.1287699108
16 -61.85109165 0.124329011
17 -62.54851575 0.1200582548
18 -63.23927882 0.115952768
19 -63.9230748 0.1120080607
20 -64.59953163 0.1082200012
21 -65.26821116 0.1045847784
22 -65.9286114 0.1010988564
23 -66.58017117 0.09775892301
24 -67.22227685 0.09456183505
25 -67.85427127 0.09150456337
26 -68.47546421 0.08858413937
27 -69.08514423 0.0857976058
28 -69.68259145 0.08314197331
29 -70.2670907 0.0806141844
30 -70.83794459 0.07821108547
31 -71.39448622 0.07592940753
32 -71.93609089 0.07376575546
33 -72.4621866 0.07171660535
34 -72.97226302 0.06977830912
35 -73.46587887 0.06794710537
36 -73.94266735 0.06621913526
37 -74.40233987 0.0645904622
38 -74.84468793 0.06305709402
39 -75.26958332 0.06161500653
40 -75.67697688 0.06026016746
41 -76.0668958 0.05898855981
42 -76.43943989 0.05779620408
43 -76.79477686 0.05667917864
44 -77.13313694 0.05563363805
45 -77.454807 0.05465582906
46 -77.76012431 0.05374210413
47 -78.04947027 0.05288893253
48 -78.32326402 0.05209290914
49 -78.58195627 0.05135076101
50 -78.82602336 0.05065935185
51 -79.05596162 0.05001568482
52 -79.27228209 0.04941690355
53 -79.47550569 0.04886029194
54 -79.66615879 0.04834327263
55 -79.8447693 0.04786340458
56 -80.0118631 0.04741837981
57 -80.16796099 0.04700601949
58 -80.31357605 0.04662426961
59 -80.44921138 0.04627119616
60 -80.57535821 0.04594498021
61 -80.69249433 0.0456439127
62 -80.80108292 0.04536638928
63 -80.90157154 0.04511090501
64 -80.99439147 0.04487604923
65 -81.07995721 0.04466050043
66 -81.1586662 0.0444630213
67 -81.23089873 0.04428245387
68 -81.29701794 0.04411771493
69 -81.35737 0.0439677915
70 -81.41228435 0.04383173657
71 -81.46207405 0.04370866505
72 -81.5070362 0.04359774988
73 -81.54745238 0.04349821837
74 -81.58358919 0.04340934872
75 -81.61569874 0.04333046673
76 -81.64401922 0.0432609429
77 -81.66877487 0.04320019044
78 -81.69017212 0.04314767162
79 -81.70836055 0.04310297397
80 -81.72308433 0.04306650211
81 -81.73060233 0.04304559827
82 -81.69646865 0.04310869645
83 -81.31479391 0.04387057319
84 -77.88303297 0.05130133858
85 -48.18686659 0.1717309908
86 35.25377136 0.9942911208
87 38.52862447 0.9999408117
88 37.34821554 0.9999294021
89 35.03182599 0.9998931142
90 31.83616913 0.9998087719
91 28.08991143 0.9996205494
92 24.12517713 0.9992182713
93 20.18532501 0.9984086003
94 16.42102418 0.9968959869
95 12.91857477 0.9942988467
96 9.724583764 0.9902231917
97 6.859725681 0.9843844394
98 4.325356666 0.9767222079
99 2.107688865 0.9674396913
100 0.181999815 0.9569446087
101 -1.482835115 0.945732187
102 -2.92019861 0.9342733063
103 -4.162622777 0.9229464234
104 -5.239894948 0.9120164019
105 -6.178187367 0.9016441797
106 -6.999885069 0.8919095578
107 -7.723812033 0.8828354623
108 -8.36564067 0.8744083207
109 -8.93835333 0.8665931858
110 -9.45268593 0.8593441048
111 -9.917522478 0.8526108111
112 -10.34023101 0.8463428111
113 -10.72694239 0.8404917247
114 -11.08277833 0.8350125021
115 -11.41203614 0.8298639445
116 -11.71833803 0.8250088076
117 -12.00475143 0.8204136706
118 -12.2738861 0.8160486798
119 -12.52797271 0.811887237
120 -12.76892655 0.8079056737
121 -12.99839942 0.8040829324
122 -13.21782206 0.8004002681
123 -13.42843896 0.7968409759
124 -13.63133705 0.7933901462
125 -13.82746957 0.7900344459
126 -14.01767577 0.7867619258
127 -14.20269754 0.7835618509
128 -14.38319323 0.7804245515
129 -14.55974941 0.777341292
130 -14.73289074 0.774304157
131 -14.90308844 0.7713059507
132 -15.07076743 0.7683401085
133 -15.23631258 0.76540062
134 -15.40007392 0.7624819609
135 -15.5623713 0.7595790325
136 -15.72349833 0.7566871087
137 -15.88372588 0.7538017891
138 -16.04330507 0.7509189572
139 -16.20246995 0.7480347423
140 -16.3614399 0.7451454871
141 -16.52042162 0.7422477166
142 -16.67961108 0.7393381119
143 -16.83919515 0.7364134849
144 -16.99935309 0.7334707561
145 -17.16025795 0.7305069345
146 -17.32207778 0.7275190978
147 -17.48497677 0.7245043758
148 -17.64911634 0.7214599336
149 -17.81465613 0.7183829563
150 -17.98175489 0.7152706345
151 -18.15057138 0.7121201509
152 -18.32126525 0.7089286667
153 -18.49399778 0.7056933092
154 -18.66893277 0.7024111594
155 -18.8462372 0.6990792399
156 -19.0260821 0.6956945037
157 -19.20864326 0.6922538221
158 -19.394102 0.6887539736
159 -19.58264592 0.6851916328
160 -19.77446973 0.681563359
161 -19.96977599 0.6778655855
162 -20.16877592 0.6740946086
163 -20.37169023 0.6702465771
164 -20.57874992 0.6663174817
165 -20.7901972 0.6623031452
166 -21.00628625 0.6581992128
167 -21.22728419 0.654001143
168 -21.4534719 0.6497042
169 -21.6851449 0.6453034464
170 -21.92261428 0.6407937375
171 -22.16620747 0.6361697178
172 -22.41626912 0.6314258193
173 -22.67316182 0.6265562627
174 -22.93726682 0.6215550622
175 -23.20898457 0.6164160337
176 -23.48873517 0.6111328089
177 -23.77695867 0.6056988548
178 -24.07411505 0.6001074995
179 -24.38068399 0.5943519671
180 -24.69716432 0.588425421
181 -25.02407299 0.5823210182
182 -25.36194362 0.5760319749
183 -25.71132443 0.5695516455
184 -26.07277561 0.5628736158
185 -26.44686587 0.5559918111
186 -26.83416822 0.5489006201
187 -27.23525489 0.5415950346
188 -27.65069123 0.5340708053
189 -28.08102873 0.5263246105
190 -28.52679698 0.5183542382
191 -28.98849469 0.5101587761
192 -29.46657983 0.5017388063
193 -29.96145903 0.4930965981
194 -30.47347645 0.4842362929
195 -31.00290229 0.4751640718
196 -31.54992142 0.4658882987
197 -32.11462235 0.4564196272
198 -32.69698713 0.4467710642
199 -33.29688252 0.4369579803
200 -33.91405291 0.4269980602
201 -34.54811555 0.4169111882
202 -35.19855838 0.4067192666
203 -35.86474074 0.3964459675
204 -36.54589736 0.3861164241
205 -37.2411454 0.3757568683
206 -37.9494947 0.3653942273
207 -38.66986096 0.3550556926
208 -39.40108129 0.344768278
209 -40.14193191 0.3345583833
210 -40.89114712 0.3244513792
211 -41.64743915 0.3144712294
212 -42.40951793 0.3046401623
213 -43.17611038 0.2949784007
214 -43.94597852 0.2855039566
215 -44.71793582 0.276232494
216 -45.49086148 0.2671772568
217 -46.26371238 0.2583490611
218 -47.03553236 0.2497563435
219 -47.80545899 0.2414052586
220 -48.57272757 0.2332998173
221 -49.33667282 0.2254420563
222 -50.09672808 0.2178322307
223 -50.85242243 0.2104690203
224 -51.6033759 0.2033497433
225 -52.34929302 0.1964705705
226 -53.08995492 0.1898267346
227 -53.82521019 0.1834127304
228 -54.55496488 0.1772225031
229 -55.27917165 0.1712496212
230 -55.99781838 0.1654874342
231 -56.71091657 0.1599292109
232 -57.41848953 0.1545682614
233 -58.1205607 0.1493980397
234 -58.81714245 0.1444122272
235 -59.50822531 0.1396047991
236 -60.19376824 0.1349700721
237 -60.87368989 0.1305027355
238 -61.5478612 0.1261978652
239 -62.21609972 0.1220509238
240 -62.87816549 0.1180577464
241 -63.53375898 0.114214515
242 -64.18252096 0.1105177227
243 -64.82403433 0.1069641308
244 -65.45782802 0.1035507204
245 -66.08338258 0.1002746415
246 -66.70013748 0.0971331611
247 -67.30749977 0.09412361342
248 -67.90485375 0.09124335373
249 -68.49157137 0.08848971726
250 -69.067023 0.08585998467
251 -69.63058818 0.08335135471
252 -70.18166599 0.08096092449
253 -70.71968486 0.07868567728
254 -71.24411137 0.07652247755
255 -71.75445805 0.07446807252
256 -72.25028984 0.07251909933
257 -72.73122927 0.07067209697
258 -73.19696025 0.06892352182
259 -73.6472305 0.06726976578
260 -74.08185271 0.06570717599
261 -74.50070447 0.06423207532
262 -74.90372715 0.06284078281
263 -75.29092386 0.0615296334
264 -75.66235652 0.06029499654
265 -76.01814233 0.05913329337
266 -76.35844918 0.05804101343
267 -76.6834864 0.05701474022
268 -76.99345876 0.05605126569
269 -77.28820995 0.05514846333
270 -77.5642473 0.05431249988
271 -77.78977837 0.05361773375
272 -77.69625153 0.05370726632
273 -75.05325209 0.06031482132
274 -51.92246355 0.1551548179
275 31.1571796 0.9841429997
276 37.82699408 0.9999294509
277 36.72636687 0.9999207819
278 34.17082566 0.9998751031
279 30.66981607 0.9997640028
280 26.62470106 0.9995064553
281 22.3956832 0.998937331
282 18.23660251 0.9977634283
283 14.30243432 0.9955426817
284 10.68077774 0.9917333013
285 7.416094117 0.9858393277
286 4.522714436 0.9776051411
287 1.992025314 0.967142395
288 -0.2014035693 0.9549020832
289 -2.09329683 0.9415188262
290 -3.723528743 0.9276318352
291 -5.131437407 0.9137655066
292 -6.352982938 0.9002873243
293 -7.419477893 0.8874187811
294 -8.357366507 0.8752687004
295 -9.1885742 0.8638688612
296 -9.931097087 0.8532031982
297 -10.59964089 0.8432287462
298 -11.20621559 0.8338894483
299 -11.76064943 0.8251246958
300 -12.27101533 0.8168742969
301 -12.74397679 0.8090811583
302 -13.18506468 0.8016925605
303 -13.59889746 0.7946606021
304 -13.98935595 0.7879421768
305 -14.35972204 0.7814987007
306 -14.71278912 0.7752957251
307 -15.05095023 0.7693025092
308 -15.37626879 0.7634915944
309 -15.69053565 0.7578384048
310 -15.99531522 0.7523208808
311 -16.2919832 0.7469191518
312 -16.58175737 0.7416152461
313 -16.86572308 0.7363928353
314 -17.14485428 0.7312370109
315 -17.42003115 0.7261340896
316 -17.69205486 0.7210714426
317 -17.96165998 0.7160373469
318 -18.2295251 0.7110208551
319 -18.49628184 0.7060116821
320 -18.76252262 0.7010001046
321 -19.0288074 0.6959768738
322 -19.2956695 0.690933138
323 -19.56362075 0.6858603751
324 -19.833156 0.6807503323
325 -20.10475711 0.6755949735
326 -20.37889654 0.6703864335
327 -20.65604053 0.6651169776
328 -20.93665198 0.6597789666
329 -21.22119303 0.654364828
330 -21.51012737 0.648867031
331 -21.80392236 0.643278068
332 -22.10305084 0.6375904402
333 -22.40799282 0.6317966494
334 -22.71923685 0.6258891949
335 -23.03728121 0.6198605777
336 -23.36263482 0.61370331
337 -23.69581788 0.6074099334
338 -24.03736221 0.6009730448
339 -24.3878112 0.5943853309
340 -24.74771946 0.5876396126
341 -25.11765188 0.5807289006
342 -25.49818231 0.5736464613
343 -25.88989164 0.5663858959
344 -26.29336525 0.5589412316
345 -26.70918972 0.5513070259
346 -27.13794889 0.5434784845
347 -27.580219 0.5354515911
348 -28.03656307 0.5272232498
349 -28.50752433 0.5187914372
350 -28.99361883 0.5101553623
351 -29.49532719 0.5013156306
352 -30.01308549 0.4922744093
353 -30.54727565 0.483035586
354 -31.09821516 0.4736049177
355 -31.66614663 0.4639901603
356 -32.25122731 0.4542011729
357 -32.853519 0.444249988
358 -33.47297857 0.43415084
359 -34.10944984 0.4239201445
360 -34.76265686 0.413576424
361 -35.43219932 0.4031401732
362 -36.11755041 0.392633665
363 -36.81805738 0.3820806966
364 -37.53294516 0.3715062808
365 -38.26132315 0.36093629
366 -39.00219504 0.3503970635
367 -39.75447167 0.3399149913
368 -40.51698645 0.3295160894
369 -41.28851292 0.3192255825
370 -42.06778394 0.3090675098
371 -42.85351174 0.2990643683
372 -43.64440814 0.289236806
373 -44.4392043 0.2796033743
374 -45.23666927 0.2701803456
375 -46.03562683 0.2609815991
376 -46.83497002 0.2520185726
377 -47.63367322 0.243300278
378 -48.43080131 0.2348333728
379 -49.2255161 0.2266222797
380 -50.01707972 0.2186693462
381 -50.80485545 0.2109750327
382 -51.58830586 0.2035381215
383 -52.36698868 0.1963559374
384 -53.14055059 0.1894245716
385 -53.90871928 0.1827391037
386 -54.67129393 0.1762938147
387 -55.42813463 0.1700823888
388 -56.1791507 0.1640980989
389 -56.92428845 0.1583339751
390 -57.66351846 0.1527829537
391 -58.39682278 0.1474380073
392 -59.12418215 0.1422922531
393 -59.84556363 0.1373390427
394 -60.56090894 0.1325720309
395 -61.27012362 0.1279852258
396 -61.97306755 0.1235730204
397 -62.6695469 0.1193302063
398 -63.35930789 0.1152519725
399 -64.0420326 0.1113338888
400 -64.7173369 0.1075718773
401 -65.38477083 0.1039621733
402 -66.04382126 0.1005012786
403 -66.6939169 0.09718590903
404 -67.33443553 0.09401293993
405 -67.96471316 0.09097935075
406 -68.58405483 0.08808217246
407 -69.19174665 0.08531843918
408 -69.78706864 0.08268514597
409 -70.36930795 0.0801792142
410 -70.9377719 0.07779746517
411 -71.49180052 0.07553660237
412 -72.03077804 0.07339320229
413 -72.55414316 0.07136371314
414 -73.06139778 0.06944446068
415 -73.55211394 0.06763166015
416 -74.025939 0.06592143287
417 -74.482599 0.06430982654
418 -74.92190025 0.06279283768
419 -75.34372924 0.06136643542
420 -75.74805109 0.06002658532
421 -76.1349067 0.05876927262
422 -76.50440876 0.05759052408
423 -76.85673695 0.05648642809
424 -77.19213241 0.0554531525
425 -77.51089181 0.05448696018
426 -77.81336108 0.05358422212
427 -78.09992908 0.05274142804
428 -78.37102129 0.05195519479
429 -78.62709367 0.0512222725
430 -78.86862672 0.05053954875
431 -79.09611994 0.04990405095
432 -79.31008664 0.04931294722
433 -79.51104914 0.0487635458
434 -79.69953451 0.04825329343
435 -79.8760706 0.04777977269
436 -80.04118269 0.04734069865
437 -80.19539046 0.04693391484
438 -80.33920542 0.04655738881
439 -80.47312871 0.0462092073
440 -80.59764931 0.04588757123
441 -80.71324253 0.04559079051
442 -80.82036882 0.04531727882
443 -80.91947292 0.04506554837
444 -81.01098315 0.04483420473
445 -81.09531099 0.04462194173
446 -81.17285084 0.04442753655
447 -81.24397993 0.04424984489
448 -81.30905835 0.04408779635
449 -81.36842929 0.04394039005
450 -81.42241922 0.0438066903
451 -81.47133833 0.04368582265
452 -81.51548093 0.04357697001
453 -81.55512588 0.043479369
454 -81.59053716 0.04339230655
455 -81.62196438 0.04331511666
456 -81.64964329 0.04324717742
457 -81.67379582 0.04318790924
458 -81.69462611 0.04313678118
459 -81.71228084 0.04309338855
460 -81.72649518 0.04305815556
461 -81.73346325 0.0430385535
462 -81.69817523 0.04310413192
463 -81.3097129 0.0438798314
464 -77.82074813 0.05144462181
465 -47.64074229 0.1750799984
466 35.38042694 0.9946494023
467 38.52646166 0.9999408611
468 37.33586557 0.9999292489
469 35.01281772 0.9998927453
470 31.81284827 0.9998079525
471 28.0650408 0.9996188119
472 24.10093265 0.9992148016
473 20.16303514 0.9984021848
474 16.40136476 0.9968851447
475 12.90181532 0.9942822546
476 9.710752338 0.9902003426
477 6.848700463 0.9843562293
478 4.316920748 0.976691055
479 2.101571823 0.9674090553
480 0.177913044 0.9569181805
481 -1.48517091 0.9457131718
482 -2.921035887 0.9342640469
483 -4.162179079 0.9229483566
484 -5.238351763 0.912030212
485 -6.175693028 0.9016700126
486 -6.996559413 0.8919472179
487 -7.719751389 0.8828845623
488 -8.360922465 0.874468383
489 -8.933039995 0.8666637067
490 -9.44682809 0.8594245907
491 -9.91116148 0.8527007977
492 -10.33340089 0.8464418725
493 -10.71967142 0.8405994758
494 -11.07509014 0.8351285978
495 -11.40395069 0.829988077
496 -11.70987227 0.8251407038
497 -11.99591983 0.8205530885
498 -12.26470108 0.8161954054
499 -12.51844497 0.8120410818
500 -12.75906532 0.8080664719
501 -12.98821266 0.8042505388
502 -13.20731661 0.8005745565
503 -13.41762065 0.7970218375
504 -13.62021084 0.7935774879
505 -13.81603959 0.7902281896
506 -14.0059454 0.7869620073
507 -14.19066946 0.7837682194
508 -14.37086945 0.7806371685
509 -14.5471313 0.7775601313
510 -14.71997908 0.7745292038
511 -14.88988338 0.7715372016
512 -15.05726858 0.7685775712
513 -15.22251895 0.7656443132
514 -15.38598397 0.7627319139
515 -15.54798291 0.7598352854
516 -15.70880883 0.7569497123
517 -15.86873201 0.7540708053
518 -16.028003 0.7511944584
519 -16.18685526 0.7483168123
520 -16.34550755 0.7454342206
521 -16.50416598 0.7425432203
522 -16.66302586 0.7396405038
523 -16.82227342 0.7367228955
524 -16.98208723 0.7337873284
525 -17.14263962 0.7308308242
526 -17.30409792 0.7278504743
527 -17.46662554 0.7248434225
528 -17.63038311 0.7218068482
529 -17.79552941 0.7187379519
530 -17.9622223 0.7156339401
531 -18.13061961 0.7124920122
532 -18.30088 0.7093093466
533 -18.47316373 0.7060830892
534 -18.64763345 0.70281034
535 -18.82445503 0.6994881421
536 -19.00379823 0.6961134695
537 -19.18583754 0.6926832161
538 -19.37075288 0.6891941839
539 -19.5587304 0.6856430722
540 -19.74996322 0.6820264666
541 -19.94465224 0.6783408276
542 -20.14300691 0.6745824804
543 -20.34524607 0.6707476038
544 -20.55159874 0.6668322202
545 -20.76230498 0.6628321853
546 -20.97761678 0.6587431787
547 -21.19779885 0.6545606946
548 -21.42312959 0.650280034
549 -21.65390189 0.6458962975
550 -21.89042404 0.6414043792
551 -22.13302059 0.6367989632
552 -22.38203314 0.6320745213
553 -22.63782113 0.6272253137
554 -22.90076252 0.6222453936
555 -23.1712544 0.6171286146
556 -23.44971344 0.6118686439
557 -23.7365762 0.6064589807
558 -24.03229918 0.6008929814
559 -24.33735864 0.5951638925
560 -24.65225005 0.5892648927
561 -24.97748721 0.5831891452
562 -25.31360081 0.5769298617
563 -25.66113656 0.5704803787
564 -26.02065253 0.5638342485
565 -26.39271595 0.5569853446
566 -26.77789908 0.5499279829
567 -27.17677426 0.542657059
568 -27.58990804 0.5351682008
569 -28.01785431 0.5274579354
570 -28.46114644 0.5195238688
