0 -19.28480189 0.6907583047
1 -19.45618172 0.6875238581
2 -19.63074328 0.6842256879
3 -19.80862946 0.680861259
4 -19.98999104 0.6774279094
5 -20.1749872 0.6739228445
6 -20.36378595 0.6703431309
7 -20.55656468 0.6666856909
8 -20.7535107 0.6629472966
9 -20.95482177 0.6591245639
10 -21.16070669 0.6552139476
11 -21.37138586 0.6512117365
12 -21.58709193 0.6471140488
13 -21.80807035 0.6429168283
14 -22.03458003 0.6386158424
15 -22.26689388 0.6342066802
16 -22.50529947 0.6296847527
17 -22.75009949 0.6250452948
18 -23.00161236 0.6202833697
19 -23.26017262 0.6153938755
20 -23.5261313 0.6103715558
21 -23.79985623 0.6052110135
22 -24.08173215 0.5999067293
23 -24.3721607 0.5944530856
24 -24.67156017 0.5888443955
25 -24.98036507 0.5830749397
26 -25.29902532 0.5771390102
27 -25.62800521 0.5710309624
28 -25.96778189 0.5647452768
29 -26.31884344 0.5582766311
30 -26.68168638 0.5516199818
31 -27.05681271 0.5447706584
32 -27.44472618 0.5377244681
33 -27.84592802 0.5304778121
34 -28.26091179 0.5230278133
35 -28.69015761 0.5153724526
36 -29.13412554 0.507510714
37 -29.59324821 0.4994427354
38 -30.06792278 0.4911699607
39 -30.55850225 0.482695291
40 -31.06528629 0.4740232284
41 -31.58851176 0.4651600068
42 -32.12834311 0.4561137042
43 -32.68486304 0.4468943285
44 -33.25806361 0.4375138702
45 -33.8478382 0.4279863158
46 -34.45397479 0.4183276154
47 -35.07615077 0.4085556006
48 -35.71392979 0.3986898493
49 -36.36676088 0.3887514975
50 -37.03398012 0.3787629995
51 -37.71481497 0.3687478421
52 -38.40839144 0.3587302199
53 -39.11374378 0.3487346809
54 -39.82982676 0.3387857563
55 -40.55552995 0.3289075845
56 -41.2896938 0.3191235462
57 -42.03112679 0.3094559208
58 -42.77862323 0.2999255777
59 -43.53098104 0.2905517117
60 -44.28701896 0.2813516295
61 -45.04559267 0.272340593
62 -45.80560935 0.2635317191
63 -46.56604032 0.2549359374
64 -47.32593154 0.2465619999
65 -48.0844117 0.2384165387
66 -48.84069798 0.2305041657
67 -49.59409943 0.2228276039
68 -50.34401804 0.2153878469
69 -51.08994774 0.2081843342
70 -51.83147136 0.2012151395
71 -52.56825598 0.1944771629
72 -53.30004666 0.1879663225
73 -54.02665892 0.1816777409
74 -54.74797011 0.1756059238
75 -55.46390992 0.169744926
76 -56.17445011 0.1640885054
77 -56.87959388 0.1586302613
78 -57.57936473 0.153363758
79 -58.27379535 0.1482826313
80 -58.96291648 0.1433806804
81 -59.64674607 0.1386519417
82 -60.32527894 0.1340907482
83 -60.99847716 0.1296917721
84 -61.66626137 0.1254500526
85 -62.32850338 0.1213610092
86 -62.98502011 0.1174204413
87 -63.63556931 0.113624515
88 -64.279847 0.1099697398
89 -64.91748694 0.1064529338
90 -65.54806208 0.1030711839
91 -66.17108812 0.09982179767
92 -66.78602884 0.09670225414
93 -67.39230342 0.0937101519
94 -67.98929513 0.0908431588
95 -68.57636138 0.08809896438
96 -69.15284455 0.085475237
97 -69.71808349 0.08296958686
98 -70.27142501 0.08057953613
99 -70.81223518 0.07830249645
100 -71.33991008 0.07613575425
101 -71.85388556 0.07407646346
102 -72.35364586 0.07212164517
103 -72.83873099 0.07026819345
104 -73.30874248 0.06851288634
105 -73.76334777 0.066852401
106 -74.20228298 0.06528333188
107 -74.62535427 0.06380221099
108 -75.03243783 0.06240552913
109 -75.42347862 0.0610897574
110 -75.79848809 0.0598513682
111 -76.15754091 0.05868685513
112 -76.50077108 0.05759275144
113 -76.82836734 0.05656564659
114 -77.1405683 0.05560220094
115 -77.43765727 0.05469915825
116 -77.71995692 0.05385335622
117 -77.98782407 0.05306173489
118 -78.24164443 0.05232134329
119 -78.48182762 0.05162934418
120 -78.70880238 0.05098301731
121 -78.92301214 0.05037976118
122 -79.12491082 0.04981709362
123 -79.31495902 0.04929265127
124 -79.49362062 0.04880418813
125 -79.66135967 0.04834957342
126 -79.81863762 0.04792678876
127 -79.96591099 0.04753392494
128 -80.10362927 0.04716917822
129 -80.23223317 0.04683084648
130 -80.35215315 0.04651732505
131 -80.4638082 0.04622710253
132 -80.5676049 0.04595875649
133 -80.66393665 0.04571094917
134 -80.7531831 0.04548242328
135 -80.83570979 0.04527199776
136 -80.91186791 0.04507856374
137 -80.98199421 0.04490108054
138 -81.04641097 0.04473857186
139 -81.10542616 0.04459012211
140 -81.1593336 0.04445487283
141 -81.20841326 0.04433201933
142 -81.25293153 0.04422080747
143 -81.29314159 0.04412053061
144 -81.32928386 0.0440305267
145 -81.36158634 0.0439501755
146 -81.39026513 0.04387889602
147 -81.41552486 0.04381614404
148 -81.43755912 0.04376140983
149 -81.456551 0.04371421592
150 -81.47267348 0.04367411512
151 -81.48608996 0.04364068853
152 -81.49695465 0.04361354377
153 -81.50541308 0.04359231328
154 -81.51160248 0.04357665273
155 -81.51565224 0.04356623952
156 -81.51768429 0.04356077141
157 -81.51781351 0.04355996519
158 -81.5161481 0.04356355545
159 -81.51278995 0.04357129348
160 -81.50783496 0.04358294615
161 -81.50137344 0.04359829494
162 -81.49349033 0.043617135
163 -81.48426558 0.04363927426
164 -81.47377439 0.04366453264
165 -81.46208752 0.04369274125
166 -81.4492715 0.04372374173
167 -81.43538892 0.04375738553
168 -81.42049862 0.04379353329
169 -81.40465595 0.04383205432
170 -81.38791293 0.04387282597
171 -81.37031849 0.04391573319
172 -81.35191862 0.04396066802
173 -81.33275655 0.04400752915
174 -81.31287294 0.0440562215
175 -81.29230598 0.04410665588
176 -81.2710916 0.04415874855
177 -81.24926353 0.04421242094
178 -81.22685352 0.04426759932
179 -81.20389136 0.0443242145
180 -81.18040507 0.04438220152
181 -81.15642098 0.04444149948
182 -81.13196382 0.0445020512
183 -81.10705683 0.04456380305
184 -81.08172182 0.04462670473
185 -81.05597929 0.04469070907
186 -81.0298485 0.04475577184
187 -81.00334751 0.04482185157
188 -80.9764933 0.0448889094
189 -80.94930177 0.04495690896
190 -80.92178786 0.04502581614
191 -80.89396559 0.04509559906
192 -80.86584808 0.04516622786
193 -80.83744765 0.04523767466
194 -80.80877583 0.0453099134
195 -80.77984343 0.04538291972
196 -80.75066053 0.04545667095
197 -80.72123661 0.04553114593
198 -80.69158048 0.04560632497
199 -80.66170041 0.04568218979
200 -80.63160409 0.04575872338
201 -80.60129869 0.04583591003
202 -80.5707909 0.04591373515
203 -80.54008693 0.04599218532
204 -80.50919255 0.04607124817
205 -80.47811311 0.04615091233
206 -80.44685355 0.0462311674
207 -80.41541845 0.04631200391
208 -80.38381202 0.04639341325
209 -80.35203813 0.04647538767
210 -80.32010032 0.04655792018
211 -80.28800183 0.04664100459
212 -80.25574559 0.04672463542
213 -80.22333427 0.04680880791
214 -80.19077024 0.04689351794
215 -80.15805564 0.04697876209
216 -80.12519235 0.04706453751
217 -80.09218203 0.04715084199
218 -80.05902609 0.04723767388
219 -80.02572574 0.0473250321
220 -79.99228198 0.04741291611
221 -79.95869559 0.04750132591
222 -79.92496719 0.04759026199
223 -79.89109718 0.04767972536
224 -79.8570858 0.04776971753
225 -79.82293308 0.04786024049
226 -79.78863873 0.04795129708
227 -79.75420078 0.04804289388
228 -79.71960263 0.04813506947
229 -79.68468966 0.04822816418
230 -79.64799369 0.04832539434
231 -79.59553613 0.04845742732
232 -79.39423444 0.04891800442
233 -77.77888621 0.05262351413
234 -62.87863283 0.09933674165
235 28.14790692 0.9351649711
236 38.63686468 0.9999304074
237 38.10268097 0.9999380485
238 36.40113494 0.9999162668
239 33.88656178 0.9998677229
240 30.81483461 0.9997675399
241 27.4688659 0.9995700574
242 24.06885786 0.9991993285
243 20.7541205 0.9985406611
244 17.60451206 0.9974386714
245 14.66458377 0.995708758
246 11.95892033 0.9931665186
247 9.499594226 0.9896713379
248 7.289238168 0.9851696189
249 5.322495873 0.9797185438
250 3.587342273 0.9734788703
251 2.066748877 0.9666807173
252 0.7405773499 0.959578048
253 -0.4126131695 0.9524085042
254 -1.414100395 0.9453679439
255 -2.283980285 0.9386005713
256 -3.040572978 0.9322005374
257 -3.700163602 0.9262197616
258 -4.276973181 0.9206778187
259 -4.783268688 0.9155713896
260 -5.229544939 0.9108821435
261 -5.624733706 0.9065827756
262 -5.976413267 0.9026413555
263 -6.2910039 0.8990243029
264 -6.57394278 0.8956983255
265 -6.829836372 0.8926316076
266 -7.062591009 0.8897944811
267 -7.275523573 0.8871597466
268 -7.471454694 0.8847027694
269 -7.652786915 0.8824014334
270 -7.821570127 0.8802360119
271 -7.979556312 0.8781889942
272 -8.128245363 0.8762448911
273 -8.268923474 0.8743900377
274 -8.402695354 0.8726124014
275 -8.530511299 0.8709014009
276 -8.653190002 0.8692477394
277 -8.771437796 0.867643254
278 -8.885864931 0.8660807783
279 -8.996999359 0.8645540218
280 -9.105298452 0.8630574614
281 -9.211158953 0.8615862465
282 -9.314925471 0.8601361147
283 -9.416897722 0.8587033179
284 -9.51733673 0.8572845583
285 -9.616470129 0.8558769306
286 -9.71449672 0.8544778735
287 -9.811590373 0.8530851254
288 -9.907903398 0.851696687
289 -10.00356943 0.8503107879
290 -10.09870594 0.8489258577
291 -10.19341638 0.8475405008
292 -10.28779203 0.846153474
293 -10.38191364 0.8447636673
294 -10.4758528 0.843370087
295 -10.56967318 0.8419718407
296 -10.66343152 0.8405681246
297 -10.75717862 0.8391582118
298 -10.85096005 0.8377414428
299 -10.94481692 0.8363172162
300 -11.03878642 0.8348849813
301 -11.13290237 0.8334442314
302 -11.22719567 0.8319944979
303 -11.32169472 0.8305353446
304 -11.41642573 0.8290663639
305 -11.51141308 0.8275871718
306 -11.60667956 0.826097405
307 -11.70224658 0.8245967172
308 -11.79813445 0.8230847765
309 -11.8943625 0.821561263
310 -11.99094929 0.8200258661
311 -12.08791271 0.8184782827
312 -12.18527015 0.8169182155
313 -12.28303861 0.815345371
314 -12.38123478 0.8137594583
315 -12.47987515 0.8121601875
316 -12.5789761 0.8105472687
317 -12.67855398 0.8089204104
318 -12.77862515 0.8072793188
319 -12.87920609 0.8056236969
320 -12.98031343 0.8039532429
321 -13.08196402 0.80226765
322 -13.18417496 0.8005666052
323 -13.2869637 0.7988497884
324 -13.39034804 0.7971168718
325 -13.4943462 0.7953675188
326 -13.59897686 0.7936013838
327 -13.70425921 0.7918181108
328 -13.810213 0.7900173328
329 -13.91685856 0.7881986712
330 -14.02421686 0.7863617348
331 -14.13230957 0.7845061194
332 -14.24115908 0.7826314063
333 -14.35078856 0.780737162
334 -14.46122201 0.7788229372
335 -14.5724843 0.7768882657
336 -14.68460123 0.7749326639
337 -14.79759958 0.7729556293
338 -14.91150717 0.77095664
339 -15.02635291 0.7689351531
340 -15.14216687 0.7668906041
341 -15.25898032 0.7648224056
342 -15.37682585 0.7627299458
343 -15.49573738 0.7606125876
344 -15.61575027 0.7584696671
345 -15.73690141 0.7563004919
346 -15.85922925 0.7541043402
347 -15.98277396 0.7518804588
348 -16.10757747 0.7496280614
349 -16.23368358 0.7473463272
350 -16.3611381 0.7450343986
351 -16.4899889 0.7426913795
352 -16.62028611 0.7403163334
353 -16.75208215 0.7379082807
354 -16.88543195 0.7354661968
355 -17.02039306 0.7329890096
356 -17.15702578 0.7304755966
357 -17.29539336 0.7279247826
358 -17.43556216 0.7253353366
359 -17.5776018 0.7227059688
360 -17.72158541 0.7200353273
361 -17.86758982 0.7173219947
362 -18.01569574 0.7145644847
363 -18.16598807 0.7117612382
364 -18.31855606 0.7089106194
365 -18.47349366 0.7060109116
366 -18.63089975 0.703060313
367 -18.79087848 0.7000569317
368 -18.95353953 0.6969987817
369 -19.11899851 0.6938837772
370 -19.28737727 0.6907097277
371 -19.45880433 0.687474333
372 -19.63341522 0.6841751772
373 -19.81135296 0.6808097233
374 -19.99276845 0.6773753074
375 -20.177821 0.6738691327
376 -20.36667875 0.6702882638
377 -20.55951926 0.6666296207
378 -20.75652997 0.662889973
379 -20.95790881 0.6590659345
380 -21.16386475 0.6551539574
381 -21.37461839 0.6511503279
382 -21.59040254 0.6470511615
383 -21.81146287 0.6428523996
384 -22.03805849 0.6385498066
385 -22.27046254 0.6341389692
386 -22.50896279 0.6296152954
387 -22.75386219 0.6249740177
388 -23.00547939 0.6202101966
389 -23.26414917 0.6153187278
390 -23.53022283 0.6102943527
391 -23.80406844 0.6051316722
392 -24.08607102 0.5998251654
393 -24.37663243 0.5943692131
394 -24.67617124 0.588758128
395 -24.98512218 0.5829861904
396 -25.30393541 0.5770476929
397 -25.63307543 0.5709369922
398 -25.97301955 0.5646485716
399 -26.32425602 0.558177112
400 -26.68728145 0.551517575
401 -27.06259791 0.5446652966
402 -27.45070914 0.5376160919
403 -27.85211627 0.5303663724
404 -28.26731274 0.5229132727
405 -28.6967784 0.5152547878
406 -29.14097294 0.5073899184
407 -29.60032853 0.4993188207
408 -30.07524171 0.4910429598
409 -30.56606475 0.48256526
410 -31.07309643 0.4738902487
411 -31.59657259 0.4650241871
412 -32.13665651 0.4559751819
413 -32.69342957 0.4467532706
414 -33.26688239 0.4373704741
415 -33.85690681 0.427840809
416 -34.46328916 0.4181802547
417 -35.08570511 0.4084066705
418 -35.72371659 0.3985396594
419 -36.37677089 0.3886003793
420 -37.04420239 0.3786113023
421 -37.72523697 0.3685959287
422 -38.41899916 0.3585784608
423 -39.12452192 0.3485834494
424 -39.84075889 0.3386354222
425 -40.56659881 0.3287585091
426 -41.30088149 0.3189760765
427 -42.04241507 0.3093103845
428 -42.78999378 0.299782279
429 -43.54241574 0.2904109276
430 -44.29850012 0.2812136071
431 -45.05710328 0.2722055472
432 -45.81713329 0.263399832
433 -46.57756253 0.2548073578
434 -47.33743815 0.2464368439
435 -48.09589015 0.238294891
436 -48.85213709 0.2303860811
437 -49.60548942 0.2227131101
438 -50.35535055 0.2152769462
439 -51.10121576 0.2080770071
440 -51.84266922 0.2011113473
441 -52.57937923 0.1943768504
442 -53.31109198 0.1878694211
443 -54.03762399 0.1815841714
444 -54.75885349 0.1755155989
445 -55.47471086 0.1696577528
446 -56.18516845 0.1640043877
447 -56.89022982 0.1585491014
448 -57.58991872 0.1532854583
449 -58.28426788 0.1482070965
450 -58.97330794 0.1433078178
451 -59.65705656 0.138581663
452 -60.33550816 0.1340229699
453 -61.00862422 0.1296264159
454 -61.67632471 0.1253870461
455 -62.33848065 0.1213002856
456 -62.99490811 0.1173619395
457 -63.64536391 0.1135681795
458 -64.28954314 0.1099155196
459 -64.92707862 0.1064007829
460 -65.55754242 0.1030210594
461 -66.18044938 0.09977366
462 -66.7952626 0.09665606581
463 -67.40140062 0.09366587686
464 -67.99824627 0.09080076166
465 -68.58515662 0.08805840976
466 -69.16147395 0.08543648889
467 -69.72653712 0.08293260816
468 -70.27969316 0.08054428822
469 -70.82030852 0.07826893893
470 -71.34777982 0.07610384476
471 -71.86154356 0.07404615765
472 -72.36108481 0.07209289672
473 -72.84594442 0.07024095422
474 -73.31572493 0.06848710656
475 -73.77009478 0.06682802953
476 -74.20879115 0.06526031651
477 -74.63162125 0.06378049874
478 -75.03846232 0.06238506658
479 -75.42926035 0.06107049102
480 -75.80402777 0.05983324466
481 -76.16284018 0.05866982157
482 -76.50583241 0.05757675575
483 -76.83319402 0.05655063764
484 -77.14516433 0.05558812878
485 -77.44202726 0.05468597431
486 -77.72410605 0.05384101341
487 -77.99175799 0.05305018774
488 -78.24536918 0.05231054803
489 -78.48534956 0.05161925878
490 -78.71212814 0.05097360153
491 -78.92614852 0.05037097661
492 -79.12786475 0.04980890365
493 -79.31773751 0.04928502107
494 -79.49623069 0.04879708465
495 -79.66380832 0.04834296532
496 -79.82093181 0.04792064638
497 -79.96805756 0.04752822024
498 -80.10563497 0.04716388475
499 -80.23410457 0.04682593927
500 -80.35389668 0.04651278058
501 -80.4654301 0.04622289866
502 -80.56911121 0.04595487239
503 -80.66533321 0.04570736527
504 -80.75447554 0.04547912118
505 -80.83690353 0.04526896019
506 -80.91296814 0.04507577447
507 -80.9830059 0.04489852436
508 -81.04733888 0.04473623452
509 -81.10627483 0.04458799022
510 -81.16010738 0.04445293384
511 -81.20911626 0.04433026149
512 -81.25356766 0.04421921977
513 -81.29371459 0.04411910273
514 -81.32979725 0.04402924896
515 -81.36204348 0.04394903885
516 -81.3906692 0.04387789198
517 -81.41587885 0.04381526467
518 -81.43786588 0.04376064768
519 -81.4568132 0.04371356403
520 -81.47289367 0.04367356695
521 -81.48627053 0.04364023797
522 -81.49709787 0.04361318509
523 -81.50552107 0.04359204112
524 -81.51167726 0.04357646206
525 -81.5156957 0.04356612564
526 -81.51769821 0.0435607299
527 -81.51779958 0.04355999191
528 -81.5161079 0.04356364654
529 -81.51272496 0.04357144529
530 -81.50774661 0.04358315529
531 -81.50126302 0.04359855822
532 -81.4933591 0.04361744942
533 -81.48411471 0.04363963703
534 -81.47360498 0.04366494112
535 -81.4619006 0.04369319298
536 -81.44906805 0.0437242344
537 -81.43516984 0.04375791696
538 -81.42026478 0.04379410146
539 -81.40440816 0.04383265731
540 -81.38765195 0.043873462
541 -81.37004503 0.04391640057
542 -81.35163336 0.04396136517
543 -81.33246012 0.0440082546
544 -81.31256593 0.04405697387
545 -81.29198895 0.04410743385
546 -81.27076507 0.04415955091
547 -81.24892801 0.04421324654
548 -81.22650945 0.04426844708
549 -81.20353919 0.0443250834
550 -81.18004522 0.04438309063
551 -81.15605382 0.0444424079
552 -81.13158971 0.0445029781
553 -81.10667611 0.04456474765
554 -81.08133481 0.0446276663
555 -81.05558629 0.04469168691
