0 -11.42809402 0.8288849937
1 -11.52311497 0.8274045132
2 -11.61841784 0.825913413
3 -11.71402389 0.8244113489
4 -11.80995328 0.8228979908
5 -11.90622526 0.8213730199
6 -12.00285827 0.8198361267
7 -12.09987015 0.818287009
8 -12.19727823 0.81672537
9 -12.29509946 0.8151509165
10 -12.39335051 0.8135633579
11 -12.49204785 0.8119624044
12 -12.59120785 0.8103477657
13 -12.69084685 0.8087191503
14 -12.79098125 0.807076264
15 -12.89162751 0.8054188091
16 -12.99280232 0.8037464833
17 -13.09452253 0.8020589789
18 -13.19680531 0.8003559822
19 -13.29966813 0.798637172
20 -13.40312886 0.7969022194
21 -13.50720577 0.7951507868
22 -13.61191761 0.7933825271
23 -13.71728364 0.791597083
24 -13.82332366 0.7897940861
25 -13.93005811 0.7879731561
26 -14.03750804 0.7861339003
27 -14.14569521 0.7842759124
28 -14.2546421 0.7823987719
29 -14.36437201 0.7805020434
30 -14.47490902 0.7785852753
31 -14.58627815 0.7766479993
32 -14.6985053 0.7746897293
33 -14.8116174 0.7727099603
34 -14.9256424 0.7707081676
35 -15.04060936 0.7686838058
36 -15.1565485 0.7666363073
37 -15.27349127 0.7645650814
38 -15.39147042 0.7624695133
39 -15.51052007 0.7603489622
40 -15.63067577 0.7582027606
41 -15.75197461 0.7560302123
42 -15.87445526 0.7538305915
43 -15.99815812 0.7516031406
44 -16.12312537 0.7493470688
45 -16.24940106 0.7470615505
46 -16.37703127 0.7447457232
47 -16.50606418 0.7423986855
48 -16.63655018 0.740019495
49 -16.76854206 0.7376071664
50 -16.90209507 0.7351606689
51 -17.03726712 0.7326789236
52 -17.1741189 0.7301608012
53 -17.31271407 0.7276051191
54 -17.4531194 0.7250106386
55 -17.595405 0.7223760614
56 -17.73964448 0.719700027
57 -17.88591517 0.716981109
58 -18.03429835 0.7142178112
59 -18.18487947 0.7114085643
60 -18.33774843 0.7085517216
61 -18.49299983 0.7056455549
62 -18.65073326 0.7026882503
63 -18.81105358 0.6996779032
64 -18.97407129 0.696612514
65 -19.13990283 0.6934899826
66 -19.30867095 0.6903081036
67 -19.48050511 0.6870645608
68 -19.65554186 0.6837569216
69 -19.83392528 0.6803826314
70 -20.01580743 0.6769390079
71 -20.2013488 0.6734232349
72 -20.39071885 0.6698323567
73 -20.58409648 0.666163272
74 -20.78167057 0.6624127282
75 -20.9836406 0.6585773158
76 -21.19021715 0.6546534633
77 -21.40162251 0.6506374317
78 -21.61809131 0.6465253112
79 -21.83987113 0.6423130165
80 -22.06722304 0.6379962856
81 -22.30042229 0.6335706775
82 -22.53975883 0.6290315731
83 -22.78553788 0.6243741774
84 -23.03808044 0.6195935241
85 -23.29772373 0.6146844828
86 -23.56482155 0.6096417701
87 -23.83974451 0.6044599638
88 -24.1228802 0.5991335227
89 -24.41463308 0.5936568104
90 -24.71542426 0.5880241264
91 -25.02569097 0.5822297434
92 -25.34588577 0.5762679522
93 -25.67647538 0.5701331157
94 -26.01793916 0.5638197322
95 -26.37076704 0.5573225083
96 -26.73545703 0.5506364434
97 -27.11251208 0.543756925
98 -27.5024363 0.536679836
99 -27.90573049 0.5294016725
100 -28.32288699 0.5219196732
101 -28.75438368 0.5142319576
102 -29.20067724 0.5063376727
103 -29.6621957 0.4982371437
104 -30.13933024 0.4899320278
105 -30.6324264 0.4814254637
106 -31.14177486 0.472722215
107 -31.66760186 0.4638287984
108 -32.21005967 0.4547535927
109 -32.76921721 0.4455069199
110 -33.34505128 0.4361010925
111 -33.93743874 0.4265504203
112 -34.5461499 0.4168711698
113 -35.17084372 0.4070814745
114 -35.81106493 0.3972011903
115 -36.46624357 0.3872516989
116 -37.13569707 0.3772556603
117 -37.81863508 0.3672367193
118 -38.51416697 0.3572191747
119 -39.22131208 0.3472276215
120 -39.93901228 0.337286578
121 -40.66614662 0.3274201104
122 -41.40154763 0.3176514692
123 -42.14401863 0.3080027511
124 -42.89235158 0.2984945954
125 -43.64534484 0.2891459275
126 -44.40182021 0.2799737537
127 -45.16063887 0.2709930136
128 -45.92071566 0.2622164894
129 -46.68103138 0.2536547716
130 -47.44064288 0.2453162777
131 -48.19869088 0.2372073167
132 -48.95440524 0.2293321944
133 -49.70710803 0.2216933504
134 -50.45621423 0.2142915199
135 -51.20123041 0.2071259124
136 -51.94175143 0.2001944005
137 -52.67745555 0.1934937126
138 -53.40809796 0.1870196235
139 -54.13350311 0.1807671405
140 -54.85355596 0.1747306791
141 -55.56819245 0.1689042279
142 -56.27738918 0.1632814993
143 -56.98115274 0.1578560654
144 -57.67950871 0.1526214793
145 -58.37249056 0.1475713785
146 -59.06012861 0.142699574
147 -59.74243938 0.1380001223
148 -60.41941539 0.1334673814
149 -61.0910157 0.1290960517
150 -61.75715753 0.1248812018
151 -62.41770897 0.1208182799
152 -63.07248331 0.1169031119
153 -63.72123482 0.1131318875
154 -64.36365657 0.1095011349
155 -64.99938 0.106007687
156 -65.62797667 0.1026486399
157 -66.24896183 0.09942130607
158 -66.8618 0.09632316479
159 -67.46591227 0.09335181114
160 -68.06068507 0.09050490641
161 -68.64548012 0.08778013144
162 -69.21964529 0.08517514466
163 -69.78252589 0.08268754616
164 -70.3334761 0.08031484863
165 -70.87187008 0.07805445576
166 -71.3971125 0.07590364817
167 -71.90864813 0.07385957671
168 -72.40597033 0.07191926248
169 -72.88862814 0.07007960288
170 -73.35623193 0.06833738264
171 -73.80845763 0.06668928898
172 -74.24504933 0.06513192953
173 -74.66582061 0.06366185239
174 -75.07065436 0.06227556704
175 -75.45950153 0.06096956544
176 -75.83237877 0.05974034269
177 -76.18936521 0.05858441655
178 -76.53059845 0.05749834542
179 -76.85627015 0.05647874468
180 -77.16662107 0.05552230092
181 -77.46193596 0.05462578427
182 -77.74253837 0.05378605853
183 -78.00878533 0.05300008952
184 -78.26106228 0.05226495141
185 -78.4997781 0.05157783139
186 -78.72536039 0.05093603276
187 -78.93825107 0.05033697667
188 -79.13890224 0.04977820259
189 -79.3277725 0.04925736772
190 -79.50532345 0.04877224561
191 -79.67201676 0.04832072394
192 -79.82831137 0.04790080175
193 -79.97466121 0.04751058619
194 -80.11151314 0.0471482889
195 -80.23930521 0.04681222214
196 -80.35846522 0.04650079469
197 -80.46940954 0.04621250772
198 -80.57254216 0.0459459505
199 -80.66825394 0.04569979618
200 -80.75692207 0.0454727976
201 -80.83890971 0.04526378313
202 -80.91456574 0.04507165264
203 -80.98422467 0.04489537357
204 -81.04820667 0.04473397717
205 -81.10681767 0.04458655479
206 -81.16034956 0.04445225444
207 -81.20908046 0.04433027743
208 -81.25327499 0.04421987515
209 -81.29318471 0.04412034609
210 -81.32904844 0.04403103294
211 -81.36109273 0.04395131984
212 -81.38953227 0.04388062986
213 -81.41457037 0.04381842253
214 -81.43639942 0.04376419159
215 -81.45520132 0.04371746279
216 -81.47114799 0.04367779187
217 -81.48440181 0.04364476268
218 -81.49511604 0.04361798538
219 -81.50343531 0.04359709475
220 -81.50949605 0.04358174861
221 -81.51342685 0.04357162636
222 -81.51534894 0.04356642761
223 -81.51537651 0.04356587084
224 -81.51361714 0.04356969224
225 -81.51017214 0.04357764453
226 -81.50513689 0.04358949594
227 -81.49860115 0.04360502919
228 -81.49064943 0.04362404057
229 -81.48136123 0.04364633908
230 -81.47081136 0.0436717456
231 -81.45907019 0.04370009218
232 -81.44620392 0.04373122126
233 -81.43227479 0.04376498508
234 -81.41734137 0.04380124499
235 -81.40145871 0.04383987095
236 -81.3846786 0.04388074093
237 -81.36704972 0.04392374043
238 -81.34861783 0.04396876201
239 -81.32942598 0.04401570484
240 -81.30951463 0.0440644743
241 -81.28892179 0.04411498157
242 -81.26768324 0.04416714332
243 -81.24583256 0.04422088131
244 -81.22340136 0.04427612213
245 -81.2004193 0.04433279688
246 -81.1769143 0.04439084091
247 -81.15291257 0.04445019352
248 -81.12843873 0.04451079779
249 -81.10351594 0.04457260031
250 -81.07816593 0.04463555097
251 -81.05240912 0.04469960278
252 -81.02626468 0.04476471167
253 -80.99975064 0.04483083633
254 -80.97288387 0.04489793807
255 -80.94568026 0.04496598061
256 -80.91815468 0.04503492999
257 -80.89032109 0.04510475443
258 -80.86219259 0.04517542419
259 -80.83378144 0.04524691147
260 -80.80509914 0.04531919029
261 -80.77615645 0.0453922364
262 -80.74696345 0.04546602719
263 -80.71752956 0.04554054156
264 -80.68786358 0.04561575992
265 -80.65797375 0.045691664
266 -80.62786774 0.0457682369
267 -80.59755269 0.04584546291
268 -80.56703528 0.04592332753
269 -80.5363217 0.04600181737
270 -80.5054177 0.04608092009
271 -80.47432861 0.04616062437
272 -80.44305936 0.04624091985
273 -80.41161452 0.0463217971
274 -80.37999829 0.04640324753
275 -80.34821451 0.04648526342
276 -80.31626673 0.04656783783
277 -80.28415817 0.04665096457
278 -80.25189175 0.04673463821
279 -80.21947012 0.046818854
280 -80.18689566 0.04690360786
281 -80.1541705 0.04698889637
282 -80.1212965 0.04707471673
283 -80.08827531 0.04716106673
284 -80.05510835 0.04724794476
285 -80.02179682 0.04733534975
286 -79.98834169 0.04742328119
287 -79.95474376 0.04751173909
288 -79.92100363 0.04760072398
289 -79.8871217 0.04769023688
290 -79.85309819 0.04778027931
291 -79.81893313 0.04787085332
292 -79.78462616 0.04796196188
293 -79.75017468 0.04805361295
294 -79.71555628 0.04814585783
295 -79.68056096 0.04823915795
296 -79.64319301 0.04833788528
297 -79.58445128 0.04848374153
298 -79.32345598 0.04907675511
299 -77.14154142 0.05414590147
300 -56.98665063 0.1253003253
301 32.13762979 0.9782825173
302 38.67504937 0.9999392169
303 37.92596267 0.9999361456
304 36.10181073 0.9999116187
305 33.49452078 0.9998578804
306 30.36957274 0.9997477053
307 27.0051855 0.9995318887
308 23.61019254 0.999129626
309 20.31423559 0.9984205709
310 17.19110881 0.9972443066
311 14.28195262 0.9954141214
312 11.60934361 0.9927488234
313 9.183947466 0.9891173441
314 7.007236782 0.9844804064
315 5.072863068 0.9789104365
316 3.368013785 0.9725800973
317 1.875123803 0.9657254676
318 0.5737763707 0.9586003821
319 -0.5575240921 0.9514379227
320 -1.539944377 0.9444271849
321 -2.393365169 0.9377052721
322 -3.135838644 0.9313600423
323 -3.783366678 0.9254384194
324 -4.34989557 0.9199563322
325 -4.847439306 0.9149079944
326 -5.286267329 0.9102735379
327 -5.675114977 0.9060248063
328 -6.021391739 0.9021294956
329 -6.33137422 0.8985539701
330 -6.610377994 0.895265082
331 -6.86290696 0.8922312782
332 -7.092781077 0.8894232136
333 -7.303244519 0.8868140365
334 -7.497056683 0.8843794599
335 -7.676568494 0.8820977022
336 -7.843786264 0.8799493492
337 -8.000425129 0.8779171771
338 -8.14795377 0.8759859567
339 -8.287631896 0.8741422564
340 -8.420541697 0.8723742515
341 -8.547614294 0.8706715449
342 -8.669652019 0.869025003
343 -8.787347225 0.867426606
344 -8.901298195 0.8658693138
345 -9.012022627 0.8643469461
346 -9.119969085 0.8628540769
347 -9.225526748 0.8613859403
348 -9.329033712 0.8599383479
349 -9.430784084 0.8585076166
350 -9.53103405 0.8570905051
351 -9.630007068 0.8556841578
352 -9.727898329 0.8542860563
353 -9.824878584 0.8528939771
354 -9.921097443 0.8515059537
355 -10.0166862 0.8501202445
356 -10.11176031 0.8487353044
357 -10.20642145 0.8473497597
358 -10.30075939 0.8459623862
359 -10.39485356 0.8445720908
360 -10.4887744 0.8431778944
361 -10.58258458 0.8417789173
362 -10.67634 0.8403743667
363 -10.77009068 0.8389635255
364 -10.86388157 0.8375457425
365 -10.95775319 0.8361204235
366 -11.05174227 0.8346870243
367 -11.14588219 0.8332450436
368 -11.2402035 0.8317940174
369 -11.33473428 0.8303335137
370 -11.42950049 0.8288631283
371 -11.52452627 0.8273824801
372 -11.61983419 0.8258912082
373 -11.71544555 0.8243889686
374 -11.81138047 0.8228754309
375 -11.9076582 0.8213502767
376 -12.00429719 0.8198131963
377 -12.10131526 0.8182638877
378 -12.19872975 0.8167020538
379 -12.29655761 0.8151274018
380 -12.39481549 0.8135396409
381 -12.49351989 0.811938481
382 -12.59268716 0.8103236322
383 -12.69233365 0.8086948025
384 -12.79247576 0.8070516979
385 -12.89312997 0.8053940205
386 -12.99431295 0.8037214679
387 -13.09604158 0.8020337324
388 -13.19833302 0.8003305
389 -13.30120476 0.7986114494
390 -13.40467466 0.7968762517
391 -13.508761 0.795124569
392 -13.61348255 0.7933560542
393 -13.71885857 0.7915703496
394 -13.82490888 0.7897670867
395 -13.93165392 0.7879458852
396 -14.03911475 0.7861063519
397 -14.14731314 0.7842480805
398 -14.2562716 0.7823706502
399 -14.36601341 0.7804736253
400 -14.4765627 0.7785565541
401 -14.58794447 0.7766189679
402 -14.70018466 0.7746603803
403 -14.8133102 0.7726802862
404 -14.92734907 0.7706781605
405 -15.04233033 0.7686534573
406 -15.15828423 0.7666056088
407 -15.27524224 0.7645340241
408 -15.39323713 0.7624380877
409 -15.51230304 0.7603171587
410 -15.63247553 0.7581705689
411 -15.75379172 0.7559976221
412 -15.87629032 0.7537975915
413 -16.00001174 0.7515697194
414 -16.12499819 0.7493132144
415 -16.25129375 0.7470272503
416 -16.37894453 0.744710964
417 -16.50799875 0.7423634536
418 -16.63850683 0.7399837761
419 -16.77052158 0.7375709454
420 -16.90409832 0.7351239301
421 -17.03929497 0.7326416506
422 -17.17617229 0.7301229767
423 -17.31479396 0.7275667252
424 -17.45522682 0.7249716562
425 -17.59754102 0.7223364708
426 -17.74181022 0.7196598074
427 -17.88811181 0.7169402386
428 -18.03652713 0.7141762671
429 -18.18714171 0.7113663226
430 -18.3400455 0.7085087571
431 -18.49533318 0.7056018413
432 -18.6531044 0.7026437598
433 -18.81346413 0.6996326068
434 -18.97652294 0.6965663809
435 -19.14239736 0.6934429809
436 -19.31121024 0.6902601995
437 -19.48309115 0.6870157189
438 -19.65817673 0.6837071047
439 -19.8366112 0.6803318005
440 -20.01854672 0.6768871219
441 -20.20414393 0.6733702509
442 -20.39357241 0.6697782294
443 -20.58701121 0.666107954
444 -20.78464938 0.6623561699
445 -20.98668654 0.6585194651
446 -21.19333344 0.6545942656
447 -21.40481256 0.6505768301
448 -21.62135873 0.6464632459
449 -21.8432197 0.6422494254
450 -22.07065677 0.6379311037
451 -22.30394539 0.6335038371
452 -22.54337574 0.6289630041
453 -22.78925327 0.6243038069
454 -23.04189922 0.6195212767
455 -23.30165106 0.6146102808
456 -23.56886282 0.6095655336
457 -23.84390539 0.604381611
458 -24.12716659 0.5990529701
459 -24.41905115 0.5935739734
460 -24.71998041 0.5879389196
461 -25.03039185 0.5821420813
462 -25.35073823 0.5761777501
463 -25.6814865 0.5700402903
464 -26.02311616 0.5637242028
465 -26.3761173 0.5572241979
466 -26.74098804 0.55053528
467 -27.11823135 0.5436528433
468 -27.50835133 0.5365727789
469 -27.91184872 0.529291593
470 -28.32921567 0.5218065363
471 -28.76092979 0.5141157426
472 -29.2074474 0.5062183754
473 -29.66919604 0.4981147787
474 -30.14656627 0.4898066304
475 -30.63990289 0.4812970928
476 -31.14949568 0.4725909545
477 -31.67556986 0.4636947594
478 -32.21827651 0.4546169146
479 -32.77768324 0.4453677716
480 -33.35376542 0.4359596729
481 -33.94639836 0.4264069577
482 -34.55535074 0.4167259214
483 -35.18027984 0.4069347241
484 -35.82072867 0.3970532462
485 -36.47612556 0.3871028905
486 -37.14578631 0.3771063338
487 -37.82891898 0.3670872332
488 -38.52463155 0.3570698946
489 -39.23194208 0.3470789148
490 -39.9497914 0.3371388079
491 -40.67705774 0.3272736306
492 -41.41257307 0.3175066188
493 -42.15514041 0.3078598492
494 -42.90355169 0.2983539377
495 -43.65660547 0.2890077822
496 -44.41312405 0.2798383592
497 -45.1719693 0.2708605766
498 -45.93205697 0.262087184
499 -46.6923689 0.2535287393
500 -47.45196317 0.2451936278
501 -48.20998178 0.237088128
502 -48.96565596 0.2292165167
503 -49.71830915 0.2215812067
504 -50.46735772 0.2141829092
505 -51.21230958 0.2070208123
506 -51.95276089 0.2000927702
507 -52.6883911 0.1933954955
508 -53.41895649 0.1869247504
509 -54.14428248 0.1806755321
510 -54.86425487 0.1746422484
511 -55.57881027 0.1688188828
512 -56.28792581 0.1631991445
513 -56.99160845 0.1577766048
514 -57.68988398 0.152544817
515 -58.38278588 0.1474974207
516 -59.07034436 0.1426282302
517 -59.75257565 0.1379313059
518 -60.42947183 0.1334010107
519 -61.10099141 0.1290320504
520 -61.76705091 0.1248194992
521 -62.42751766 0.1207588111
522 -63.08220408 0.1168458174
523 -63.73086354 0.113076713
524 -64.3731882 0.1094480311
525 -65.00880858 0.1059566087
526 -65.63729537 0.1025995456
527 -66.25816301 0.09937415699
528 -66.87087534 0.09627792438
529 -67.47485285 0.09330844414
530 -68.06948151 0.09046337819
531 -68.65412277 0.08774040732
532 -69.22812437 0.08513718937
533 -69.79083169 0.08265132329
534 -70.3415991 0.08028032029
535 -70.87980115 0.07802158231
536 -71.40484305 0.07587238807
537 -71.91617023 0.07382988646
538 -72.41327682 0.07189109669
539 -72.89571275 0.07005291436
540 -73.36308935 0.06831212266
541 -73.81508352 0.06666540745
542 -74.25144042 0.06510937536
543 -74.67197464 0.06364057373
544 -75.07657011 0.06225551162
545 -75.46517877 0.06095068091
546 -75.83781825 0.0597225769
547 -76.19456855 0.05856771779
548 -76.53556814 0.05748266276
549 -76.86100942 0.05646402813
550 -77.17113387 0.05550850167
551 -77.46622686 0.0546128548
552 -77.74661244 0.05377395282
553 -78.01264814 0.05298876312
554 -78.26471977 0.05225436152
555 -78.50323653 0.05156793691
