0 -31.0986442 0.4736893605
1 -31.70099985 0.463496147
2 -32.32191236 0.4531181455
3 -32.96088462 0.442578573
4 -33.6172637 0.431903269
5 -34.29023562 0.4211204332
6 -34.97884814 0.4102600356
7 -35.6819581 0.3993540295
8 -36.39827203 0.388435692
9 -37.12633571 0.3775392288
10 -37.86452844 0.3666995182
11 -38.61103864 0.3559520442
12 -39.36379794 0.3453333325
13 -40.12035776 0.3348820782
14 -40.87772866 0.3246406791
15 -41.63225631 0.3146562374
16 -42.37963173 0.3049798573
17 -43.11509901 0.2956636171
18 -43.83384576 0.2867556495
19 -44.53148547 0.2782946596
20 -45.2045081 0.270305443
21 -45.85059322 0.262796526
22 -46.46873214 0.2557602732
23 -47.05916237 0.2491750985
24 -47.62316017 0.2430090009
25 -48.16275515 0.2372235672
26 -48.68042855 0.2317777359
27 -49.17884152 0.2266308766
28 -49.66062008 0.221744995
29 -50.12820557 0.2170860729
30 -50.58376689 0.212624675
31 -51.02916323 0.2083360053
32 -51.4659437 0.2041995985
33 -51.89537081 0.2001988077
34 -52.31845675 0.1963202083
35 -52.73600462 0.1925530023
36 -53.14864916 0.1888884726
37 -53.55689378 0.1853195118
38 -53.96114249 0.181840233
39 -54.36172625 0.1784456599
40 -54.75892397 0.1751314868
41 -55.15297881 0.1718938975
42 -55.54411053 0.1687294323
43 -55.9325245 0.1656348923
44 -56.3184182 0.162607272
45 -56.70198572 0.1596437142
46 -57.08342068 0.1567414798
47 -57.46291804 0.1538979293
48 -57.84067496 0.1511105132
49 -58.21689109 0.148376767
50 -58.59176825 0.145694311
51 -58.9655098 0.1430608532
52 -59.33831968 0.1404741932
53 -59.71040115 0.1379322281
54 -60.08195535 0.1354329591
55 -60.45317973 0.1329744985
56 -60.8242662 0.130555077
57 -61.19539924 0.1281730508
58 -61.56675382 0.1258269091
59 -61.9384933 0.1235152809
60 -62.31076715 0.121236941
61 -62.68370864 0.1189908159
62 -63.05743261 0.1167759884
63 -63.43203305 0.1145917011
64 -63.80758094 0.112437359
65 -64.18412202 0.1103125301
66 -64.56167478 0.1082169448
67 -64.94022862 0.1061504934
68 -65.31974224 0.1041132217
69 -65.70014235 0.1021053243
70 -66.08132262 0.1001271366
71 -66.46314316 0.09817912427
72 -66.84543025 0.09626187117
73 -67.22797667 0.09437606517
74 -67.61054234 0.09252248281
75 -67.99285556 0.09070197253
76 -68.37461466 0.08891543694
77 -68.75549012 0.08716381444
78 -69.13512709 0.08544806061
79 -69.51314834 0.08376912972
80 -69.88915755 0.08212795673
81 -70.26274285 0.08052544006
82 -70.63348061 0.07896242569
83 -71.00093934 0.07743969256
84 -71.36468378 0.07595793975
85 -71.72427883 0.07451777554
86 -72.07929355 0.0731197084
87 -72.42930502 0.0717641401
88 -72.77390191 0.07045136081
89 -73.11268797 0.06918154624
90 -73.44528511 0.06795475664
91 -73.77133618 0.06677093761
92 -74.0905075 0.0656299224
93 -74.40249089 0.06453143573
94 -74.70700545 0.06347509871
95 -75.00379883 0.06246043477
96 -75.29264832 0.06148687643
97 -75.57336135 0.06055377251
98 -75.84577589 0.05966039595
99 -76.10976031 0.05880595164
100 -76.36521311 0.0579895845
101 -76.61206229 0.0572103874
102 -76.85026451 0.05646740899
103 -77.07980405 0.05575966124
104 -77.30069157 0.05508612666
105 -77.51296268 0.05444576513
106 -77.7166765 0.05383752032
107 -77.91191401 0.05326032566
108 -78.09877636 0.05271310982
109 -78.27738321 0.05219480173
110 -78.44787093 0.0517043351
111 -78.61039087 0.05124065256
112 -78.76510767 0.05080270921
113 -78.91219751 0.05038947586
114 -79.05184652 0.04999994182
115 -79.18424918 0.04963311724
116 -79.3096068 0.0492880352
117 -79.4281261 0.04896375337
118 -79.54001787 0.04865935537
119 -79.64549571 0.04837395192
120 -79.74477485 0.04810668161
121 -79.83807112 0.04785671152
122 -79.92559995 0.04762323762
123 -80.00757549 0.0474054849
124 -80.08420985 0.04720270748
125 -80.15571235 0.04701418837
126 -80.22228896 0.04683923932
127 -80.28414175 0.04667720037
128 -80.34146839 0.0465274394
129 -80.39446185 0.04638935159
130 -80.44330998 0.04626235878
131 -80.48819534 0.04614590882
132 -80.52929496 0.04603947481
133 -80.56678016 0.04594255434
134 -80.60081653 0.04585466874
135 -80.63156378 0.04577536225
136 -80.65917576 0.04570420119
137 -80.68380047 0.04564077316
138 -80.7055801 0.04558468622
139 -80.72465107 0.04553556803
140 -80.74114412 0.0454930651
141 -80.75518443 0.04545684195
142 -80.76689175 0.04542658034
143 -80.77638047 0.0454019785
144 -80.78375984 0.04538275039
145 -80.78913406 0.04536862497
146 -80.79260248 0.0453593455
147 -80.79425972 0.04535466886
148 -80.79419587 0.04535436488
149 -80.79249663 0.04535821574
150 -80.78924349 0.0453660153
151 -80.78451389 0.04537756858
152 -80.77838141 0.04539269117
153 -80.77091586 0.04541120868
154 -80.76218352 0.04543295626
155 -80.75224727 0.04545777809
156 -80.7411667 0.04548552689
157 -80.72899832 0.04551606353
158 -80.71579567 0.04554925654
159 -80.70160945 0.04558498175
160 -80.68648769 0.04562312191
161 -80.67047585 0.04566356629
162 -80.65361693 0.04570621034
163 -80.63595164 0.0457509554
164 -80.61751847 0.04579770835
165 -80.59835382 0.0458463813
166 -80.57849211 0.04589689137
167 -80.55796585 0.04594916037
168 -80.53680577 0.04600311456
169 -80.51504089 0.04605868444
170 -80.49269863 0.04611580449
171 -80.46980487 0.04617441298
172 -80.44638401 0.04623445175
173 -80.42245912 0.04629586606
174 -80.39805193 0.04635860435
175 -80.37318294 0.04642261813
176 -80.34787146 0.04648786177
177 -80.3221357 0.04655429241
178 -80.29599281 0.04662186974
179 -80.26945894 0.04669055594
180 -80.24254927 0.04676031552
181 -80.2152781 0.04683111517
182 -80.18765886 0.04690292373
183 -80.15970416 0.04697571201
184 -80.13142586 0.0470494527
185 -80.10283507 0.04712412031
186 -80.07391657 0.04719974917
187 -80.04468274 0.04727632131
188 -80.01512758 0.04735384988
189 -79.98523775 0.04743237182
190 -79.95499101 0.04751194736
191 -79.92437994 0.04759260677
192 -79.89335762 0.04767446458
193 -79.8618807 0.04775764348
194 -79.82989703 0.0478422851
195 -79.79733774 0.04792857199
196 -79.76402296 0.04801693037
197 -79.72867626 0.04811017059
198 -79.67931617 0.04823447497
199 -79.5016256 0.04864100062
200 -78.11014808 0.05180633046
201 -65.32352683 0.08987973938
202 24.18271089 0.8900323508
203 38.5837563 0.9999200614
204 38.18404837 0.9999388933
205 36.54258633 0.9999183774
206 34.06981394 0.9998720977
207 31.016822 0.9997760568
208 27.66947002 0.9995857027
209 24.25505578 0.999226265
210 20.91908998 0.9985838367
211 17.74545647 0.9975027367
212 14.78103555 0.9957962803
213 12.05173762 0.9932759316
214 9.570408147 0.9897955089
215 7.340118966 0.9852958992
216 5.355713076 0.9798305147
217 3.605176364 0.9735591143
218 2.07135094 0.9667135115
219 0.7338801759 0.9595511367
220 -0.4289359366 0.95231372
221 -1.438637894 0.9452009312
222 -2.315564413 0.9383600387
223 -3.078246686 0.9318873928
224 -3.743146023 0.9258363403
225 -4.324626605 0.9202272818
226 -4.835069767 0.9150572984
227 -5.285060809 0.9103081783
228 -5.683602843 0.9059525618
229 -6.038330444 0.9019583634
230 -6.355708542 0.8982917958
231 -6.641210011 0.8949193369
232 -6.899470165 0.8918089376
233 -7.134418943 0.8889307016
234 -7.349392811 0.8862572125
235 -7.547228885 0.8837636318
236 -7.730343781 0.881427654
237 -7.900799576 0.879229377
238 -8.060358937 0.8771511278
239 -8.210531237 0.8751772678
240 -8.352611161 0.8732939938
241 -8.48771109 0.8714891455
242 -8.616788305 0.869752024
243 -8.740667892 0.8680732236
244 -8.860062064 0.8664444805
245 -8.975586499 0.8648585353
246 -9.087774177 0.8633090108
247 -9.197087136 0.8617903039
248 -9.303926462 0.8602974895
249 -9.40864081 0.8588262359
250 -9.511533672 0.857372731
251 -9.612869601 0.8559336165
252 -9.712879536 0.8545059316
253 -9.811765373 0.8530870622
254 -9.909703891 0.8516746979
255 -10.00685013 0.8502667933
256 -10.10334031 0.8488615346
257 -10.19929433 0.8474573105
258 -10.29481794 0.8460526867
259 -10.39000461 0.844646383
260 -10.48493718 0.8432372545
261 -10.57968922 0.8418242737
262 -10.67432629 0.8404065161
263 -10.76890698 0.8389831467
264 -10.86348384 0.8375534082
265 -10.95810418 0.8361166117
266 -11.05281076 0.834672127
267 -11.14764241 0.833219375
268 -11.24263455 0.831757821
269 -11.33781967 0.8302869683
270 -11.43322775 0.8288063532
271 -11.52888657 0.8273155398
272 -11.62482207 0.8258141162
273 -11.72105862 0.8243016905
274 -11.81761926 0.8227778875
275 -11.91452588 0.8212423459
276 -12.01179949 0.8196947152
277 -12.10946033 0.8181346539
278 -12.20752804 0.8165618268
279 -12.30602178 0.8149759033
280 -12.40496042 0.8133765556
281 -12.50436255 0.8117634568
282 -12.60424666 0.8101362797
283 -12.70463121 0.8084946953
284 -12.80553471 0.8068383712
285 -12.90697581 0.8051669708
286 -13.00897336 0.8034801517
287 -13.1115465 0.8017775648
288 -13.21471471 0.800058853
289 -13.31849791 0.7983236502
290 -13.42291645 0.7965715804
291 -13.52799128 0.7948022564
292 -13.6337439 0.7930152787
293 -13.74019649 0.7912102346
294 -13.84737199 0.789386697
295 -13.95529407 0.7875442232
296 -14.06398729 0.7856823542
297 -14.17347714 0.7838006126
298 -14.28379006 0.7818985022
299 -14.39495358 0.7799755062
300 -14.50699635 0.7780310862
301 -14.61994825 0.7760646803
302 -14.73384045 0.7740757018
303 -14.8487055 0.7720635377
304 -14.96457744 0.7700275466
305 -15.08149188 0.7679670573
306 -15.19948613 0.7658813663
307 -15.31859929 0.7637697362
308 -15.43887239 0.761631393
309 -15.56034851 0.7594655241
310 -15.68307294 0.757271275
311 -15.80709331 0.7550477474
312 -15.93245979 0.7527939953
313 -16.0592252 0.7505090222
314 -16.18744529 0.7481917775
315 -16.3171789 0.7458411526
316 -16.44848816 0.7434559768
317 -16.5814388 0.7410350128
318 -16.71610037 0.7385769521
319 -16.85254655 0.7360804094
320 -16.99085541 0.7335439175
321 -17.13110984 0.7309659205
322 -17.27339783 0.7283447681
323 -17.4178129 0.7256787077
324 -17.56445454 0.7229658773
325 -17.71342867 0.7202042969
326 -17.86484811 0.7173918601
327 -18.01883318 0.7145263238
328 -18.17551223 0.7116052989
329 -18.33502232 0.7086262385
330 -18.49750987 0.7055864269
331 -18.6631314 0.702482967
332 -18.8320543 0.6993127669
333 -19.00445767 0.6960725267
334 -19.18053322 0.6927587234
335 -19.36048618 0.6893675963
336 -19.5445363 0.6858951312
337 -19.7329189 0.6823370445
338 -19.92588592 0.6786887678
339 -20.12370704 0.6749454311
340 -20.32667083 0.6711018481
341 -20.53508589 0.6671525011
342 -20.74928197 0.6630915283
343 -20.96961112 0.6589127118
344 -21.19644873 0.6546094694
345 -21.43019452 0.6501748494
346 -21.6712734 0.6456015295
347 -21.92013614 0.6408818224
348 -22.17725987 0.6360076871
349 -22.44314824 0.6309707499
350 -22.71833132 0.6257623338
351 -23.00336495 0.6203735015
352 -23.29882977 0.6147951101
353 -23.60532948 0.6090178824
354 -23.92348853 0.603032495
355 -24.25394905 0.5968296847
356 -24.59736687 0.590400376
357 -24.95440663 0.5837358288
358 -25.3257359 0.5768278084
359 -25.71201826 0.5696687759
360 -26.11390526 0.5622520995
361 -26.53202743 0.5545722813
362 -26.96698417 0.5466251993
363 -27.41933285 0.5384083557
364 -27.88957719 0.5299211269
365 -28.37815505 0.5211650066
366 -28.88542611 0.5121438308
367 -29.41165966 0.5028639757
368 -29.95702284 0.4933345165
369 -30.52156991 0.4835673369
370 -31.10523288 0.473577177
371 -31.70778662 0.4633819691
372 -32.32889372 0.4530021931
373 -32.9680557 0.4424610912
374 -33.62461823 0.4317845251
375 -34.29776598 0.4210007132
376 -34.98654546 0.41013964
377 -35.68981233 0.3992332684
378 -36.40627209 0.3883148804
379 -37.13446959 0.3774186811
380 -37.87278344 0.366579543
381 -38.61940145 0.3558329394
382 -39.37225483 0.3452153813
383 -40.1288945 0.3347655464
384 -40.88633033 0.3245258151
385 -41.64090683 0.3145432744
386 -42.38831323 0.304869018
387 -43.12379122 0.2955551186
388 -43.84252573 0.2866497056
389 -44.54012773 0.2781914797
390 -45.21308538 0.2702052269
391 -45.85907766 0.2626994559
392 -46.47709661 0.2556665045
393 -47.06738185 0.2490847522
394 -47.63121284 0.2429221579
395 -48.17062312 0.2371402664
396 -48.68809821 0.2316979751
397 -49.18630354 0.2265546163
398 -49.66786902 0.2216721636
399 -50.13523945 0.2170165732
400 -50.59058655 0.2125583908
401 -51.03577172 0.2082728073
402 -51.47234573 0.2041393499
403 -51.90157223 0.2001413683
404 -52.32446415 0.1962654381
405 -52.74182502 0.1925007641
406 -53.15428973 0.1888386336
407 -53.5623617 0.1852719448
408 -53.96644481 0.1817948169
409 -54.36686981 0.1784022801
410 -54.76391539 0.1750900349
411 -55.15782444 0.1718542715
412 -55.54881645 0.1686915361
413 -55.93709654 0.1655986352
414 -56.32286193 0.162572569
415 -56.7063065 0.1596104849
416 -57.08762365 0.1567096483
417 -57.46700812 0.1538674242
418 -57.84465689 0.151081267
419 -58.22076943 0.1483487158
420 -58.59554738 0.1456673946
421 -58.96919396 0.1430350146
422 -59.34191291 0.1404493787
423 -59.71390734 0.137908387
424 -60.08537824 0.1354100436
425 -60.45652286 0.1329524636
426 -60.82753295 0.1305338802
427 -61.19859281 0.1281526526
428 -61.56987722 0.1258072723
429 -61.94154934 0.1234963708
430 -62.31375842 0.1212187255
431 -62.68663753 0.118973265
432 -63.06030127 0.1167590745
433 -63.4348434 0.1145753987
434 -63.81033466 0.1124216449
435 -64.18682054 0.110297383
436 -64.56431928 0.1082023454
437 -64.94282003 0.1061364243
438 -65.32228124 0.104099667
439 -65.70262936 0.1020922698
440 -66.08375785 0.1001145696
441 -66.46552655 0.09816703335
442 -66.84776156 0.09625024594
443 -67.23025543 0.09436489628
444 -67.61276792 0.09251176175
445 -67.99502718 0.09069169144
446 -68.3767314 0.08890558846
447 -68.75755095 0.08715439154
448 -69.13713092 0.08543905647
449 -69.51509403 0.08376053758
450 -69.89104395 0.08211976975
451 -70.26456882 0.08051765126
452 -70.63524506 0.0789550278
453 -71.00264126 0.077432678
454 -71.36632225 0.07595130054
455 -71.72585306 0.07451150326
456 -72.0808029 0.07311379419
457 -72.43074899 0.07175857464
458 -72.7752802 0.07044613433
459 -73.11400045 0.06917664857
460 -73.44653185 0.06795017721
461 -73.77251745 0.0667666655
462 -74.09162375 0.06562594641
463 -74.40354278 0.06452774444
464 -74.70799382 0.06347168051
465 -75.0047247 0.06245727795
466 -75.29351287 0.06148396922
467 -75.57416593 0.06055110318
468 -75.84652197 0.05965795282
469 -76.1104495 0.05880372318
470 -76.36584713 0.05798755934
471 -76.61264294 0.0572085544
472 -76.8507937 0.0564657573
473 -77.08028372 0.05575818029
474 -77.3011237 0.05508480621
475 -77.51334931 0.05444459531
476 -77.71701966 0.05383649163
477 -77.91221574 0.053259429
478 -78.09903871 0.05271233649
479 -78.27760819 0.05219414342
480 -78.44806051 0.05170378394
481 -78.610547 0.05124020107
482 -78.76523224 0.05080235033
483 -78.91229236 0.05038920292
484 -79.05191345 0.04999974853
485 -79.1842899 0.0496329977
486 -79.30962296 0.04928798388
487 -79.4281193 0.04896376509
488 -79.53998962 0.04865942529
489 -79.64544745 0.04837407551
490 -79.74470796 0.04810685467
491 -79.8379869 0.04785693014
492 -79.92549963 0.04762349815
493 -80.00746023 0.04740578398
494 -80.08408075 0.04720304196
495 -80.15557043 0.04701455538
496 -80.2221352 0.04683963618
497 -80.28397704 0.0466776246
498 -80.34129359 0.04652788872
499 -80.39427774 0.0463898239
500 -80.44311731 0.04626285215
501 -80.48799479 0.04614642147
502 -80.52908716 0.04604000509
503 -80.56656571 0.04594310076
504 -80.60059598 0.04585522992
505 -80.63133763 0.04577593692
506 -80.65894449 0.0457047882
507 -80.68356452 0.04564137145
508 -80.70533986 0.04558529481
509 -80.72440692 0.04553618604
510 -80.74089639 0.04549369171
511 -80.75493345 0.04545747643
512 -80.7666378 0.04542722201
513 -80.77612382 0.04540262675
514 -80.78350073 0.04538340466
515 -80.78887272 0.04536928476
516 -80.79233911 0.04536001035
517 -80.79399451 0.04535533835
518 -80.79392899 0.04535503863
519 -80.79222823 0.0453588934
520 -80.78897372 0.04536669657
521 -80.78424289 0.04537825319
522 -80.77810927 0.04539337886
523 -80.77064271 0.04541189923
524 -80.76190945 0.04543364947
525 -80.75197236 0.04545847377
526 -80.74089104 0.0454862249
527 -80.72872198 0.04551676371
528 -80.71551871 0.04554995877
529 -80.70133194 0.04558568593
530 -80.68620967 0.04562382793
531 -80.67019736 0.04566427407
532 -80.65333802 0.04570691982
533 -80.63567234 0.04575166651
534 -80.61723882 0.04579842104
535 -80.59807384 0.04584709553
536 -80.57821183 0.04589760711
537 -80.55768528 0.04594987758
538 -80.53652493 0.04600383324
539 -80.5147598 0.04605940457
540 -80.4924173 0.04611652606
541 -80.4695233 0.04617513599
542 -80.44610222 0.04623517622
543 -80.42217711 0.04629659198
544 -80.3977697 0.04635933174
545 -80.37290049 0.046423347
546 -80.34758879 0.04648859215
547 -80.32185281 0.04655502431
548 -80.2957097 0.0466226032
549 -80.2691756 0.04669129099
550 -80.24226569 0.04676105218
551 -80.21499428 0.04683185349
552 -80.18737479 0.04690366374
553 -80.15941983 0.04697645374
554 -80.13114126 0.0470501962
555 -80.10255018 0.04712486563
