0 -73.27437785 0.0686323679
1 -70.06278223 0.07930798164
2 -65.37641876 0.1000880081
3 -57.70325676 0.1423762921
4 -23.13468416 0.4235201363
5 39.00670483 0.9995243591
6 37.24855693 0.9999285847
7 34.53836845 0.9998837783
8 30.82364422 0.9997717484
9 26.49692933 0.9994976892
10 21.99472681 0.9988639573
11 17.62185612 0.9975185545
12 13.54433404 0.9949412267
13 9.8389926 0.9905202043
14 6.533948653 0.9837372025
15 3.628972797 0.9743869515
16 1.104271858 0.9626904832
17 -1.073883176 0.9492206894
18 -2.947319317 0.9347007559
19 -4.560240273 0.9198067
20 -5.954835803 0.9050564365
21 -7.168739588 0.8907869874
22 -8.234073186 0.8771823229
23 -9.177511618 0.8643166698
24 -10.02086183 0.8521941351
25 -10.7818173 0.8407783457
26 -11.47470676 0.830012253
27 -12.11115683 0.8198303805
28 -12.70064498 0.8101659131
29 -13.25094619 0.8009545075
30 -13.76848736 0.7921361178
31 -14.25862603 0.7836556706
32 -14.72586888 0.7754631039
33 -15.17404315 0.7675130738
34 -15.60643157 0.7597645083
35 -16.02587914 0.7521801074
36 -16.4348781 0.7447258435
37 -16.83563619 0.737370489
38 -17.23013182 0.7300851845
39 -17.6201591 0.7228430496
40 -18.00736487 0.7156188381
41 -18.39327958 0.7083886335
42 -18.77934306 0.701129583
43 -19.16692636 0.6938196655
44 -19.55735037 0.6864374928
45 -19.95190177 0.6789621413
46 -20.35184673 0.6713730127
47 -20.75844266 0.663649725
48 -21.17294821 0.6557720339
49 -21.59663168 0.6477197859
50 -22.03077768 0.6394729084
51 -22.47669217 0.6310114374
52 -22.93570567 0.6223155909
53 -23.40917436 0.6133658907
54 -23.89847898 0.6041433403
55 -24.40502097 0.5946296639
56 -24.93021569 0.584807613
57 -25.47548231 0.5746613424
58 -26.04222982 0.56417686
59 -26.63183912 0.5533425463
60 -27.24564078 0.5421497382
61 -27.88488856 0.5305933626
62 -28.55072876 0.5186726007
63 -29.24416612 0.5063915523
64 -29.96602702 0.493759864
65 -30.71692134 0.4807932744
66 -31.49720485 0.4675140269
67 -32.30694416 0.4539510964
68 -33.14588677 0.4401401821
69 -34.01343882 0.4261234254
70 -34.9086529 0.4119488298
71 -35.83022815 0.3976693801
72 -36.77652395 0.3833418845
73 -37.74558777 0.3690255873
74 -38.7351965 0.3547806272
75 -39.74290971 0.3406664294
76 -40.76613191 0.3267401305
77 -41.80218048 0.3130551344
78 -42.84835507 0.2996598803
79 -43.90200456 0.2865968894
80 -44.96058792 0.2739021247
81 -46.02172565 0.261604675
82 -47.08323988 0.2497267469
83 -48.14318169 0.2382839267
84 -49.19984536 0.2272856643
85 -50.2517701 0.2167359181
86 -51.29773019 0.2066339051
87 -52.3367153 0.1969749002
88 -53.36790269 0.1877510382
89 -54.39062322 0.1789520805
90 -55.40432326 0.1705661182
91 -56.40852443 0.1625801917
92 -57.40278306 0.1549808137
93 -58.38665127 0.1477543931
94 -59.35964134 0.1408875558
95 -60.32119509 0.1343673693
96 -61.27065954 0.1281814782
97 -62.20727024 0.1223181603
98 -63.13014276 0.1167663166
99 -64.03827314 0.1115154108
100 -64.93054679 0.1065553707
101 -65.80575554 0.1018764704
102 -66.66262154 0.09746920476
103 -67.49982659 0.09332417049
104 -68.31604498 0.08943196325
105 -69.10997799 0.08578309842
106 -69.88038791 0.08236795928
107 -70.62612992 0.07917677373
108 -71.34618024 0.07619961781
109 -72.03965944 0.07342644256
110 -72.70585013 0.07084711925
111 -73.34420875 0.06845149741
112 -73.95437154 0.0662294703
113 -74.53615504 0.06417104279
114 -75.08955165 0.06226639735
115 -75.61472112 0.06050595501
116 -76.11197876 0.05888042901
117 -76.58178117 0.05738086968
118 -77.02471036 0.05599870004
119 -77.44145691 0.05472574215
120 -77.83280297 0.05355423465
121 -78.19960546 0.05247684237
122 -78.54277991 0.05148665891
123 -78.86328544 0.05057720333
124 -79.1621108 0.04974241201
125 -79.44026192 0.04897662652
126 -79.69875074 0.04827457873
127 -79.93858561 0.04763137365
128 -80.16076297 0.04704247091
129 -80.36626047 0.04650366539
130 -80.55603122 0.04601106745
131 -80.7309993 0.04556108322
132 -80.89205615 0.04515039517
133 -81.04005804 0.04477594323
134 -81.17582417 0.04443490662
135 -81.30013559 0.04412468648
136 -81.41373459 0.04384288945
137 -81.51732471 0.04358731207
138 -81.61157105 0.04335592628
139 -81.69710094 0.04314686571
140 -81.77450492 0.04295841304
141 -81.84433787 0.04278898811
142 -81.9071203 0.04263713705
143 -81.96333979 0.04250152205
144 -82.01345247 0.04238091209
145 -82.05788455 0.04227417422
146 -82.09703385 0.04218026562
147 -82.13127137 0.04209822631
148 -82.16094281 0.04202717235
149 -82.18637005 0.0419662897
150 -82.20785262 0.04191482848
151 -82.22566905 0.04187209779
152 -82.24007828 0.04183746089
153 -82.2513209 0.04181033078
154 -82.25962036 0.04179016623
155 -82.26518414 0.04177646801
156 -82.26820486 0.04176877553
157 -82.26886127 0.04176666373
158 -82.26731925 0.04176974021
159 -82.2637327 0.04177764261
160 -82.25824439 0.04179003623
161 -82.25098679 0.04180661182
162 -82.24208274 0.04182708352
163 -82.23164622 0.0418511871
164 -82.21978295 0.04187867814
165 -82.20659098 0.04190933057
166 -82.19216131 0.04194293519
167 -82.17657831 0.04197929834
168 -82.15992032 0.04201824074
169 -82.14225997 0.04205959634
170 -82.12366471 0.0421032113
171 -82.1041971 0.0421489431
172 -82.08391522 0.04219665961
173 -82.06287299 0.04224623836
174 -82.04112046 0.04229756575
175 -82.0187041 0.04235053643
176 -81.99566708 0.04240505268
177 -81.97204946 0.04246102379
178 -81.94788847 0.04251836561
179 -81.92321868 0.042577
180 -81.89807223 0.04263685443
181 -81.87247895 0.04269786157
182 -81.84646657 0.04275995887
183 -81.82006087 0.04282308826
184 -81.79328578 0.04288719581
185 -81.76616356 0.04295223142
186 -78.18132985 0.05117837983
187 -73.52044086 0.0654813031
188 -67.10521788 0.09036430161
189 -44.61659746 0.2101488217
190 39.78221332 0.9981861703
191 38.7554165 0.9999449829
192 37.20351213 0.9999278258
193 34.62453524 0.9998852045
194 31.14097893 0.9997834856
195 27.13815029 0.9995498099
196 23.0045899 0.9990444647
197 19.00003337 0.9980359558
198 15.2615546 0.996198695
199 11.85076257 0.9931557585
200 8.789988055 0.9885740771
201 6.080373266 0.9822828619
202 3.709151197 0.9743536711
203 1.653136369 0.9650924544
204 -0.11809288 0.9549497716
205 -1.638673337 0.944403194
206 -2.943182486 0.9338661229
207 -4.064212554 0.9236446463
208 -5.03096925 0.9139345297
209 -5.868730198 0.9048399016
210 -6.59887597 0.8963982667
211 -7.23923222 0.888603379
212 -7.804539047 0.8814229193
213 -8.306938463 0.8748108566
214 -8.756424685 0.8687154913
215 -9.161235058 0.8630843754
216 -9.528177501 0.8578671257
217 -9.862899036 0.8530168826
218 -10.17010332 0.8484909361
219 -10.45372574 0.8442508583
220 -10.71707398 0.8402623593
221 -10.96294085 0.8364950013
222 -11.19369509 0.8329218499
223 -11.41135457 0.82951911
224 -11.61764555 0.8262657725
225 -11.81405095 0.8231432846
226 -12.00184967 0.8201352508
227 -12.18214895 0.8172271642
228 -12.35591099 0.8144061696
229 -12.52397501 0.8116608547
230 -12.68707561 0.8089810666
231 -12.84585812 0.8063577529
232 -13.00089142 0.8037828218
233 -13.15267884 0.8012490207
234 -13.30166729 0.7987498308
235 -13.44825501 0.7962793743
236 -13.59279829 0.793832334
237 -13.73561705 0.791403883
238 -13.87699973 0.7889896227
239 -14.01720753 0.7865855291
240 -14.15647796 0.7841879051
241 -14.295028 0.7817933385
242 -14.43305687 0.7793986652
243 -14.57074837 0.7770009364
244 -14.70827298 0.7745973897
245 -14.8457897 0.7721854227
246 -14.98344771 0.7697625704
247 -15.12138774 0.767326484
248 -15.25974343 0.7648749123
249 -15.39864245 0.7624056846
250 -15.53820752 0.7599166951
251 -15.67855739 0.7574058889
252 -15.81980768 0.7548712488
253 -15.96207165 0.7523107832
254 -16.10546096 0.7497225147
255 -16.25008635 0.7471044691
256 -16.39605823 0.744454666
257 -16.54348737 0.7417711084
258 -16.6924854 0.7390517735
259 -16.84316542 0.7362946039
260 -16.99564252 0.7334974986
261 -17.15003433 0.7306583042
262 -17.30646155 0.7277748061
263 -17.46504848 0.7248447203
264 -17.62592353 0.7218656842
265 -17.78921979 0.718835248
266 -17.95507556 0.7157508661
267 -18.12363495 0.7126098878
268 -18.29504841 0.7094095481
269 -18.46947334 0.7061469585
270 -18.64707474 0.7028190973
271 -18.82802585 0.6994228
272 -19.01250878 0.6959547491
273 -19.20071526 0.6924114642
274 -19.39284734 0.6887892916
275 -19.58911815 0.6850843943
276 -19.7897527 0.6812927413
277 -19.99498869 0.6774100974
278 -20.20507735 0.6734320136
279 -20.42028433 0.6693538172
280 -20.64089056 0.6651706028
281 -20.86719322 0.6608772242
282 -21.09950656 0.6564682874
283 -21.33816291 0.651938145
284 -21.58351353 0.647280893
285 -21.83592949 0.6424903691
286 -22.09580246 0.6375601553
287 -22.36354553 0.6324835831
288 -22.63959375 0.6272537444
289 -22.92440471 0.621863507
290 -23.21845877 0.6163055369
291 -23.52225924 0.6105723292
292 -23.83633207 0.6046562465
293 -24.16122535 0.598549569
294 -24.4975083 0.5922445558
295 -24.84576974 0.5857335198
296 -25.20661602 0.5790089174
297 -25.58066819 0.5720634543
298 -25.9685584 0.564890209
299 -26.37092542 0.5574827745
300 -26.78840912 0.5498354181
301 -27.22164394 0.5419432609
302 -27.67125115 0.5338024737
303 -28.13782995 0.5254104888
304 -28.62194739 0.5167662229
305 -29.12412711 0.5078703087
306 -29.64483708 0.4987253258
307 -30.18447645 0.4893360258
308 -30.74336177 0.4797095396
309 -31.32171301 0.4698555593
310 -31.91963969 0.4597864792
311 -32.53712772 0.4495174873
312 -33.17402749 0.4390665935
313 -33.83004385 0.4284545858
314 -34.50472857 0.4177049045
315 -35.19747598 0.4068434328
316 -35.90752215 0.3958981997
317 -36.63394819 0.3848990028
318 -37.3756877 0.3738769584
319 -38.13153857 0.3628639933
320 -38.90017882 0.3518922981
321 -39.68018602 0.3409937613
322 -40.47005983 0.3301994101
323 -41.26824654 0.3195388781
324 -42.07316495 0.3090399239
325 -42.88323248 0.2987280169
326 -43.69689051 0.2886260055
327 -44.51262807 0.2787538741
328 -45.32900311 0.2691285947
329 -46.14466083 0.2597640687
330 -46.95834841 0.2506711532
331 -47.76892628 0.2418577632
332 -48.57537551 0.2333290345
333 -49.37680182 0.2250875368
334 -50.17243613 0.2171335215
335 -50.96163219 0.2094651912
336 -51.74386157 0.2020789805
337 -52.51870654 0.1949698363
338 -53.28585112 0.1881314909
339 -54.04507077 0.1815567202
340 -54.79622103 0.1752375843
341 -55.53922555 0.1691656451
342 -56.27406363 0.1633321618
343 -57.00075761 0.1577282609
344 -57.7193604 0.1523450842
345 -58.42994317 0.1471739112
346 -59.13258357 0.1422062615
347 -59.82735451 0.1374339745
348 -60.51431381 0.1328492711
349 -61.19349471 0.1284447957
350 -61.86489763 0.1242136437
351 -62.52848306 0.120149372
352 -63.18416601 0.1162459978
353 -63.83181191 0.1124979844
354 -64.47123423 0.1089002181
355 -65.10219375 0.1054479758
356 -65.72439962 0.1021368864
357 -66.33751206 0.09896288835
358 -66.94114672 0.09592218283
359 -67.53488044 0.09301118736
360 -68.1182584 0.09022648925
361 -68.69080216 0.0875648016
362 -69.25201863 0.0850229227
363 -69.8014093 0.08259770013
364 -70.33847986 0.08028600022
365 -70.86274948 0.07808468342
366 -71.37375977 0.07599058573
367 -71.87108305 0.07400050615
368 -72.35432971 0.0721111998
369 -72.82315454 0.0703193762
370 -73.27726192 0.06862170205
371 -70.06560501 0.07929620501
372 -65.37933331 0.1000732529
373 -57.70674452 0.1423532305
374 -23.14068679 0.4234397176
375 39.00734529 0.9995242768
376 37.2492251 0.9999285932
377 34.53938163 0.9998837996
378 30.82490202 0.9997718007
379 26.49827471 0.9994978125
380 21.99603761 0.9988642263
381 17.62306672 0.9975190872
382 13.54542006 0.994942175
383 9.839952156 0.9905217207
384 6.534790847 0.9837393912
385 3.629712063 0.9743898339
386 1.104925113 0.9626940006
387 -1.073298416 0.9492247414
388 -2.946786381 0.9347052433
389 -4.559744281 0.9198115525
390 -5.954364089 0.9050616191
391 -7.168281711 0.8907924946
392 -8.233620698 0.8771881691
393 -9.177057741 0.8643228807
394 -10.02040112 0.8522007415
395 -10.78134536 0.8407853801
396 -11.47421997 0.8300197474
397 -12.11065217 0.8198383658
398 -12.70011986 0.8101744193
399 -13.25039834 0.8009635632
400 -13.76791471 0.7921457512
401 -14.25802667 0.7836659098
402 -14.72524097 0.775473977
403 -15.1733849 0.7675246096
404 -15.60574118 0.7597767366
405 -16.02515477 0.7521930593
406 -16.43411785 0.7447395517
407 -16.83483808 0.7373849883
408 -17.22929375 0.7301005117
409 -17.61927882 0.7228592441
410 -18.00644003 0.7156359419
411 -18.39230761 0.7084066919
412 -18.77832122 0.701148644
413 -19.16585168 0.6938397808
414 -19.55621968 0.6864587175
415 -19.95071163 0.6789845342
416 -20.35059343 0.6713966364
417 -20.7571222 0.663674646
418 -21.17155633 0.6557983221
419 -21.59516377 0.6477475151
420 -22.02922881 0.6395021556
421 -22.4750571 0.6310422826
422 -22.93397881 0.6223481162
423 -23.40734982 0.6134001796
424 -23.89655055 0.6041794767
425 -24.40298217 0.5946677306
426 -24.92805983 0.5848476898
427 -25.47320249 0.5747035041
428 -26.03981908 0.5642211741
429 -26.62929048 0.5533890697
430 -27.24294742 0.5421985142
431 -27.88204389 0.5306444174
432 -28.54772666 0.5187259396
433 -29.24100108 0.5064471563
434 -29.96269435 0.493817686
435 -30.71341739 0.4808532363
436 -31.49352719 0.4675760172
437 -32.30309179 0.4540149688
438 -33.14186029 0.4402057553
439 -34.00924053 0.4261904847
440 -34.90428688 0.4120171295
441 -35.8257003 0.3977386484
442 -36.77184188 0.3834118289
443 -37.74076068 0.3690959022
444 -38.73023499 0.3548510013
445 -39.73782548 0.340736554
446 -40.76093748 0.3268097074
447 -41.79688883 0.3131238831
448 -42.84297929 0.2997275445
449 -43.89655755 0.2866632415
450 -44.95508204 0.2739669691
451 -46.01617249 0.2616678497
452 -47.07765008 0.2497881233
453 -48.1375648 0.2383434089
454 -49.19420977 0.2273431861
455 -50.24612304 0.2167914403
456 -51.29207781 0.2066874118
457 -52.33106278 0.1970263946
458 -53.36225438 0.1878005391
459 -54.38498285 0.1789996181
460 -55.39869414 0.1706117312
461 -56.40290968 0.1626239235
462 -57.39718583 0.1550227109
463 -58.38107497 0.1477945025
464 -59.35408983 0.1409259234
465 -60.31567283 0.1344040394
466 -61.26517174 0.1282164926
467 -62.20182293 0.1223515582
468 -63.12474282 0.1167981352
469 -64.03292828 0.1115456853
470 -64.92526547 0.1065841352
471 -65.80054686 0.1019037589
472 -66.65749505 0.09749505146
473 -67.4947921 0.09334861081
474 -68.31111237 0.08945503431
475 -69.10515693 0.08580483948
476 -69.87568768 0.08238841196
477 -70.6215592 0.07919598206
478 -71.34174694 0.07621762813
479 -72.03537051 0.07344330327
480 -72.70171148 0.0708628804
481 -73.34022518 0.0684662103
482 -73.95054668 0.066243187
483 -74.53249135 0.06418381564
484 -75.08605044 0.06227827846
485 -75.61138264 0.06051699587
486 -76.10880222 0.05889068007
487 -76.57876486 0.05739038001
488 -77.02185171 0.05600751707
489 -77.43875264 0.05473391145
490 -77.83024918 0.05356179977
491 -78.19719771 0.05248384472
492 -78.54051334 0.05149313772
493 -78.86115486 0.05058319565
494 -79.16011079 0.04974795264
495 -79.43838688 0.04898174814
496 -79.696995 0.04827931188
497 -79.93694344 0.04763574685
498 -80.15922868 0.04704651074
499 -80.36482844 0.04650739657
500 -80.55469593 0.04601451294
501 -80.72975536 0.04556426433
502 -80.89089835 0.04515333164
503 -81.03898134 0.04477865334
504 -81.17482373 0.04443740728
505 -81.29920677 0.04412699335
506 -81.41287296 0.04384501698
507 -81.51652607 0.04358927363
508 -81.61083139 0.0433577342
509 -81.69641648 0.0431485314
510 -81.77387208 0.04295994702
511 -81.84375327 0.04279040011
512 -81.90658077 0.04263843603
513 -81.96284235 0.04250271631
514 -82.01299432 0.04238200927
515 -82.05746305 0.04227518138
516 -82.09664655 0.04218118929
517 -82.13091597 0.04209907251
518 -82.16061715 0.04202794665
519 -82.18607212 0.04196699724
520 -82.20758054 0.04191547402
521 -82.22542108 0.04187268572
522 -82.23985278 0.04183799526
523 -82.25111635 0.04181081536
524 -82.25943533 0.0417906045
525 -82.26501732 0.04177686317
526 -82.26805502 0.04176913057
527 -82.26872726 0.04176698141
528 -82.2672 0.04177002307
529 -82.26362722 0.04177789302
530 -82.25815177 0.04179025639
531 -82.25090615 0.04180680375
532 -82.24201329 0.04182724911
533 -82.23158722 0.04185132809
534 -82.21973369 0.04187879616
535 -82.20655083 0.04190942713
536 -82.19212966 0.04194301168
537 -82.17655462 0.04197935606
538 -82.15990404 0.0420182809
539 -82.14225064 0.04205962005
540 -82.12366187 0.04210321962
541 -82.10420033 0.04214893699
542 -82.08392413 0.04219663997
543 -82.06288721 0.04224620603
544 -82.04113966 0.04229752151
545 -82.01872796 0.04235048102
546 -81.9956953 0.04240498676
547 -81.97208177 0.04246094801
548 -81.94792461 0.04251828054
549 -81.92325842 0.0425769062
550 -81.89811534 0.04263675241
551 -81.87252522 0.0426977518
552 -81.84651582 0.04275984181
553 -81.8201129 0.04282296432
554 -81.79334043 0.04288706537
555 -81.76622067 0.04295209485
