0 -22.58062641 0.628258145
1 -22.82790649 0.6235732227
2 -23.08206886 0.6187630332
3 -23.34346249 0.6138222618
4 -23.61245412 0.6087454239
5 -23.88942867 0.6035268789
6 -24.1747894 0.5981608488
7 -24.46895801 0.5926414419
8 -24.77237444 0.5869626839
9 -25.08549646 0.581118555
10 -25.40879891 0.5751030368
11 -25.74277261 0.5689101673
12 -26.08792278 0.562534107
13 -26.44476699 0.5559692158
14 -26.81383254 0.5492101428
15 -27.19565311 0.542251928
16 -27.59076478 0.5350901179
17 -27.99970118 0.5277208935
18 -28.42298788 0.5201412118
19 -28.86113578 0.5123489577
20 -29.31463372 0.504343106
21 -29.78394011 0.4961238898
22 -30.26947384 0.4876929708
23 -30.7716044 0.4790536083
24 -31.29064151 0.4702108188
25 -31.82682437 0.4611715206
26 -32.3803109 0.4519446553
27 -32.95116733 0.4425412775
28 -33.53935839 0.4329746051
29 -34.14473872 0.4232600222
30 -34.76704579 0.4134150281
31 -35.4058949 0.403459128
32 -36.06077661 0.3934136616
33 -36.73105684 0.3833015729
34 -37.41598013 0.3731471214
35 -38.1146759 0.3629755452
36 -38.82616784 0.3528126836
37 -39.54938624 0.3426845737
38 -40.28318284 0.3326170345
39 -41.02634789 0.3226352556
40 -41.7776286 0.312763404
41 -42.53574865 0.3030242661
42 -43.29942775 0.2934389348
43 -44.06740079 0.2840265525
44 -44.8384359 0.274804117
45 -45.61135084 0.2657863509
46 -46.38502726 0.2569856367
47 -47.15842265 0.2484120122
48 -47.93057955 0.2400732216
49 -48.70063221 0.2319748141
50 -49.46781044 0.2241202825
51 -50.23144107 0.2165112308
52 -50.99094689 0.2091475647
53 -51.74584354 0.2020276937
54 -52.49573446 0.1951487403
55 -53.2403043 0.1885067477
56 -53.97931082 0.1820968818
57 -54.71257588 0.1759136233
58 -55.43997548 0.1699509464
59 -56.16142918 0.1642024823
60 -56.87688922 0.1586616658
61 -57.58632944 0.1533218643
62 -58.28973424 0.1481764884
63 -58.9870878 0.143219085
64 -59.67836384 0.1384434122
65 -60.36351594 0.1338434976
66 -61.04246889 0.1294136797
67 -61.71511103 0.1251486342
68 -62.38128795 0.1210433858
69 -63.04079759 0.1170933071
70 -63.69338704 0.1132941063
71 -64.33875094 0.1096418038
72 -64.97653177 0.1061327022
73 -65.60632183 0.1027633493
74 -66.22766703 0.09953049659
75 -66.84007218 0.09643105646
76 -67.44300783 0.09346205811
77 -68.03591823 0.0906206056
78 -68.61823022 0.08790383859
79 -69.18936281 0.08530889759
80 -69.74873702 0.08283289445
81 -70.29578569 0.08047288889
82 -70.82996301 0.07822587127
83 -71.35075347 0.07608875171
84 -71.85767991 0.07405835523
85 -72.35031067 0.0721314224
86 -72.82826541 0.07030461476
87 -73.29121988 0.06857452436
88 -73.73890927 0.06693768639
89 -74.17113031 0.06539059412
90 -74.58774223 0.06392971534
91 -74.98866651 0.06255150951
92 -75.37388561 0.06125244501
93 -75.74344086 0.06002901578
94 -76.09742957 0.05887775722
95 -76.43600147 0.05779526065
96 -76.75935476 0.05677818637
97 -77.06773178 0.05582327508
98 -77.36141449 0.05492735757
99 -77.64071978 0.05408736273
100 -77.90599485 0.05330032394
101 -78.15761265 0.05256338389
102 -78.39596741 0.05187379794
103 -78.62147049 0.0512289362
104 -78.83454634 0.05062628447
105 -79.03562883 0.05006344407
106 -79.22515784 0.04953813093
107 -79.40357617 0.0490481738
108 -79.57132675 0.0485915119
109 -79.72885016 0.04816619213
110 -79.87658245 0.04777036573
111 -80.01495326 0.04740228482
112 -80.14438418 0.04706029853
113 -80.26528738 0.04674284916
114 -80.37806452 0.04644846811
115 -80.48310578 0.04617577184
116 -80.58078915 0.04592345782
117 -80.67147991 0.04569030052
118 -80.75553024 0.04547514746
119 -80.83327894 0.04527691539
120 -80.90505133 0.04509458651
121 -80.97115923 0.04492720491
122 -81.03190104 0.04477387304
123 -81.08756185 0.04463374839
124 -81.13841371 0.04450604032
125 -81.18471587 0.04439000697
126 -81.22671509 0.0442849524
127 -81.26464603 0.04419022381
128 -81.29873156 0.04410520893
129 -81.32918323 0.04402933358
130 -81.35620163 0.04396205927
131 -81.37997685 0.04390288107
132 -81.40068888 0.04385132548
133 -81.41850805 0.04380694849
134 -81.43359546 0.04376933373
135 -81.44610338 0.04373809076
136 -81.45617571 0.04371285341
137 -81.46394833 0.04369327827
138 -81.46954952 0.04367904326
139 -81.47310035 0.04366984628
140 -81.47471502 0.04366540393
141 -81.47450127 0.04366545038
142 -81.47256066 0.04366973619
143 -81.46898892 0.04367802733
144 -81.46387632 0.0436901042
145 -81.45730787 0.0437057607
146 -81.44936369 0.04372480338
147 -81.44011924 0.04374705069
148 -81.42964562 0.04377233216
149 -81.41800976 0.04380048776
150 -81.4052747 0.04383136724
151 -81.3914998 0.0438648295
152 -81.37674094 0.04390074203
153 -81.36105075 0.04393898038
154 -81.34447876 0.04397942764
155 -81.32707158 0.04402197403
156 -81.30887312 0.04406651639
157 -81.28992469 0.04411295781
158 -81.27026516 0.04416120724
159 -81.24993113 0.04421117915
160 -81.22895704 0.04426279317
161 -81.20737531 0.04431597379
162 -81.18521643 0.04437065006
163 -81.16250911 0.04442675532
164 -81.13928033 0.04448422695
165 -81.11555552 0.04454300612
166 -81.09135856 0.04460303757
167 -81.06671193 0.0446642694
168 -81.04163679 0.04472665287
169 -81.01615301 0.04479014221
170 -80.99027929 0.04485469446
171 -80.9640332 0.04492026932
172 -80.93743127 0.04498682896
173 -80.910489 0.04505433791
174 -80.883221 0.04512276291
175 -80.85564095 0.04519207279
176 -80.82776171 0.04526223838
177 -80.79959534 0.04533323236
178 -80.77115317 0.04540502917
179 -80.74244581 0.04547760492
180 -80.71348321 0.04555093733
181 -80.68427467 0.04562500557
182 -80.65482893 0.04569979026
183 -80.62515413 0.04577527334
184 -80.59525789 0.04585143806
185 -80.56514733 0.04592826884
186 -80.53482907 0.04600575127
187 -80.50430929 0.04608387203
188 -80.47359374 0.04616261884
189 -80.44268775 0.0462419804
190 -80.41159626 0.04632194636
191 -80.38032384 0.04640250729
192 -80.34887472 0.04648365458
193 -80.31725278 0.04656538048
194 -80.28546159 0.046647678
195 -80.2535044 0.0467305409
196 -80.22138419 0.04681396369
197 -80.18910365 0.04689794156
198 -80.1566652 0.04698247035
199 -80.12407101 0.04706754657
200 -80.09132301 0.04715316733
201 -80.0584229 0.04723933035
202 -80.02537213 0.04732603392
203 -79.99217196 0.04741327688
204 -79.95882343 0.04750105865
205 -79.92532738 0.04758937915
206 -79.89168447 0.04767823881
207 -79.85789515 0.04776763859
208 -79.82395968 0.04785757993
209 -79.78987813 0.04794806486
210 -79.7556499 0.04803909687
211 -79.72126992 0.04813068938
212 -79.68669171 0.04822294636
213 -79.65147554 0.04831683268
214 -79.61143574 0.0484215284
215 -79.52670165 0.04862472124
216 -79.0176903 0.04977321619
217 -74.48395332 0.06091513013
218 -33.26908977 0.2837406089
219 37.19907509 0.9986546429
220 38.59613179 0.999942436
221 37.42452675 0.9999302752
222 35.31914688 0.999898143
223 32.51026914 0.9998297633
224 29.27986019 0.9996917198
225 25.888324 0.9994255997
226 22.51668905 0.9989384551
227 19.27311477 0.9980965879
228 16.21842428 0.9967289827
229 13.38648431 0.99464685
230 10.7954606 0.9916806377
231 8.45280776 0.9877256377
232 6.357318323 0.9827782994
233 4.500391983 0.976946205
234 2.867495817 0.9704270509
235 1.439963189 0.9634670798
236 0.1968815967 0.9563164271
237 -0.8832383282 0.9491952195
238 -1.821201321 0.942275627
239 -2.636313612 0.9356779256
240 -3.345956014 0.9294755523
241 -3.965442684 0.923704264
242 -4.508065253 0.9183720133
243 -4.985242076 0.9134677364
244 -5.406716309 0.9089683732
245 -5.78076713 0.9048440864
246 -6.114413618 0.9010619316
247 -6.413600914 0.8975883131
248 -6.683364558 0.8943905445
249 -6.927972487 0.8914377735
250 -7.151046052 0.8887014746
251 -7.355662259 0.8861556542
252 -7.544439686 0.8837768727
253 -7.719610481 0.8815441549
254 -7.883080612 0.879438837
255 -8.036480284 0.877444381
256 -8.181206153 0.8755461778
257 -8.318456733 0.8737313517
258 -8.449262112 0.8719885733
259 -8.57450897 0.8703078845
260 -8.694961663 0.8686805397
261 -8.811280032 0.8670988609
262 -8.924034482 0.8655561089
263 -9.033718766 0.8640463677
264 -9.140760855 0.8625644431
265 -9.245532187 0.8611057723
266 -9.348355559 0.8596663453
267 -9.449511863 0.8582426352
268 -9.549245861 0.8568315373
269 -9.647771124 0.8554303158
270 -9.745274275 0.8540365574
271 -9.841918638 0.8526481303
272 -9.937847369 0.8512631488
273 -10.03318617 0.8498799419
274 -10.1280456 0.8484970262
275 -10.22252312 0.8471130823
276 -10.3167048 0.8457269337
277 -10.41066686 0.8443375291
278 -10.50447694 0.8429439257
279 -10.59819525 0.8415452762
280 -10.69187557 0.8401408159
281 -10.78556605 0.8387298523
282 -10.87931003 0.837311756
283 -10.9731466 0.8358859519
284 -11.06711124 0.8344519124
285 -11.16123627 0.8330091508
286 -11.25555129 0.8315572159
287 -11.35008354 0.8300956869
288 -11.44485828 0.8286241694
289 -11.539899 0.8271422909
290 -11.63522776 0.8256496979
291 -11.73086535 0.8241460528
292 -11.82683151 0.822631031
293 -11.92314512 0.8211043187
294 -12.01982432 0.8195656106
295 -12.11688667 0.818014608
296 -12.2143493 0.8164510171
297 -12.31222894 0.8148745473
298 -12.41054212 0.8132849099
299 -12.50930517 0.8116818168
300 -12.60853436 0.810064979
301 -12.70824594 0.8084341059
302 -12.80845625 0.8067889039
303 -12.90918173 0.8051290756
304 -13.010439 0.8034543188
305 -13.11224493 0.8017643258
306 -13.21461668 0.8000587821
307 -13.31757176 0.7983373662
308 -13.42112804 0.7965997484
309 -13.52530386 0.7948455899
310 -13.630118 0.7930745425
311 -13.73558979 0.7912862474
312 -13.84173913 0.7894803347
313 -13.94858651 0.7876564224
314 -14.05615311 0.7858141157
315 -14.16446077 0.7839530063
316 -14.27353211 0.7820726715
317 -14.38339053 0.7801726732
318 -14.49406029 0.7782525573
319 -14.60556651 0.7763118525
320 -14.7179353 0.7743500697
321 -14.83119373 0.7723667006
322 -14.94536995 0.770361217
323 -15.06049321 0.7683330698
324 -15.17659395 0.7662816872
325 -15.29370384 0.7642064746
326 -15.41185588 0.7621068124
327 -15.53108443 0.7599820552
328 -15.65142534 0.7578315301
329 -15.77291596 0.7556545358
330 -15.89559531 0.7534503404
331 -16.01950409 0.7512181802
332 -16.14468486 0.7489572579
333 -16.27118204 0.7466667408
334 -16.39904212 0.7443457588
335 -16.52831371 0.7419934025
336 -16.65904769 0.7396087211
337 -16.79129732 0.73719072
338 -16.92511841 0.7347383586
339 -17.06056943 0.7322505475
340 -17.1977117 0.7297261461
341 -17.33660954 0.7271639598
342 -17.47733044 0.7245627367
343 -17.61994529 0.7219211647
344 -17.76452852 0.7192378683
345 -17.91115837 0.7165114047
346 -18.05991708 0.7137402603
347 -18.21089119 0.7109228469
348 -18.36417172 0.7080574973
349 -18.51985451 0.7051424614
350 -18.67804051 0.7021759011
351 -18.83883605 0.6991558859
352 -19.00235322 0.6960803879
353 -19.16871022 0.6929472764
354 -19.33803171 0.6897543125
355 -19.51044921 0.6864991436
356 -19.68610158 0.6831792974
357 -19.86513539 0.679792176
358 -20.04770544 0.6763350494
359 -20.23397525 0.6728050499
360 -20.42411759 0.6691991647
361 -20.618315 0.6655142305
362 -20.81676042 0.6617469264
363 -21.01965773 0.6578937681
364 -21.2272224 0.6539511019
365 -21.43968216 0.6499150987
366 -21.6572776 0.6457817496
367 -21.88026288 0.641546861
368 -22.10890639 0.6372060512
369 -22.34349144 0.6327547487
370 -22.58431689 0.6281881911
371 -22.83169781 0.6235014266
372 -23.08596609 0.6186893173
373 -23.34747094 0.6137465463
374 -23.61657938 0.6086676265
375 -23.89367656 0.6034469153
376 -24.17916605 0.5980786331
377 -24.47346978 0.5925568869
378 -24.77702796 0.5868757015
379 -25.09029861 0.5810290572
380 -25.41375679 0.5750109363
381 -25.74789355 0.5688153783
382 -26.09321428 0.5624365464
383 -26.45023671 0.5558688046
384 -26.81948822 0.5491068074
385 -27.20150255 0.5421456018
386 -27.59681574 0.5349807431
387 -28.00596134 0.5276084234
388 -28.42946472 0.5200256126
389 -28.86783647 0.512230211
390 -29.32156501 0.5042212114
391 -29.79110822 0.495998867
392 -30.27688431 0.4875648626
393 -30.77926192 0.4789224825
394 -31.29854978 0.4700767706
395 -31.83498593 0.4610346746
396 -32.38872702 0.4518051669
397 -32.95983781 0.4423993335
398 -33.54828146 0.4328304245
399 -34.15391091 0.4231138555
400 -34.77646187 0.4132671559
401 -35.41554782 0.4033098587
402 -36.07065747 0.3932633286
403 -36.74115496 0.3831505302
404 -37.4262831 0.3729957392
405 -38.12516972 0.3628242043
406 -38.83683707 0.3526617697
407 -39.56021423 0.342534471
408 -40.29415197 0.33246812
409 -41.0374398 0.3224878926
410 -41.78882453 0.3126179371
411 -42.54702969 0.302881016
412 -43.31077514 0.2932981942
413 -44.07879618 0.2838885833
414 -44.84986164 0.2746691476
415 -45.62279014 0.265654575
416 -46.39646443 0.2568572132
417 -47.16984321 0.2482870653
418 -47.94197039 0.2399518423
419 -48.71198159 0.2318570623
420 -49.4791081 0.224006189
421 -50.24267816 0.2164008002
422 -51.00211596 0.2090407783
423 -51.75693848 0.2019245128
424 -52.50675041 0.1950491091
425 -53.25123749 0.1884105966
426 -53.99015852 0.1820041299
427 -54.72333619 0.1758241816
428 -55.45064719 0.1698647201
429 -56.17201163 0.164119373
430 -56.88738212 0.1585815738
431 -57.59673271 0.1532446899
432 -58.30004784 0.1481021338
433 -58.9973116 0.1431474553
434 -59.68849742 0.1383744164
435 -60.37355853 0.1337770491
436 -61.05241917 0.1293496971
437 -61.72496711 0.1250870412
438 -62.39104721 0.1209841117
439 -63.05045668 0.1170362863
440 -63.70294182 0.1132392779
441 -64.34819648 0.1095891116
442 -64.98586238 0.1060820939
443 -65.61553109 0.1027147759
444 -66.23674785 0.0994839118
445 -66.84901692 0.09638641605
446 -67.45180841 0.09341931924
447 -68.04456622 0.09057972619
448 -68.62671704 0.0878647768
449 -69.19767982 0.08527161132
450 -69.7568757 0.08279734095
451 -70.30373776 0.08043902445
452 -70.8377206 0.07819365101
453 -71.35830921 0.07605812949
454 -71.86502709 0.07402928361
455 -72.35744327 0.0721038527
456 -72.83517824 0.07027849716
457 -73.29790861 0.06854980808
458 -73.74537046 0.0669143199
459 -74.17736146 0.06536852537
460 -74.59374176 0.06390889202
461 -74.99443376 0.06253187933
462 -75.37942081 0.0612339559
463 -75.7487451 0.0600116162
464 -76.10250472 0.05886139632
465 -76.44085017 0.05777988853
466 -76.76398033 0.05676375424
467 -77.07213816 0.05580973541
468 -77.36560616 0.05491466422
469 -77.6447017 0.05407547108
470 -77.9097724 0.05328919096
471 -78.16119155 0.05255296818
472 -78.39935367 0.0518640598
473 -78.62467033 0.05121983764
474 -78.83756614 0.0506177892
475 -79.03847508 0.05005551753
476 -79.22783711 0.04953074023
477 -79.40609503 0.04904128769
478 -79.57369176 0.04858510078
479 -79.73106782 0.04816022794
480 -79.87865918 0.04776482194
481 -80.01689536 0.04739713636
482 -80.14619784 0.04705552175
483 -80.26697862 0.04673842174
484 -80.37963921 0.04644436902
485 -80.48456959 0.04617198129
486 -80.58214759 0.04591995717
487 -80.67273829 0.04568707224
488 -80.75669366 0.04547217509
489 -80.83435231 0.04527418345
490 -80.90603936 0.04509208047
491 -80.97206643 0.04492491112
492 -81.03273172 0.04477177868
493 -81.08832012 0.04463184144
494 -81.13910349 0.0445043095
495 -81.1853409 0.0443884417
496 -81.22727892 0.04428354275
497 -81.26515203 0.04418896047
498 -81.29918294 0.04410408318
499 -81.32958303 0.04402833722
500 -81.35655273 0.04396118464
501 -81.38028197 0.04390212097
502 -81.4009506 0.04385067317
503 -81.41872881 0.04380639764
504 -81.43377757 0.04376887842
505 -81.44624903 0.04373772542
506 -81.45628695 0.04371257283
507 -81.4640271 0.04369307757
508 -81.46959766 0.04367891785
509 -81.47311958 0.04366979186
510 -81.47470698 0.04366541647
511 -81.4744675 0.0436655261
512 -81.4725026 0.04366987153
513 -81.46890795 0.04367821898
514 -81.46377371 0.04369034903
515 -81.45718484 0.04370605578
516 -81.44922138 0.04372514597
517 -81.43995873 0.0437474382
518 -81.42946792 0.04377276218
519 -81.41781581 0.04380095801
520 -81.40506541 0.0438318756
521 -81.39127601 0.04386537395
522 -81.37650345 0.0439013207
523 -81.3608003 0.0439395915
524 -81.34421605 0.04398006957
525 -81.32679728 0.0440226452
526 -81.30858785 0.04406721534
527 -81.28962902 0.04411368317
528 -81.26995965 0.04416195772
529 -81.24961631 0.04421195355
530 -81.22863339 0.04426359035
531 -81.20704328 0.04431679268
532 -81.18487646 0.04437148966
533 -81.16216159 0.04442761469
534 -81.13892566 0.04448510521
535 -81.11519404 0.04454390244
536 -81.09099062 0.04460395117
537 -81.06633785 0.04466519955
538 -81.04125685 0.04472759889
539 -81.0157675 0.04479110345
540 -80.98988847 0.04485567033
541 -80.96363732 0.04492125925
542 -80.93703055 0.04498783242
543 -80.91008367 0.0450553544
544 -80.88281125 0.04512379197
545 -80.85522698 0.04519311399
546 -80.82734369 0.04526329131
547 -80.79917345 0.04533429663
548 -80.77072756 0.04540610443
549 -80.74201663 0.04547869085
550 -80.71305059 0.04555203361
551 -80.68383876 0.04562611192
552 -80.65438983 0.04570090641
553 -80.62471196 0.04577639905
554 -80.59481275 0.04585257309
555 -80.56469932 0.04592941298
