0 -72.48288897 0.0716234159
1 -72.96355181 0.06979797669
2 -73.429074 0.06806963564
3 -73.87914351 0.06643504907
4 -74.31351695 0.06489079766
5 -74.73202053 0.06343340675
6 -75.13454974 0.06205936743
7 -75.52106785 0.06076515764
8 -75.89160338 0.05954726271
9 -76.2462467 0.05840219464
10 -76.58514596 0.05732650984
11 -76.90850251 0.0563168251
12 -77.21656595 0.05536983144
13 -77.50962896 0.05448230605
14 -77.78802206 0.05365112211
15 -78.05210837 0.05287325667
16 -78.3022785 0.05214579668
17 -78.53894563 0.05146594333
18 -78.76254085 0.05083101486
19 -78.97350881 0.05023844799
20 -79.17230365 0.0496857982
21 -79.35938531 0.04917073891
22 -79.53521624 0.04869105993
23 -79.70025834 0.04824466511
24 -79.85497041 0.0478295694
25 -79.9998058 0.04744389555
26 -80.13521043 0.04708587042
27 -80.26162115 0.04675382096
28 -80.37946431 0.04644617018
29 -80.48915461 0.04616143289
30 -80.59109424 0.04589821144
31 -80.6856721 0.04565519149
32 -80.77326336 0.04543113777
33 -80.85422906 0.04522488997
34 -80.92891595 0.0450353587
35 -80.99765639 0.04486152156
36 -81.06076837 0.0447024194
37 -81.11855569 0.04455715266
38 -81.17130812 0.0444248779
39 -81.21930169 0.04430480448
40 -81.26279902 0.04419619137
41 -81.30204965 0.04409834419
42 -81.33729052 0.04401061231
43 -81.3687463 0.04393238618
44 -81.39662992 0.04386309474
45 -81.42114297 0.04380220306
46 -81.44247619 0.04374921005
47 -81.46080991 0.04370364632
48 -81.47631454 0.04366507216
49 -81.48915103 0.04363307568
50 -81.49947129 0.04360727101
51 -81.50741865 0.04358729666
52 -81.51312828 0.04357281396
53 -81.51672763 0.04356350558
54 -81.51833681 0.04355907416
55 -81.51806897 0.04355924106
56 -81.51603069 0.04356374515
57 -81.51232233 0.04357234168
58 -81.50703828 0.04358480141
59 -81.50026662 0.04360091099
60 -81.4920832 0.04362048452
61 -81.48249599 0.04364347521
62 -81.47093928 0.04367099208
63 -81.45170327 0.04371449828
64 -81.37265548 0.04387913183
65 -80.76270561 0.0451315976
66 -75.38650597 0.05753062519
67 -29.02059768 0.3202683201
68 37.52822798 0.9990823968
69 38.46978988 0.9999413734
70 37.08216526 0.9999259912
71 34.67455587 0.999885838
72 31.48373841 0.9997956178
73 27.83276381 0.999601077
74 24.02173458 0.9992004267
75 20.26025563 0.9984229954
76 16.67486539 0.997017525
77 13.33736414 0.9946682902
78 10.28670739 0.9910535407
79 7.540640804 0.9859384342
80 5.101023721 0.9792635098
81 2.956955632 0.9711798946
82 1.087896041 0.9620113814
83 -0.5328176632 0.9521678163
84 -1.934551305 0.9420548513
85 -3.146622411 0.9320124868
86 -4.196466906 0.9222898845
87 -5.108661402 0.9130472318
88 -5.904582852 0.9043714028
89 -6.602468951 0.8962953191
90 -7.217690966 0.8888155516
91 -7.763113063 0.8819061586
92 -8.249464122 0.8755286412
93 -8.685683971 0.869638663
94 -9.079227969 0.8641903472
95 -9.436326175 0.8591388754
96 -9.762199445 0.8544419488
97 -10.06123748 0.8500605142
98 -10.33714449 0.8459590327
99 -10.59305803 0.8421054727
100 -10.83164582 0.8384711488
101 -11.05518465 0.8350304782
102 -11.26562491 0.8317607052
103 -11.46464344 0.8286416178
104 -11.65368693 0.8256552748
105 -11.83400777 0.8227857511
106 -12.00669368 0.8200189042
107 -12.17269236 0.8173421648
108 -12.33283209 0.8147443493
109 -12.48783891 0.8122154937
110 -12.63835112 0.8097467071
111 -12.7849315 0.8073300428
112 -12.92807767 0.8049583845
113 -13.06823085 0.8026253474
114 -13.20578343 0.8003251901
115 -13.3410853 0.7980527385
116 -13.47444943 0.7958033181
117 -13.60615657 0.7935726947
118 -13.73645937 0.7913570225
119 -13.86558588 0.7891527981
120 -13.9937427 0.78695682
121 -14.12111758 0.7847661527
122 -14.24788182 0.7825780949
123 -14.3741923 0.780390152
124 -14.50019324 0.7782000102
125 -14.62601787 0.7760055152
126 -14.75178972 0.7738046515
127 -14.87762395 0.7715955254
128 -15.0036284 0.7693763486
129 -15.12990458 0.767145424
130 -15.25654854 0.7649011329
131 -15.38365168 0.762641923
132 -15.51130142 0.760366298
133 -15.63958188 0.758072808
134 -15.76857442 0.7557600401
135 -15.89835824 0.7534266108
136 -16.02901078 0.7510711578
137 -16.16060824 0.7486923335
138 -16.29322599 0.7462887979
139 -16.42693892 0.7438592125
140 -16.56182187 0.7414022347
141 -16.69794995 0.7389165115
142 -16.83539889 0.7364006746
143 -16.97424534 0.7338533349
144 -17.11456721 0.7312730774
145 -17.25644401 0.7286584561
146 -17.39995706 0.726007989
147 -17.54518992 0.7233201535
148 -17.69222857 0.720593381
149 -17.84116183 0.7178260522
150 -17.99208158 0.7150164918
151 -18.14508313 0.7121629642
152 -18.30026554 0.7092636673
153 -18.45773194 0.7063167281
154 -18.61758987 0.7033201969
155 -18.77995166 0.7002720421
156 -18.94493479 0.6971701443
157 -19.11266228 0.6940122908
158 -19.2832631 0.6907961697
159 -19.45687257 0.6875193637
160 -19.63363283 0.6841793444
161 -19.81369329 0.6807734655
162 -19.99721108 0.677298957
163 -20.1843516 0.6737529187
164 -20.37528902 0.6701323138
165 -20.57020681 0.6664339628
166 -20.76929833 0.662654537
167 -20.97276739 0.6587905531
168 -21.18082883 0.6548383672
169 -21.39370917 0.6507941699
170 -21.61164723 0.6466539819
171 -21.83489471 0.6424136499
172 -22.06371683 0.6380688445
173 -22.298393 0.6336150586
174 -22.53921732 0.629047608
175 -22.7864992 0.6243616333
176 -23.04056386 0.6195521049
177 -23.30175278 0.6146138307
178 -23.57042404 0.6095414668
179 -23.84695262 0.6043295328
180 -24.13173043 0.5989724313
181 -24.42516631 0.5934644732
182 -24.72768573 0.587799909
183 -25.03973026 0.581972967
184 -25.36175669 0.5759778997
185 -25.69423591 0.5698090388
186 -26.03765124 0.5634608595
187 -26.39249635 0.556928056
188 -26.75927271 0.5502056269
189 -27.13848626 0.5432889732
190 -27.53064367 0.5361740065
191 -27.93624767 0.5288572703
192 -28.35579176 0.5213360703
193 -28.78975414 0.5136086154
194 -29.23859082 0.5056741659
195 -29.70272797 0.497533186
196 -30.18255367 0.4891874979
197 -30.67840894 0.4806404327
198 -31.19057843 0.4718969729
199 -31.71928076 0.4629638795
200 -32.26465894 0.4538497984
201 -32.82677099 0.4445653384
202 -33.40558125 0.4351231139
203 -34.00095258 0.4255377451
204 -34.61264006 0.4158258114
205 -35.24028632 0.4060057533
206 -35.88341899 0.3960977197
207 -36.54145062 0.3861233626
208 -37.21368115 0.3761055808
209 -37.89930315 0.3660682191
210 -38.59740979 0.3560357306
211 -39.30700552 0.3460328134
212 -40.02701901 0.3360840342
213 -40.75631819 0.3262134515
214 -41.4937268 0.3164442528
215 -42.23804193 0.3067984187
216 -42.98805197 0.2972964243
217 -43.74255441 0.2879569882
218 -44.50037279 0.278796875
219 -45.26037253 0.2698307556
220 -46.02147493 0.2610711246
221 -46.78266925 0.2525282749
222 -47.54302245 0.2442103233
223 -48.30168665 0.2361232831
224 -49.05790409 0.228271175
225 -49.81100976 0.2206561695
226 -50.56043182 0.2132787529
227 -51.3056899 0.2061379088
228 -52.04639154 0.1992313092
229 -52.78222693 0.192555508
230 -53.51296226 0.1861061327
231 -54.23843181 0.179878069
232 -54.95852896 0.1738656369
233 -55.67319652 0.1680627534
234 -56.38241625 0.1624630819
235 -57.08619813 0.1570601666
236 -57.7845692 0.1518475508
237 -58.47756244 0.1468188791
238 -59.16520577 0.1419679834
239 -59.84751139 0.1372889525
240 -60.52446563 0.132776186
241 -61.19601971 0.1284244322
242 -61.86208145 0.1242288117
243 -62.52250827 0.120184826
244 -63.17710176 0.1162883537
245 -63.82560384 0.1125356338
246 -64.46769488 0.1089232387
247 -65.10299372 0.1054480391
248 -65.73105974 0.1021071603
249 -66.35139691 0.09889793554
250 -66.9634597 0.09581785477
251 -67.56666072 0.09286451432
252 -68.16037977 0.0900355673
253 -68.74397404 0.08732867772
254 -69.31678909 0.08474147951
255 -69.87817025 0.08227154181
256 -70.427474 0.07991634137
257 -70.96407904 0.07767324244
258 -71.48739667 0.07553948423
259 -71.99688019 0.07351217567
260 -72.49203307 0.07158829674
261 -72.97241587 0.06976470571
262 -73.43765154 0.06803815115
263 -73.8874293 0.06640528779
264 -74.32150706 0.06486269507
265 -74.73971234 0.06340689748
266 -75.14194192 0.06203438566
267 -75.52816032 0.06074163749
268 -75.89839725 0.05952513861
269 -76.25274421 0.0583814017
270 -76.59135038 0.05730698414
271 -76.91441808 0.05629850397
272 -77.22219775 0.05535265374
273 -77.51498284 0.05446621232
274 -77.79310453 0.05363605478
275 -78.05692649 0.05285916017
276 -78.3068398 0.05213261754
277 -78.54325804 0.05145363024
278 -78.76661257 0.05081951873
279 -78.97734827 0.05022772195
280 -79.17591941 0.04967579758
281 -79.36278602 0.04916142126
282 -79.53841056 0.04868238494
283 -79.7032549 0.04823659458
284 -79.85777776 0.04782206718
285 -80.00243235 0.04743692749
286 -80.13766446 0.04707940425
287 -80.26391074 0.04674782628
288 -80.38159734 0.04644061832
289 -80.49113874 0.04615629688
290 -80.59293687 0.0458934659
291 -80.68738039 0.04565081256
292 -80.7748442 0.04542710303
293 -80.85568909 0.04522117836
294 -80.93026152 0.04503195046
295 -80.99889358 0.04485839815
296 -81.06190302 0.04469956342
297 -81.11959335 0.0445545478
298 -81.17225409 0.04442250887
299 -81.22016101 0.04430265694
300 -81.26357648 0.0441942519
301 -81.30274981 0.04409660019
302 -81.3379177 0.04400905199
303 -81.3693046 0.04393099848
304 -81.39712322 0.04386186932
305 -81.42157494 0.04380113023
306 -81.4428503 0.04374828072
307 -81.46112945 0.04370285197
308 -81.47658262 0.04366440483
309 -81.48937057 0.0436325279
310 -81.49964505 0.04360683579
311 -81.50754923 0.04358696744
312 -81.51321816 0.04357258461
313 -81.51677912 0.04356337033
314 -81.51835209 0.04355902762
315 -81.51805009 0.04355927819
316 -81.5159796 0.04356386121
317 -81.51224085 0.04357253222
318 -81.50692812 0.04358506228
319 -81.5001294 0.04360123829
320 -81.49192044 0.0436208746
321 -81.48230906 0.04364392474
322 -81.47072909 0.04367149877
323 -81.45146685 0.04371506774
324 -81.37235501 0.0438798414
325 -80.76198213 0.04513320744
326 -75.38206963 0.0575420937
327 -28.98661446 0.3205941668
328 37.52983851 0.9990848444
329 38.46960122 0.9999413724
330 37.08166543 0.9999259847
331 34.67386153 0.9998858235
332 31.4829715 0.9997955887
333 27.83204438 0.9996010234
334 24.02114457 0.9992003383
335 20.25983632 0.9984228709
336 16.67462923 0.9970173889
337 13.33730631 0.9946682147
338 10.28681345 0.9910536609
339 7.54089143 0.9859389443
340 5.101397917 0.9792646342
341 2.95743305 0.9711818448
342 1.088458555 0.96201432
343 -0.5321851466 0.9521718401
344 -1.933860689 0.942059995
345 -3.145882692 0.9320187391
346 -4.195684675 0.9222972052
347 -5.107841381 0.9130555672
348 -5.903728385 0.9043806953
349 -6.601582398 0.8963055129
350 -7.216774009 0.8888265956
351 -7.762166924 0.8819180074
352 -8.24848972 0.8755412549
353 -8.684682028 0.8696520065
354 -9.078199087 0.8642043898
355 -9.435270878 0.85915359
356 -9.761118213 0.8544573114
357 -10.06013076 0.8500765032
358 -10.33601273 0.8459756286
359 -10.59190166 0.8421226581
360 -10.83046525 0.8384889075
361 -11.05398029 0.8350487956
362 -11.26439718 0.8317795678
363 -11.46339272 0.8286610132
364 -11.6524136 0.8256751917
365 -11.8327122 0.822806179
366 -12.00537621 0.8200398337
367 -12.17135333 0.8173635871
368 -12.33147181 0.8147662564
369 -12.48645766 0.8122378786
370 -12.63694916 0.8097695633
371 -12.78350907 0.8073533646
372 -12.92663498 0.804982167
373 -13.06676809 0.8026495863
374 -13.20430075 0.8003498818
375 -13.33958284 0.7980778801
376 -13.47292728 0.7958289072
377 -13.6046148 0.7935987297
378 -13.73489802 0.7913835023
379 -13.86400498 0.7891797224
380 -13.99214221 0.7869841889
381 -14.11949747 0.7847939669
382 -14.24624201 0.7826063561
383 -14.37253267 0.780418862
384 -14.49851367 0.7782291717
385 -14.62431817 0.7760351314
386 -14.7500697 0.7738347263
387 -14.87588338 0.7716260632
388 -15.00186701 0.7694073545
389 -15.12812208 0.7671769036
390 -15.25474459 0.7649330925
391 -15.38182592 0.7626743696
392 -15.50945345 0.7603992393
393 -15.63771127 0.7581062521
394 -15.7666807 0.755793996
395 -15.8964409 0.753461088
396 -16.02706927 0.7511061668
397 -16.15864198 0.7487278852
398 -16.29123435 0.7463249042
399 -16.42492123 0.7438958861
400 -16.55977742 0.7414394889
401 -16.69587798 0.7389543606
402 -16.83329858 0.7364391338
403 -16.97211584 0.7338924202
404 -17.11240762 0.7313128057
405 -17.25425335 0.7286988454
406 -17.39773433 0.7260490585
407 -17.54293401 0.7233619231
408 -17.68993835 0.720635872
409 -17.83883608 0.7178692869
410 -17.98971902 0.7150604939
411 -18.14268241 0.7122077586
412 -18.29782522 0.7093092803
413 -18.4552505 0.7063631874
414 -18.6150657 0.7033675318
415 -18.77738307 0.7003202833
416 -18.94231999 0.6972193242
417 -19.10999937 0.6940624437
418 -19.28055007 0.6908473315
419 -19.45410731 0.6875715724
420 -19.63081309 0.6842326397
421 -19.81081669 0.6808278894
422 -19.99427512 0.6773545537
423 -20.18135363 0.6738097346
424 -20.37222623 0.6701903977
425 -20.56707624 0.6664933659
426 -20.76609684 0.6627153131
427 -20.96949166 0.6588527587
428 -21.17747536 0.6549020614
429 -21.39027427 0.6508594148
430 -21.60812698 0.6467208422
431 -21.83128498 0.6424821934
432 -22.06001327 0.6381391419
433 -22.29459101 0.6336871836
434 -22.53531206 0.6291216371
435 -22.78248557 0.6244376459
436 -23.0364365 0.6196301834
437 -23.29750607 0.6146940598
438 -23.56605207 0.6096239338
439 -23.8424492 0.604414327
440 -24.1270891 0.599059644
441 -24.42038034 0.5935541968
442 -24.72274811 0.5878922367
443 -25.03463372 0.5820679922
444 -25.35649373 0.5760757149
445 -25.6887988 0.5699097348
446 -26.03203205 0.5635645245
447 -26.38668703 0.5570347738
448 -26.75326507 0.5503154759
449 -27.13227209 0.5434020242
450 -27.52421475 0.5362903214
451 -27.9295959 0.5289768997
452 -28.34890923 0.5214590515
453 -28.78263324 0.5137349699
454 -29.23122434 0.5058038969
455 -29.69510926 0.4976662761
456 -30.17467675 0.4893239064
457 -30.67026868 0.4807800936
458 -31.18217067 0.4720397919
459 -31.7106025 0.4631097329
460 -32.25570846 0.453998531
461 -32.81754804 0.444716763
462 -33.39608714 0.4352770102
463 -33.99119034 0.4256938608
464 -34.6026145 0.4159838629
465 -35.2300041 0.4061654278
466 -35.87288864 0.396258678
467 -36.53068254 0.386285243
468 -37.20268753 0.3762680036
469 -37.88809785 0.3662307918
470 -38.58600824 0.3561980533
471 -39.29542447 0.3461944854
472 -40.01527633 0.3362446595
473 -40.74443263 0.3263726454
474 -41.48171768 0.3166016473
475 -42.22592887 0.3069536678
476 -42.9758546 0.2974492085
477 -43.73029205 0.288107018
478 -44.48806425 0.278943894
479 -45.2480358 0.269974542
480 -46.00912701 0.2612114923
481 -46.77032594 0.2526650733
482 -47.53069826 0.2443434368
483 -48.28939463 0.2362526293
484 -49.04565581 0.2283967029
485 -49.79881528 0.2207778568
486 -50.5482997 0.2133966032
487 -51.29362724 0.2062519487
488 -52.03440404 0.199341585
489 -52.77031902 0.1926620828
490 -53.50113718 0.1862090829
491 -54.22669176 0.1799774819
492 -54.94687527 0.1739616075
493 -55.66162979 0.1681553821
494 -56.37093655 0.1625524722
495 -57.07480513 0.157146423
496 -57.77326241 0.1519307768
497 -58.46634135 0.146899176
498 -59.15407005 0.1420454489
499 -59.83646104 0.1373636795
500 -60.51350116 0.1328482621
501 -61.18514227 0.1284939392
502 -61.85129294 0.1242958252
503 -62.5118115 0.1202494155
504 -63.16650046 0.1163505825
505 -63.81510274 0.1125955596
506 -64.45729971 0.1089809143
507 -65.09271122 0.1055035124
508 -65.72089758 0.1021604758
509 -66.34136364 0.09894913458
510 -66.95356461 0.09586697661
511 -67.55691372 0.09291159693
512 -68.15079122 0.09008064813
513 -68.7345546 0.0873717944
514 -69.3075495 0.0847826705
515 -69.86912118 0.08231084688
516 -70.41862584 0.07995380202
517 -70.95544175 0.07770890214
518 -71.47897957 0.07557338859
519 -71.98869187 0.07354437246
520 -72.48408124 0.0716188358
521 -72.96470725 0.06979363883
522 -73.4301918 0.0680655318
523 -73.88022302 0.06643117085
524 -74.31455767 0.06488713654
525 -74.73302214 0.06342995409
526 -75.1355121 0.06205611454
527 -75.52199096 0.06076209585
528 -75.89248741 0.05954438339
529 -76.24709195 0.05839948926
530 -76.58595287 0.05732397001
531 -76.90927165 0.05631444259
532 -77.217298 0.05536759823
533 -77.5103247 0.05448021435
534 -77.78868234 0.05364916438
535 -78.05273413 0.05287142563
536 -78.30287072 0.05214408534
537 -78.53950535 0.05146434497
538 -78.76306915 0.05082952307
539 -78.97400679 0.05023705665
540 -79.17277243 0.04968450146
541 -79.35982603 0.04916953123
542 -79.53563003 0.04868993605
543 -79.70064633 0.04824362003
544 -79.85533372 0.04782859841
545 -80.00014552 0.04744299419
546 -80.13552765 0.04708503448
547 -80.26191692 0.04675304647
548 -80.37973965 0.04644545341
549 -80.48941054 0.04616077032
550 -80.59133171 0.04589759976
551 -80.68589206 0.04565462759
552 -80.77346669 0.04543061872
553 -80.85441664 0.04522441303
554 -80.92908861 0.04503492129
555 -80.99781491 0.04486112127
556 -81.06091353 0.04470205396
557 -81.1186882 0.04455681994
558 -81.17142868 0.04442457591
559 -81.21941095 0.04430453135
560 -81.2628976 0.04419594536
561 -81.30213816 0.04409812365
562 -81.33736951 0.04401041571
563 -81.36881631 0.04393221207
564 -81.39669146 0.04386294177
565 -81.42119651 0.04380206999
566 -81.44252218 0.04374909568
567 -81.46084879 0.04370354954
568 -81.47634671 0.04366499193
569 -81.48917687 0.04363301103
570 -81.49949116 0.04360722104
571 -81.50743289 0.04358726051
572 -81.51313722 0.04357279083
573 -81.51673157 0.04356349471
574 -81.51833602 0.04355907486
575 -81.51806373 0.04355925267
576 -81.51602125 0.04356376705
577 -81.51230893 0.04357237329
578 -81.50702114 0.04358484219
579 -81.50024594 0.04360096044
580 -81.4920592 0.04362054216
581 -81.48246883 0.0436435406
582 -81.4709091 0.04367106491
583 -81.45166973 0.04371457918
584 -81.37261415 0.04387922989
585 -80.76261418 0.04513180271
586 -75.3859754 0.05753199957
587 -29.01656365 0.3203069927
588 37.52841974 0.9990826878
589 38.46976837 0.9999413733
590 37.0821078 0.9999259905
591 34.67447693 0.9998858364
592 31.48365292 0.9997956146
593 27.83268627 0.9996010712
594 24.0216747 0.9992004176
595 20.26021814 0.998422984
596 16.67485149 0.997017516
597 13.3373729 0.9946682952
598 10.28673675 0.9910535795
599 7.540688099 0.9859385337
600 5.10108615 0.9792637002
601 2.957030534 0.9711802032
602 1.087981094 0.9620118282
603 -0.532724351 0.9521684123
604 -1.934451189 0.9420555992
605 -3.146516559 0.9320133835
606 -4.196356077 0.9222909236
607 -5.108546116 0.9130484054
608 -5.90446346 0.9043727027
609 -6.602345686 0.8962967378
610 -7.217563984 0.8888170822
611 -7.762982469 0.8819077951
612 -8.249329991 0.8755303785
613 -8.685546357 0.8696404965
614 -9.07908692 0.864192273
615 -9.436181733 0.8591408901
616 -9.762051649 0.8544440493
617 -10.06108637 0.8500626979
618 -10.33699011 0.845961297
619 -10.59290042 0.8421078155
620 -10.83148503 0.8384735679
621 -11.05502071 0.8350329719
622 -11.26545788 0.8317632718
623 -11.46447336 0.8286442556
624 -11.65351384 0.8256579825
625 -11.83383172 0.8227885273
626 -12.0065147 0.8200217477
627 -12.17251051 0.8173450745
628 -12.33264739 0.8147473241
629 -12.4876514 0.8122185327
630 -12.63816083 0.8097498095
631 -12.78473847 0.8073332079
632 -12.92788191 0.8049616117
633 -13.0680324 0.8026286361
634 -13.2055823 0.8003285398
635 -13.3408815 0.7980561489
636 -13.47424298 0.7958067889
637 -13.60594748 0.7935762257
638 -13.73624763 0.7913606136
639 -13.86537151 0.7891564492
640 -13.99352568 0.7869605311
641 -14.12089792 0.784769924
642 -14.2476595 0.7825819266
643 -14.3739673 0.7803940444
644 -14.49996555 0.7782039637
645 -14.62578745 0.7760095301
646 -14.75155656 0.7738087284
647 -14.87738801 0.771599665
648 -15.00338965 0.7693805515
649 -15.12966297 0.767149691
650 -15.25630403 0.7649054648
651 -15.38340422 0.7626463208
652 -15.51105096 0.7603707628
653 -15.63932835 0.7580773408
654 -15.76831777 0.7557646422
655 -15.89809839 0.7534312834
656 -16.02874766 0.7510759024
657 -16.16034178 0.7486971516
658 -16.29295609 0.746293691
659 -16.42666549 0.7438641824
660 -16.56154482 0.7414072832
661 -16.69766918 0.7389216405
662 -16.83511428 0.7364058862
663 -16.97395678 0.7338586312
664 -17.11427459 0.7312784607
665 -17.25614718 0.7286639288
666 -17.39965589 0.7260135538
667 -17.54488426 0.7233258131
668 -17.69191827 0.7205991382
669 -17.84084672 0.71783191
670 -17.99176149 0.7150224535
671 -18.14475788 0.712169033
672 -18.29993494 0.7092698469
673 -18.45739577 0.7063230222
674 -18.61724792 0.7033266094
675 -18.7796037 0.7002785772
676 -18.94458058 0.6971768064
677 -19.11230157 0.6940190845
678 -19.28289561 0.6908030998
679 -19.45649802 0.6875264355
680 -19.63325091 0.6841865631
681 -19.81330368 0.6807808368
682 -19.99681344 0.6773064869
683 -20.18394558 0.6737606134
684 -20.37487424 0.6701401799
685 -20.56978287 0.6664420072
686 -20.76886481 0.662662767
687 -20.97232383 0.6587989763
688 -21.18037476 0.6548469916
689 -21.39324411 0.6508030038
690 -21.61117063 0.646663034
691 -21.83440602 0.6424229294
692 -22.06321547 0.6380783609
693 -22.29787834 0.6336248219
694 -22.53868871 0.6290576284
695 -22.78595596 0.6243719215
696 -23.04000526 0.6195626721
697 -23.30117807 0.6146246882
698 -23.56983242 0.6095526264
699 -23.84634325 0.6043410064
700 -24.13110245 0.5989842313
701 -24.42451881 0.593476612
702 -24.72701777 0.587812399
703 -25.03904086 0.5819858209
704 -25.36104484 0.5759911298
705 -25.69350057 0.5698226572
706 -26.03689134 0.5634748782
707 -26.39171082 0.5569424861
708 -26.75846043 0.550220479
709 -27.13764615 0.5433042566
710 -27.52977461 0.5361897296
711 -27.93534857 0.5288734397
712 -28.35486157 0.5213526909
713 -28.78879184 0.5136256901
714 -29.23759543 0.505691695
715 -29.70169862 0.4975511669
716 -30.18148954 0.4892059251
717 -30.67730936 0.4806592972
718 -31.18944283 0.4719162618
719 -31.71810875 0.4629835759
720 -32.2634503 0.4538698814
721 -32.82552569 0.4445857827
722 -33.40429946 0.4351438897
723 -33.99963472 0.4255588182
724 -34.61128679 0.4158471437
725 -35.23889853 0.4060273025
726 -35.88199784 0.3961194401
727 -36.53999751 0.3861452054
728 -37.21219772 0.3761274949
729 -37.89779127 0.3660901517
730 -38.59587154 0.3560576278
731 -39.30544315 0.3460546213
732 -40.02543493 0.3361056995
733 -40.75471491 0.3262349225
734 -41.49210693 0.3164654801
735 -42.2364081 0.3068193558
736 -42.98640682 0.2973170282
737 -43.74090053 0.28797722
738 -44.49871272 0.2788167004
739 -45.25870867 0.2698501448
740 -46.01980957 0.2610900526
741 -46.78100451 0.2525467215
742 -47.54136028 0.2442282731
743 -48.3000288 0.236140725
744 -49.05625211 0.2282881023
745 -49.809365 0.2206725792
746 -50.55879543 0.2132946456
747 -51.30406283 0.2061532881
748 -52.04477455 0.1992461814
749 -52.78062061 0.1925698816
750 -53.51136705 0.1861200179
751 -54.236848 0.1798914778
752 -54.95695673 0.1738785819
753 -55.67163594 0.1680752482
754 -56.38086734 0.1624751405
755 -57.08466084 0.157071803
756 -57.78304346 0.151858779
757 -58.47604818 0.1468297127
758 -59.16370296 0.1419784355
759 -59.84602002 0.1372990357
760 -60.52298577 0.132785912
761 -61.19455151 0.1284338121
762 -61.86062517 0.1242378555
763 -62.5210643 0.1201935433
764 -63.17567059 0.1162967529
765 -63.82418611 0.1125437226
766 -64.46629137 0.1089310243
767 -65.10160532 0.1054555278
768 -65.7296875 0.1021143583
769 -66.35004198 0.09890484824
770 -66.96212333 0.09582448751
771 -67.56534425 0.09287087222
772 -68.15908459 0.0900416554
773 -68.74270159 0.08733450109
774 -69.31554082 0.08474704332
775 -69.8769476 0.08227685142
776 -70.42627837 0.07992140236
777 -70.96291178 0.07767806066
778 -71.48625903 0.07554406583
779 -71.99577333 0.07351652707
780 -72.49095804 0.07159242466
