0 -81.43456616 0.0437590133
1 -77.85638771 0.05209893304
2 -73.18226834 0.06666640922
3 -66.68861004 0.09224298769
4 -42.98288743 0.2216565726
5 39.78166057 0.9985040065
6 38.72362186 0.9999447127
7 37.14582675 0.9999270759
8 34.54600495 0.9998835409
9 31.05857211 0.9997801323
10 27.07033238 0.9995439835
11 22.96338983 0.9990367228
12 18.99019882 0.9980311299
13 15.28281708 0.9962099394
14 11.90005975 0.9932076766
15 8.862913033 0.988701967
16 6.172076171 0.9825265387
17 3.814952278 0.9747479842
18 1.768941883 0.9656593371
19 0.004431463257 0.9556955141
20 -1.511865602 0.9453209272
21 -2.813762792 0.9349408826
22 -3.933236468 0.9248583336
23 -4.899033993 0.9152694086
24 -5.736112376 0.9062804803
25 -6.465639425 0.8979319783
26 -7.105306781 0.8902205535
27 -7.669775352 0.8831164239
28 -8.171144803 0.8765756301
29 -8.619391036 0.8705480905
30 -9.022748291 0.8649825823
31 -9.388030649 0.859829628
32 -9.720896621 0.8550430247
33 -10.0260641 0.8505805294
34 -10.30748377 0.8464040397
35 -10.56847864 0.8424794883
36 -10.8118562 0.8387765852
37 -11.03999884 0.8352684918
38 -11.25493681 0.8319314727
39 -11.45840742 0.8287445549
40 -11.65190326 0.8256892075
41 -11.83671156 0.8227490482
42 -12.01394659 0.8199095806
43 -12.18457636 0.8171579596
44 -12.34944476 0.8144827857
45 -12.50929 0.811873923
46 -12.66476003 0.8093223407
47 -12.81642551 0.806819975
48 -12.96479065 0.8043596072
49 -13.11030251 0.8019347589
50 -13.25335884 0.7995395991
51 -13.39431471 0.7971688642
52 -13.53348829 0.7948177871
53 -13.67116572 0.7924820356
54 -13.80760534 0.7901576583
55 -13.94304135 0.7878410371
56 -14.07768699 0.785528845
57 -14.21173723 0.7832180095
58 -14.34537124 0.7809056795
59 -14.47875446 0.7785891968
60 -14.61204043 0.7762660697
61 -14.74537244 0.7739339504
62 -14.87888496 0.7715906143
63 -15.01270493 0.7692339412
64 -15.1469529 0.7668618988
65 -15.28174404 0.7644725276
66 -15.41718909 0.7620639266
67 -15.55339518 0.7596342413
68 -15.69046659 0.7571816511
69 -15.8285055 0.7547043593
70 -15.96761257 0.7522005823
71 -16.10788761 0.7496685405
72 -16.24943011 0.7471064487
73 -16.39233981 0.744512508
74 -16.53671719 0.741884897
75 -16.68266399 0.7392217638
76 -16.83028369 0.7365212182
77 -16.979682 0.7337813237
78 -17.13096728 0.7310000897
79 -17.28425109 0.7281754639
80 -17.43964862 0.7253053242
81 -17.59727916 0.7223874711
82 -17.75726661 0.7194196195
83 -17.91974 0.7163993905
84 -18.08483398 0.713324303
85 -18.25268935 0.7101917652
86 -18.42345367 0.7069990657
87 -18.59728177 0.7037433645
88 -18.77433642 0.7004216837
89 -18.95478892 0.6970308975
90 -19.1388198 0.693567723
91 -19.32661948 0.6900287097
92 -19.51838905 0.6864102295
93 -19.71434098 0.6827084663
94 -19.91469994 0.6789194053
95 -20.11970364 0.675038823
96 -20.32960368 0.6710622769
97 -20.54466643 0.6669850957
98 -20.76517399 0.6628023696
99 -20.99142506 0.6585089422
100 -21.22373598 0.6540994029
101 -21.46244158 0.6495680808
102 -21.70789621 0.6449090407
103 -21.96047462 0.6401160815
104 -22.22057282 0.6351827373
105 -22.48860891 0.6301022828
106 -22.76502374 0.6248677427
107 -23.05028152 0.6194719075
108 -23.34487015 0.6139073547
109 -23.64930141 0.6081664788
110 -23.96411076 0.6022415304
111 -24.28985692 0.5961246652
112 -24.62712085 0.5898080061
113 -24.97650434 0.5832837182
114 -25.33862793 0.5765440992
115 -25.71412809 0.5695816874
116 -26.10365363 0.5623893864
117 -26.50786118 0.5549606099
118 -26.92740956 0.5472894456
119 -27.36295312 0.5393708385
120 -27.81513387 0.5312007928
121 -28.28457226 0.5227765898
122 -28.77185687 0.5140970185
123 -29.27753273 0.5051626149
124 -29.80208865 0.495975902
125 -30.34594356 0.4865416229
126 -30.90943224 0.476866958
127 -31.4927907 0.4669617129
128 -32.09614178 0.4568384674
129 -32.71948146 0.44651267
130 -33.36266639 0.4360026687
131 -34.02540356 0.425329664
132 -34.70724246 0.414517579
133 -35.40757061 0.4035928388
134 -36.12561292 0.3925840614
135 -36.86043528 0.3815216618
136 -37.6109526 0.3704373832
137 -38.37594137 0.359363767
138 -39.1540565 0.348333583
139 -39.94385184 0.3373792432
140 -40.74380389 0.3265322224
141 -41.5523376 0.3158225108
142 -42.36785343 0.3052781212
143 -43.18875451 0.2949246684
144 -44.01347283 0.2847850363
145 -44.84049369 0.2748791395
146 -45.66837739 0.265223783
147 -46.49577765 0.2558326164
148 -47.32145636 0.2467161763
149 -48.14429445 0.2378820045
150 -48.96329877 0.2293348294
151 -49.77760521 0.221076797
152 -50.58647842 0.2131077354
153 -51.38930823 0.2054254412
154 -52.18560343 0.1980259737
155 -52.97498326 0.1909039484
156 -53.75716698 0.1840528204
157 -54.53196197 0.1774651516
158 -55.29925082 0.1711328581
159 -56.05897759 0.1650474327
160 -56.81113367 0.1592001435
161 -57.55574349 0.1535822059
162 -58.29285035 0.1481849288
163 -59.02250257 0.1429998363
164 -59.74474028 0.138018764
165 -60.45958307 0.1332339336
166 -61.16701873 0.1286380051
167 -61.86699328 0.1242241093
168 -62.55940267 0.119985862
169 -63.24408618 0.1159173613
170 -63.9208219 0.1120131705
171 -64.58932426 0.1082682886
172 -65.24924389 0.1046781098
173 -65.90016965 0.1012383762
174 -66.54163294 0.09794512412
175 -67.17311404 0.09479462796
176 -67.79405035 0.09178334365
177 -68.40384617 0.08890785374
178 -69.00188372 0.08616481638
179 -69.58753495 0.08355091997
180 -70.16017376 0.08106284442
181 -70.71918819 0.07869723031
182 -71.26399214 0.07645065597
183 -71.79403633 0.07431962272
184 -72.30881804 0.07230054773
185 -72.80788961 0.0703897639
186 -73.29086526 0.06858352576
187 -73.75742639 0.06687802036
188 -74.20732511 0.06526938202
189 -74.64038621 0.06375370981
190 -75.05650754 0.06232708667
191 -75.45565902 0.06098559924
192 -75.83788041 0.05972535761
193 -76.20327795 0.05854251427
194 -76.55202027 0.05743328172
195 -76.88433351 0.05639394849
196 -77.20049603 0.05542089317
197 -77.50083282 0.05451059644
198 -77.7857097 0.05365965097
199 -78.05552757 0.05286476932
200 -78.31071676 0.05212278992
201 -78.55173154 0.05143068118
202 -78.77904492 0.05078554407
203 -78.99314383 0.0501846131
204 -79.1945246 0.0496252562
205 -79.38368889 0.04910497335
206 -79.56113995 0.04862139443
207 -79.72737943 0.04817227623
208 -79.8829044 0.04775549889
209 -80.02820493 0.04736906186
210 -80.16376193 0.04701107953
211 -80.29004533 0.04667977655
212 -80.40751268 0.04637348311
213 -80.51660789 0.04609062998
214 -80.61776036 0.04582974366
215 -80.71138428 0.04558944145
216 -80.79787814 0.04536842673
217 -80.87762445 0.04516548419
218 -80.95098959 0.04497947531
219 -81.01832381 0.0448093339
220 -81.07996139 0.04465406194
221 -81.13622079 0.04451272542
222 -81.18740501 0.0443844505
223 -81.23380191 0.04426841983
224 -81.27568467 0.04416386897
225 -81.31331221 0.04407008314
226 -81.34692971 0.043986394
227 -81.37676912 0.04391217672
228 -81.40304968 0.04384684719
229 -81.42597845 0.04378985935
230 -81.44575089 0.04374070271
231 -81.46255132 0.04369890007
232 -81.47655354 0.04366400531
233 -81.48792128 0.04363560134
234 -81.49680874 0.04361329821
235 -81.50336108 0.04359673128
236 -77.94951926 0.05184243672
237 -73.3139111 0.06621819877
238 -66.90833131 0.09128297794
239 -44.29535324 0.2127759008
240 39.76048093 0.9982119618
241 38.69776311 0.9999444339
242 37.08204684 0.9999262664
243 34.41012699 0.9998807434
244 30.81714869 0.9997705974
245 26.70370546 0.9995136116
246 22.46882999 0.9989498174
247 18.37782889 0.9978120608
248 14.57047356 0.9957255017
249 11.10940248 0.9922641339
250 8.016527302 0.9870699
251 5.291041865 0.9799911829
252 2.916891468 0.9711618836
253 0.8668756423 0.9609694585
254 -0.8933810799 0.9499351948
255 -2.401295059 0.9385791648
256 -3.693784422 0.9273284455
257 -4.804877771 0.9164830382
258 -5.764502913 0.9062231923
259 -6.598167619 0.8966354641
260 -7.327180483 0.8877416119
261 -7.969131314 0.879522863
262 -8.538451332 0.8719376412
263 -9.046955621 0.8649334157
264 -9.504324085 0.858454101
265 -9.918507642 0.8524443895
266 -10.29606177 0.8468520933
267 -10.64241594 0.8416292519
268 -10.96208933 0.8367325071
269 -11.25886289 0.8321230615
270 -11.53591635 0.8277664174
271 -11.79593766 0.8236320123
272 -12.0412105 0.8196928208
273 -12.27368458 0.8159249588
274 -12.49503244 0.8123073115
275 -12.70669546 0.8088211928
276 -12.90992137 0.8054500413
277 -13.105795 0.8021791498
278 -13.29526359 0.7989954283
279 -13.47915773 0.7958871963
280 -13.6582088 0.7928440023
281 -13.83306351 0.7898564653
282 -14.00429612 0.7869161383
283 -14.17241875 0.7840153883
284 -14.33789013 0.7811472925
285 -14.50112295 0.7783055468
286 -14.6624903 0.7754843864
287 -14.82233103 0.7726785165
288 -14.98095449 0.7698830501
289 -15.13864455 0.7670934549
290 -15.29566312 0.7643055049
291 -15.45225327 0.7615152385
292 -15.60864187 0.7587189204
293 -15.76504201 0.7559130081
294 -15.92165508 0.7530941218
295 -16.07867267 0.7502590165
296 -16.23627823 0.7474045579
297 -16.39464857 0.7445276991
298 -16.55395532 0.7416254603
299 -16.71436609 0.7386949092
300 -16.87604569 0.7357331433
301 -17.03915722 0.732737273
302 -17.20386306 0.7297044057
303 -17.37032583 0.7266316308
304 -17.53870933 0.723516005
305 -17.70917943 0.7203545383
306 -17.8819049 0.7171441807
307 -18.05705828 0.7138818081
308 -18.23481673 0.7105642098
309 -18.41536285 0.7071880752
310 -18.59888549 0.7037499807
311 -18.78558067 0.700246377
312 -18.97565237 0.6966735761
313 -19.16931345 0.6930277381
314 -19.36678653 0.6893048588
315 -19.56830493 0.6855007565
316 -19.77411359 0.6816110593
317 -19.98447005 0.6776311928
318 -20.19964548 0.6735563673
319 -20.41992564 0.6693815667
320 -20.64561198 0.665101537
321 -20.87702264 0.6607107763
322 -21.11449358 0.6562035257
323 -21.35837957 0.6515737624
324 -21.60905528 0.6468151943
325 -21.86691627 0.6419212575
326 -22.13237998 0.6368851175
327 -22.40588655 0.631699674
328 -22.68789965 0.6263575707
329 -22.97890701 0.620851212
330 -23.27942089 0.6151727858
331 -23.58997821 0.6093142959
332 -23.91114036 0.6032676037
333 -24.24349265 0.5970244817
334 -24.58764326 0.5905766808
335 -24.94422163 0.5839160113
336 -25.31387613 0.5770344423
337 -25.69727104 0.5699242174
338 -26.09508247 0.562577992
339 -26.50799349 0.5549889891
340 -26.9366879 0.5471511781
341 -27.38184296 0.5390594725
342 -27.84412074 0.530709948
343 -28.32415818 0.522100077
344 -28.82255575 0.5132289756
345 -29.33986492 0.5040976575
346 -29.87657448 0.4947092872
347 -30.43309592 0.4850694235
348 -31.00974821 0.475186241
349 -31.60674251 0.465070718
350 -32.2241671 0.4547367776
351 -32.86197335 0.4442013669
352 -33.51996328 0.4334844631
353 -34.19777955 0.4226089939
354 -34.89489843 0.4116006667
355 -35.61062654 0.4004877003
356 -36.34410184 0.3893004624
357 -37.09429923 0.3780710203
358 -37.860041 0.3668326167
359 -38.64001191 0.3556190901
360 -39.43277863 0.3444642629
361 -40.23681289 0.3334013211
362 -41.05051749 0.3224622154
363 -41.8722542 0.3116771054
364 -42.70037233 0.3010738723
365 -43.533237 0.2906777174
366 -44.36925584 0.2805108572
367 -45.20690334 0.2705923225
368 -46.04474199 0.2609378614
369 -46.88143966 0.251559939
370 -47.71578297 0.2424678253
371 -48.54668638 0.2336677575
372 -49.3731973 0.225163161
373 -50.19449725 0.2169549148
374 -51.00989954 0.2090416446
375 -51.81884381 0.2014200314
376 -52.62088803 0.1940851223
377 -53.41569823 0.1870306345
378 -54.20303658 0.1802492443
379 -54.98274818 0.1737328568
380 -55.75474684 0.1674728497
381 -56.51900046 0.1614602924
382 -57.27551602 0.1556861364
383 -58.02432469 0.1501413784
384 -58.76546726 0.1448171965
385 -59.4989801 0.1397050598
386 -60.22488209 0.1347968128
387 -60.94316249 0.1300847375
388 -61.65377036 0.125561592
389 -62.35660545 0.1212206311
390 -63.05151103 0.1170556068
391 -63.73826875 0.1130607544
392 -64.41659576 0.1092307643
393 -65.08614409 0.1055607423
394 -65.74650248 0.1020461613
395 -66.39720044 0.09868280742
396 -67.0377146 0.0954667217
397 -67.66747695 0.09239414201
398 -68.28588479 0.08946144592
399 -68.89231195 0.08666509764
400 -69.48612095 0.08400160061
401 -70.06667558 0.08146745696
402 -70.63335344 0.07905913506
403 -71.18555808 0.07677304541
404 -71.72273035 0.0746055249
405 -72.2443585 0.07255282913
406 -72.74998698 0.07061113198
407 -73.23922357 0.06877653152
408 -73.71174481 0.06704506108
409 -74.16729972 0.06541270434
410 -74.60571183 0.06387541331
411 -75.0268796 0.06242912792
412 -75.43077532 0.0610697964
413 -75.81744288 0.05979339551
414 -76.18699424 0.05859594992
415 -76.5396052 0.05747355021
416 -76.87551037 0.05642236913
417 -77.19499765 0.05543867587
418 -77.49840249 0.05451884813
419 -77.7861019 0.0536593821
420 -78.05850851 0.05285690026
421 -78.31606474 0.05210815728
422 -78.55923715 0.05141004393
423 -78.78851116 0.05075958939
424 -79.00438599 0.05015396209
425 -79.20737012 0.04959046922
426 -79.39797709 0.04906655508
427 -79.57672171 0.04857979866
428 -79.74411675 0.04812791028
429 -79.90066996 0.0477087278
430 -80.04688162 0.0473202122
431 -80.18324229 0.04696044297
432 -80.31023107 0.04662761317
433 -80.42831409 0.04632002437
434 -80.53794335 0.04603608151
435 -80.63955579 0.04577428775
436 -80.7335726 0.04553323942
437 -80.82039879 0.04531162096
438 -80.90042289 0.04510820007
439 -80.97401685 0.04492182297
440 -81.04153605 0.04475140978
441 -81.10331945 0.04459595019
442 -81.15968984 0.04445449923
443 -81.21095414 0.04432617325
444 -81.25740382 0.04421014612
445 -81.29931529 0.04410564559
446 -81.33695048 0.0440119499
447 -81.37055724 0.04392838454
448 -81.40036995 0.04385431916
449 -81.42661006 0.04378916477
450 -81.4494866 0.04373237097
451 -81.46919681 0.04368342346
452 -81.48592663 0.04364184166
453 -81.49985127 0.04360717646
454 -81.51113575 0.04357900817
455 -81.51993541 0.04355694453
456 -81.52639642 0.04354061891
457 -81.53065629 0.0435296886
458 -81.53284431 0.04352383321
459 -81.53308203 0.04352275319
460 -81.53148366 0.04352616844
461 -81.52815656 0.04353381704
462 -81.52320153 0.04354545397
463 -81.51671328 0.04356085008
464 -81.50878074 0.04357979097
465 -81.49948743 0.04360207602
466 -81.48891174 0.04362751752
467 -81.47712728 0.04365593977
468 -81.46420315 0.04368717832
469 -81.45020419 0.04372107919
470 -81.43519129 0.04375749826
471 -77.85707812 0.0520969884
472 -73.18309243 0.06666354538
473 -66.68979998 0.09223768132
474 -42.98890892 0.2216146512
475 39.78159788 0.9985028801
476 38.72357616 0.9999447122
477 37.14569057 0.9999270742
478 34.5456649 0.999883534
479 31.05790436 0.9997801067
480 27.06925515 0.9995438975
481 22.96188159 0.9990364697
482 18.98828605 0.9980304813
483 15.28055554 0.9962084903
484 11.89751994 0.9932048304
485 8.860169884 0.9886970038
486 6.169200848 0.9825187636
487 3.812005632 0.9747368935
488 1.76597038 0.965644716
489 0.001466148987 0.9556774284
490 -1.514807505 0.9452996371
491 -2.816674832 0.9349167368
492 -3.936119614 0.9248316862
493 -4.90189373 0.9152405711
494 -5.738956527 0.9062497041
495 -6.468476675 0.8978994546
496 -7.108145764 0.8901864221
497 -7.67262414 0.8830807845
498 -8.174010654 0.8765385523
499 -8.62228031 0.8705096227
500 -9.025666455 0.864942758
501 -9.39098234 0.8597884708
502 -9.723885723 0.8550005516
503 -10.02909384 0.8505367531
504 -10.3105568 0.8463589703
505 -10.57159714 0.842433134
506 -10.81502193 0.8387289534
507 -11.04321323 0.8352195889
508 -11.25820099 0.8318813048
509 -11.46172231 0.8286931277
510 -11.65526959 0.825636526
511 -11.84012991 0.8226951172
512 -12.01741743 0.819854404
513 -12.18810008 0.817101541
514 -12.35302169 0.8144251276
515 -12.51292044 0.8118150273
516 -12.66844427 0.8092622083
517 -12.8201638 0.8067586057
518 -12.96858327 0.8042969999
519 -13.11414978 0.8018709111
520 -13.25726108 0.7994745073
521 -13.3982723 0.7971025234
522 -13.53750165 0.794750191
523 -13.67523531 0.7924131764
524 -13.81173171 0.7900875269
525 -13.94722511 0.7877696227
526 -14.08192879 0.7854561353
527 -14.21603784 0.7831439905
528 -14.34973148 0.7808303356
529 -14.48317524 0.7785125106
530 -14.61652276 0.776188022
531 -14.74991741 0.7738545202
532 -14.88349376 0.7715097785
533 -15.01737887 0.7691516748
534 -15.15169337 0.7667781748
535 -15.28655257 0.7643873167
536 -15.42206729 0.7619771974
537 -15.55834481 0.7595459599
538 -15.69548955 0.7570917813
539 -15.83360378 0.7546128622
540 -15.97278834 0.7521074166
541 -16.11314317 0.7495736618
542 -16.25476792 0.74700981
543 -16.39776249 0.744414059
544 -16.54222755 0.7417845843
545 -16.688265 0.7391195306
546 -16.83597852 0.7364170042
547 -16.98547402 0.7336750648
548 -17.13686008 0.7308917178
549 -17.2902485 0.7280649067
550 -17.44575468 0.7251925052
551 -17.60349819 0.7222723091
552 -17.7636032 0.7193020282
553 -17.92619903 0.7162792785
554 -18.09142062 0.7132015736
555 -18.25940913 0.7100663157
556 -18.43031243 0.7068707874
557 -18.60428575 0.7036121421
558 -18.78149224 0.7002873951
559 -18.96210362 0.6968934135
560 -19.14630087 0.6934269067
561 -19.33427489 0.6898844163
562 -19.52622726 0.6862623056
563 -19.722371 0.6825567497
564 -19.92293135 0.6787637245
565 -20.12814662 0.6748789968
566 -20.33826905 0.6708981141
567 -20.55356571 0.6668163942
568 -20.7743194 0.6626289165
569 -21.00082961 0.6583305135
570 -21.23341346 0.6539157628
571 -21.47240663 0.6493789817
572 -21.71816436 0.644714223
573 -21.97106231 0.6399152737
574 -22.23149747 0.6349756561
575 -22.49988892 0.629888633
576 -22.77667855 0.6246472184
577 -23.0623316 0.6192441922
578 -23.35733703 0.6136721227
579 -23.66220767 0.6079233967
580 -23.97748007 0.6019902587
581 -24.30371393 0.595864861
582 -24.6414912 0.5895393255
583 -24.99141457 0.5830058202
584 -25.35410536 0.5762566501
585 -25.73020073 0.5692843653
586 -26.12034998 0.5620818873
587 -26.52520998 0.5546426543
588 -26.9454396 0.5469607859
589 -27.38169288 0.5390312676
590 -27.83461115 0.5308501528
591 -28.3048138 0.5224147821
592 -28.79288782 0.513724014
593 -29.29937616 0.5047784644
594 -29.82476498 0.4955807466
595 -30.36946994 0.4861357041
596 -30.93382191 0.4764506264
597 -31.51805236 0.4665354362
598 -32.12227899 0.4564028356
599 -32.74649204 0.4460683988
600 -33.39054193 0.4355505989
601 -34.05412899 0.4248707588
602 -34.73679579 0.4140529159
603 -35.4379228 0.4031235991
604 -36.15672792 0.3921115145
605 -36.89227027 0.3810471472
606 -37.64345841 0.3699622886
607 -38.40906315 0.3588895046
608 -39.18773447 0.3478615645
609 -39.97802228 0.3369108543
610 -40.77840019 0.3260687984
611 -41.58729141 0.3153653138
612 -42.40309584 0.3048283199
613 -43.2242172 0.294483322
614 -44.0490892 0.2843530816
615 -44.87619983 0.2744573824
616 -45.70411297 0.2648128945
617 -46.53148666 0.2554331324
618 -47.35708767 0.2463285007
619 -48.17980218 0.2375064154
620 -48.99864253 0.2289714885
621 -49.81275018 0.2207257595
622 -50.62139524 0.2127689625
623 -51.42397281 0.2050988121
624 -52.21999664 0.1977112985
625 -53.00909052 0.1906009805
626 -53.79097776 0.1837612685
627 -54.56546929 0.1771846908
628 -55.33245063 0.1708631397
629 -56.09186819 0.1647880939
630 -56.84371509 0.158950815
631 -57.58801687 0.153342519
632 -58.3248173 0.1479545214
633 -59.05416462 0.142778357
634 -59.77609829 0.1378058766
635 -60.49063673 0.1330293194
636 -61.19776607 0.128441365
637 -61.89743029 0.1240351645
638 -62.58952296 0.1198043547
639 -63.27388075 0.1157430538
640 -63.95027895 0.1118458446
641 -64.61842917 0.1081077438
642 -65.27797923 0.1045241614
643 -65.92851535 0.1010908532
644 -66.56956649 0.09780386671
645 -67.20061086 0.09465948506
646 -67.82108415 0.09165417046
647 -68.43038943 0.08878450939
648 -69.0279082 0.08604716187
649 -69.61301221 0.08343881623
650 -70.18507572 0.08095615088
651 -70.74348765 0.07859580366
652 -71.28766329 0.07635434939
653 -71.81705522 0.07422828537
654 -72.33116297 0.07221402465
655 -72.82954148 0.07030789614
656 -73.31180786 0.06850615078
657 -73.77764655 0.0668049726
658 -74.22681286 0.06520049367
659 -74.65913483 0.0636888116
660 -75.07451355 0.06226600877
661 -75.47292209 0.06092817216
662 -75.85440325 0.05967141307
663 -76.21906615 0.058491886
664 -76.56708209 0.05738580627
665 -76.89867966 0.05634946588
666 -77.21413945 0.05537924747
667 -77.51378839 0.05447163628
668 -77.797994 0.05362322995
669 -78.06715864 0.05283074633
670 -78.32171383 0.05209102937
671 -78.56211481 0.05140105316
672 -78.78883535 0.05075792442
673 -79.00236289 0.05015888349
674 -79.20319413 0.04960130403
675 -79.39183087 0.04908269175
676 -79.56877642 0.04860068212
677 -79.73453227 0.04815303738
678 -79.88959527 0.04773764297
679 -80.03445515 0.04735250347
680 -80.16959237 0.04699573816
681 -80.29547638 0.04666557645
682 -80.41256415 0.04636035301
683 -80.52129898 0.04607850292
684 -80.62210964 0.04581855675
685 -80.71540964 0.04557913571
686 -80.80159676 0.04535894682
687 -80.88105282 0.04515677825
688 -80.9541435 0.04497149475
689 -81.02121835 0.04480203322
690 -81.08261095 0.04464739853
691 -81.13863906 0.0445066594
692 -81.18960503 0.04437894457
693 -81.23579605 0.04426343907
694 -81.27748467 0.04415938074
695 -81.3149292 0.04406605689
696 -81.34837423 0.04398280118
697 -81.37805112 0.04390899062
698 -81.40417858 0.04384404284
699 -81.42696315 0.0437874134
700 -81.44659977 0.04373859333
701 -81.46327231 0.04369710684
702 -81.47715409 0.04366250914
703 -81.48840843 0.04363438438
704 -81.4971891 0.04361234376
705 -81.50364089 0.04359602372
