0 -81.39963142 0.043855859
1 -81.42451072 0.04379407009
2 -81.4461813 0.04374025307
3 -81.46480937 0.04369396684
4 -81.48054578 0.04365481752
5 -81.4935253 0.04362245478
6 -81.50389124 0.04359651949
7 -81.51174185 0.0435767476
8 -81.51717456 0.04356289537
9 -81.52027444 0.04355474726
10 -81.5211084 0.04355213104
11 -81.51965031 0.04355506519
12 -81.515022 0.04356527336
13 -81.49841948 0.04360036842
14 -81.38895339 0.04382315794
15 -80.45647233 0.04574281804
16 -72.1756431 0.06620233184
17 -4.551335134 0.5850811068
18 38.1340986 0.9997865402
19 38.2619838 0.9999395942
20 36.62993123 0.9999197912
21 34.00594402 0.9998711346
22 30.6481592 0.9997619969
23 26.89108965 0.9995265834
24 23.02426072 0.999043035
25 19.24250249 0.9981108054
26 15.66153879 0.9964426665
27 12.34651056 0.9936923477
28 9.331852915 0.9895300533
29 6.631352158 0.9837480665
30 4.242889308 0.9763460485
31 2.151728813 0.9675463307
32 0.3340687263 0.9577318243
33 -1.239121694 0.9473451332
34 -2.598617908 0.9367980551
35 -3.774329189 0.926418552
36 -4.793695037 0.9164354567
37 -5.68093289 0.9069875951
38 -6.456874357 0.8981433019
39 -7.139145311 0.8899210972
40 -7.742510934 0.8823071884
41 -8.279273525 0.8752686211
42 -8.759661241 0.868762423
43 -9.192178578 0.8627415967
44 -9.583908409 0.8571588414
45 -9.940765368 0.8519687255
46 -10.26770503 0.8471288459
47 -10.568895 0.8426003474
48 -10.8478541 0.8383480528
49 -11.10756549 0.8343403666
50 -11.35056851 0.8305490564
51 -11.57903344 0.8269489754
52 -11.79482242 0.8235177666
53 -11.99953936 0.8202355694
54 -12.19457086 0.8170847425
55 -12.38112002 0.8140496089
56 -12.56023432 0.8111162249
57 -12.73282888 0.8082721732
58 -12.89970584 0.8055063798
59 -13.06157054 0.8028089518
60 -13.2190452 0.800171035
61 -13.37268047 0.7975846884
62 -13.52296514 0.7950427747
63 -13.67033448 0.7925388633
64 -13.81517734 0.7900671463
65 -13.95784218 0.787622364
66 -14.09864233 0.7851997396
67 -14.23786049 0.7827949216
68 -14.37575258 0.7804039339
69 -14.51255114 0.7780231304
70 -14.64846829 0.7756491559
71 -14.78369825 0.7732789114
72 -14.91841964 0.7709095225
73 -15.0527974 0.7685383123
74 -15.18698454 0.7661627766
75 -15.32112373 0.7637805618
76 -15.45534858 0.7613894455
77 -15.58978492 0.7589873182
78 -15.72455187 0.7565721678
79 -15.85976278 0.7541420647
80 -15.99552616 0.751695149
81 -16.13194643 0.7492296179
82 -16.2691247 0.7467437149
83 -16.40715936 0.7442357198
84 -16.54614674 0.7417039386
85 -16.68618168 0.7391466954
86 -16.82735802 0.7365623235
87 -16.96976912 0.7339491578
88 -17.11350834 0.7313055275
89 -17.25866946 0.7286297484
90 -17.40534711 0.7259201169
91 -17.55363722 0.7231749024
92 -17.70363737 0.7203923417
93 -17.85544726 0.7175706317
94 -18.00916903 0.7147079239
95 -18.16490772 0.7118023177
96 -18.32277161 0.708851854
97 -18.48287267 0.7058545096
98 -18.64532693 0.70280819
99 -18.81025492 0.6997107239
100 -18.97778208 0.6965598559
101 -19.1480392 0.693353241
102 -19.3211629 0.6900884368
103 -19.49729604 0.686762898
104 -19.67658829 0.6833739685
105 -19.85919653 0.6799188756
106 -20.04528549 0.6763947223
107 -20.23502819 0.6727984806
108 -20.42860656 0.6691269849
109 -20.62621203 0.665376925
110 -20.82804609 0.6615448395
111 -21.03432095 0.6576271093
112 -21.24526016 0.6536199519
113 -21.46109928 0.6495194158
114 -21.68208651 0.6453213757
115 -21.90848337 0.6410215285
116 -22.14056538 0.636615391
117 -22.37862266 0.632098298
118 -22.62296061 0.6274654032
119 -22.87390047 0.6227116818
120 -23.13177984 0.6178319351
121 -23.3969532 0.6128207997
122 -23.66979222 0.6076727587
123 -23.95068605 0.6023821587
124 -24.24004137 0.5969432307
125 -24.53828233 0.5913501176
126 -24.84585022 0.5855969083
127 -25.1632028 0.5796776788
128 -25.49081343 0.5735865428
129 -25.82916967 0.5673177111
130 -26.17877154 0.560865561
131 -26.54012916 0.554224718
132 -26.91375993 0.5473901481
133 -27.30018494 0.5403572627
134 -27.69992472 0.5331220361
135 -28.11349427 0.5256811343
136 -28.5413972 0.5180320557
137 -28.98411913 0.51017328
138 -29.4421202 0.5021044258
139 -29.91582685 0.4938264108
140 -30.40562287 0.4853416132
141 -30.91183984 0.4766540267
142 -31.43474725 0.467769405
143 -31.97454232 0.4586953882
144 -32.53133998 0.4494416038
145 -33.10516331 0.4400197352
146 -33.69593474 0.4304435494
147 -34.30346848 0.4207288785
148 -34.92746455 0.4108935485
149 -35.56750487 0.4009572524
150 -36.2230517 0.3909413664
151 -36.89344877 0.3808687104
152 -37.57792517 0.3707632576
153 -38.27560232 0.3606498001
154 -38.98550363 0.3505535817
155 -39.70656698 0.3404999091
156 -40.43765942 0.3305137568
157 -41.17759378 0.3206193789
158 -41.92514659 0.3108399426
159 -42.67907675 0.3011971971
160 -43.43814422 0.2917111876
161 -44.2011282 0.2824000233
162 -44.96684418 0.273279705
163 -45.73415937 0.2643640137
164 -46.50200614 0.2556644593
165 -47.26939311 0.2471902868
166 -48.03541388 0.2389485331
167 -48.79925305 0.2309441282
168 -49.56018988 0.2231800324
169 -50.31759945 0.2156574014
170 -51.0709516 0.20837577
171 -51.81980781 0.2013332494
172 -52.56381628 0.1945267277
173 -53.30270537 0.1879520709
174 -54.03627577 0.181604318
175 -54.76439149 0.1754778667
176 -55.48696996 0.1695666469
177 -56.20397149 0.1638642802
178 -56.91538819 0.1583642229
179 -57.6212326 0.1530598936
180 -58.32152631 0.1479447826
181 -59.01628865 0.1430125449
182 -59.70552569 0.1382570761
183 -60.38921991 0.1336725707
184 -61.06732059 0.1292535651
185 -61.73973526 0.1249949645
186 -62.40632249 0.1208920547
187 -63.0668861 0.1169405002
188 -63.7211712 0.1131363305
189 -64.36886196 0.1094759139
190 -65.00958151 0.1059559237
191 -65.64289375 0.1025732958
192 -66.26830725 0.0993251817
193 -66.88528097 0.09620889879
194 -67.49323179 0.09322187933
195 -68.09154347 0.09036162112
196 -68.67957673 0.08762564144
197 -69.25668024 0.0850114358
198 -69.82220195 0.08251644289
199 -70.3755005 0.08013801656
200 -70.91595633 0.07787340528
201 -71.44298211 0.07571973919
202 -71.95603221 0.07367402437
203 -72.45461096 0.0717331438
204 -72.93827962 0.06989386419
205 -73.40666183 0.06815284765
206 -73.85944752 0.06650666722
207 -74.29639543 0.06495182516
208 -74.7173341 0.06348477302
209 -75.12216158 0.06210193255
210 -75.51084394 0.0607997166
211 -75.88341275 0.05957454946
212 -76.23996172 0.05842288597
213 -76.58064258 0.05734122911
214 -76.90566051 0.05632614572
215 -77.21526917 0.05537428032
216 -77.50976551 0.05448236674
217 -77.78948445 0.05364723789
218 -78.05479368 0.05286583342
219 -78.30608846 0.05213520559
220 -78.54378672 0.05145252352
221 -78.7683243 0.05081507575
222 -78.98015062 0.05022027162
223 -79.17972454 0.0496656413
224 -79.36751069 0.04914883497
225 -79.5439761 0.04866762101
226 -79.70958718 0.04821988357
227 -79.86480706 0.04780361954
228 -80.01009333 0.04741693509
229 -80.14589598 0.04705804186
230 -80.27265575 0.04672525293
231 -80.39080272 0.04641697856
232 -80.50075516 0.04613172194
233 -80.60291859 0.0458680748
234 -80.69768514 0.0456247131
235 -80.78543295 0.04540039276
236 -80.86650049 0.04519400093
237 -80.9412405 0.04500444219
238 -81.00997407 0.04483071556
239 -81.07300223 0.0446719017
240 -81.13060505 0.04452715714
241 -81.18306602 0.04439565908
242 -81.23061837 0.04427670924
243 -81.27348936 0.04416965577
244 -81.31188877 0.04407389937
245 -81.34600355 0.04398890632
246 -81.37592725 0.04391434678
247 -81.4009507 0.04385151735
248 -81.41301994 0.04381651592
249 -81.33804284 0.04395887262
250 -80.51350533 0.04564767285
251 -73.07817548 0.06368692035
252 -12.00965554 0.5029927062
253 37.93940508 0.9996939138
254 38.24978102 0.9999393709
255 36.62026117 0.9999196662
256 33.95977232 0.9998701492
257 30.53346013 0.9997572821
258 26.68686781 0.9995095386
259 22.72292964 0.9989917866
260 18.84719151 0.9979782904
261 15.18235054 0.9961432869
262 11.79744566 0.9930952265
263 8.728412867 0.9884687926
264 5.988564156 0.9820497569
265 3.57376406 0.9738684907
266 1.466329264 0.9642048886
267 -0.3607310062 0.9535046035
268 -1.93931917 0.9422595218
269 -3.302464026 0.9309098032
270 -4.481649127 0.9197931083
271 -5.505296147 0.9091357229
272 -6.398155149 0.8990679111
273 -7.18128117 0.889647725
274 -7.872327782 0.8808840139
275 -8.485974213 0.8727548879
276 -9.034378262 0.8652210537
277 -9.527599927 0.8582347846
278 -9.973972785 0.8517456163
279 -10.38041774 0.845703765
280 -10.75270233 0.8400620385
281 -11.0956523 0.8347767869
282 -11.41332307 0.8298082647
283 -11.70913815 0.8251206446
284 -11.98600093 0.8206818384
285 -12.24638498 0.8164632196
286 -12.49240717 0.8124393056
287 -12.72588718 0.8085874338
288 -12.9483959 0.8048874499
289 -13.16129518 0.801321419
290 -13.36577048 0.7978733623
291 -13.5628578 0.7945290218
292 -13.75346614 0.7912756511
293 -13.93839609 0.7881018305
294 -14.11835544 0.784997305
295 -14.29397237 0.7819528417
296 -14.46580643 0.7789601052
297 -14.63435802 0.7760115477
298 -14.80007634 0.7731003138
299 -14.9633662 0.7702201561
300 -15.12459393 0.7673653614
301 -15.28409238 0.7645306855
302 -15.44216527 0.7617112964
303 -15.59909101 0.7589027232
304 -15.75512599 0.7561008114
305 -15.91050743 0.7533016831
306 -16.06545592 0.7505017016
307 -16.22017767 0.7476974397
308 -16.37486645 0.7448856512
309 -16.5297054 0.7420632453
310 -16.68486852 0.7392272635
311 -16.84052216 0.7363748589
312 -16.99682623 0.7335032766
313 -17.15393542 0.7306098367
314 -17.31200019 0.7276919178
315 -17.47116778 0.724746942
316 -17.63158312 0.7217723615
317 -17.79338965 0.7187656448
318 -17.95673011 0.7157242652
319 -18.12174731 0.7126456885
320 -18.28858483 0.7095273622
321 -18.45738771 0.7063667047
322 -18.62830312 0.7031610949
323 -18.80148101 0.6999078624
324 -18.97707479 0.6966042777
325 -19.15524189 0.6932475423
326 -19.33614447 0.6898347799
327 -19.51995002 0.6863630266
328 -19.70683203 0.6828292219
329 -19.89697061 0.6792302003
330 -20.09055316 0.6755626816
331 -20.28777505 0.6718232629
332 -20.4888403 0.6680084098
333 -20.69396227 0.6641144484
334 -20.90336439 0.6601375574
335 -21.11728083 0.6560737608
336 -21.33595727 0.651918921
337 -21.55965164 0.6476687332
338 -21.78863482 0.6433187195
339 -22.02319136 0.6388642262
340 -22.26362026 0.6343004203
341 -22.51023557 0.6296222898
342 -22.76336711 0.6248246446
343 -23.023361 0.6199021218
344 -23.29058024 0.6148491921
345 -23.56540507 0.609660172
346 -23.84823331 0.6043292394
347 -24.13948047 0.5988504543
348 -24.43957968 0.593217786
349 -24.74898139 0.5874251474
350 -25.06815279 0.5814664362
351 -25.39757683 0.5753355861
352 -25.73775092 0.5690266271
353 -26.08918507 0.5625337566
354 -26.45239956 0.5558514222
355 -26.82792201 0.5489744168
356 -27.21628366 0.5418979865
357 -27.61801512 0.5346179508
358 -28.03364109 0.5271308361
359 -28.46367443 0.5194340197
360 -28.90860933 0.5115258848
361 -29.36891352 0.503405982
362 -29.84501988 0.4950751956
363 -30.33731714 0.4865359092
364 -30.84614009 0.4777921654
365 -31.37175938 0.4688498148
366 -31.91437113 0.4597166443
367 -32.47408669 0.4504024797
368 -33.0509229 0.4409192535
369 -33.64479324 0.4312810303
370 -34.25550026 0.4215039834
371 -34.88272971 0.4116063163
372 -35.52604691 0.4016081275
373 -36.18489543 0.3915312149
374 -36.85859872 0.3813988247
375 -37.54636454 0.3712353477
376 -38.24729242 0.3610659721
377 -38.96038408 0.3509163041
378 -39.68455645 0.3408119678
379 -40.41865699 0.3307782017
380 -41.16148085 0.3208394636
381 -41.91178929 0.3110190608
382 -42.66832863 0.3013388181
383 -43.42984922 0.2918187934
384 -44.19512371 0.2824770506
385 -44.9629641 0.2733294927
386 -45.73223704 0.2643897583
387 -46.501877 0.255669179
388 -47.27089718 0.2471767942
389 -48.03839774 0.2389194166
390 -48.80357154 0.2309017421
391 -49.56570736 0.2231264937
392 -50.32419066 0.2155945936
393 -51.07850211 0.2083053521
394 -51.82821414 0.2012566691
395 -52.5729856 0.1944452379
396 -53.312555 0.1878667486
397 -54.04673232 0.1815160842
398 -54.77538979 0.1753875074
399 -55.4984518 0.1694748336
400 -56.21588417 0.1637715901
401 -56.92768297 0.1582711582
402 -57.63386309 0.1529668993
403 -58.33444675 0.1478522624
404 -59.02945227 0.1429208757
405 -59.71888312 0.1381666195
406 -60.40271768 0.1335836831
407 -61.08089983 0.1291666047
408 -61.75333067 0.124910296
409 -62.41986151 0.1208100517
410 -63.08028849 0.1168615451
411 -63.73434896 0.113060812
412 -64.38171965 0.1094042232
413 -65.02201699 0.105888448
414 -65.6547993 0.1025104118
415 -66.27957101 0.09926724778
416 -66.89578882 0.09615624666
417 -67.50286933 0.09317480627
418 -68.10019824 0.09032038276
419 -68.68714053 0.08759044538
420 -69.26305137 0.0849824367
421 -69.82728736 0.08249373893
422 -70.37921781 0.08012164761
423 -70.9182355 0.07786335268
424 -71.44376684 0.07571592705
425 -71.95528094 0.07367632232
426 -72.45229756 0.07174137096
427 -72.9343936 0.06990779407
428 -73.40120825 0.0681722138
429 -73.85244655 0.06653116931
430 -74.28788154 0.0649811353
431 -74.70735507 0.06351854208
432 -75.11077727 0.06213979626
433 -75.49812487 0.06084130134
434 -75.86943866 0.0596194776
435 -76.22481996 0.05847078068
436 -76.5644266 0.05739171857
437 -76.88846832 0.05637886681
438 -77.19720187 0.0554288816
439 -77.49092588 0.05453851099
440 -77.76997573 0.05370460401
441 -78.03471837 0.05292411791
442 -78.28554735 0.05219412357
443 -78.52287794 0.05151180931
444 -78.74714262 0.0508744832
445 -78.95878679 0.05027957407
446 -79.15826481 0.04972463136
447 -79.34603644 0.04920732406
448 -79.52256352 0.04872543875
449 -79.68830712 0.04827687707
450 -79.84372495 0.0478596526
451 -79.98926914 0.04747188729
452 -80.12538425 0.04711180767
453 -80.25250575 0.04677774075
454 -80.37105853 0.04646810978
455 -80.4814559 0.04618143
456 -80.58409863 0.04591630428
457 -80.67937429 0.04567141883
458 -80.76765678 0.04544553891
459 -80.84930595 0.04523750473
460 -80.92466744 0.04504622734
461 -80.9940726 0.04487068472
462 -81.05783854 0.044709918
463 -81.11626822 0.0445630278
464 -81.1696507 0.04442917077
465 -81.21826141 0.04430755625
466 -81.26236243 0.04419744313
467 -81.30220288 0.04409813679
468 -81.33801934 0.04400898633
469 -81.37003622 0.0439293818
470 -81.39846625 0.04385875172
471 -81.42348547 0.04379661456
472 -81.44528802 0.04374247009
473 -81.46404056 0.0436958759
474 -81.47989431 0.04365643691
475 -81.49298449 0.04362380159
476 -81.50345477 0.04359760975
477 -81.51140375 0.04357759631
478 -81.51692922 0.04356351658
479 -81.52011657 0.04355515409
480 -81.52103303 0.04355233577
481 -81.5196528 0.04355507924
482 -81.51509825 0.04356510687
483 -81.49856842 0.04360002517
484 -81.3892023 0.04382258301
485 -80.45712691 0.04574134843
486 -72.17970696 0.06619053505
487 -4.581432342 0.5847524189
488 38.13346273 0.9997862643
489 38.26200558 0.9999395942
490 36.6299947 0.9999197922
491 34.00591765 0.9998711344
492 30.64792414 0.9997619878
493 26.89056253 0.9995265408
494 23.02340622 0.9990428945
495 19.24132465 0.9981104253
496 15.66006741 0.9964417852
497 12.34479005 0.9936905594
498 9.329933915 0.9895268326
499 6.629284841 0.9837428534
500 4.240718163 0.9763383653
501 2.149489321 0.9675358724
502 0.3317862141 0.9577184856
503 -1.241431353 0.9473289747
504 -2.6009465 0.9367792399
505 -3.776674045 0.926397286
506 -4.796057106 0.9164119459
507 -5.683315221 0.9069620232
508 -6.459281026 0.8981158222
509 -7.14158071 0.8898918326
510 -7.744979343 0.8822762356
511 -8.281778874 0.8752360556
512 -8.762206996 0.8687283041
513 -9.194767707 0.8627059717
514 -9.58654339 0.8571217488
515 -9.94344823 0.8519301975
516 -10.2704374 0.84708891
517 -10.57167813 0.8425590278
518 -10.85068896 0.8383053711
519 -11.11045279 0.8342963427
520 -11.35350876 0.8305037084
521 -11.58202695 0.8269023202
522 -11.79786939 0.82346982
523 -12.00263986 0.8201863459
524 -12.19772489 0.8170342558
525 -12.38432752 0.8139978715
526 -12.5634952 0.8110632482
527 -12.73614302 0.8082179676
528 -12.90307311 0.8054509544
529 -13.06499081 0.8027523146
530 -13.22251838 0.8001131927
531 -13.37620647 0.7975256466
532 -13.52654392 0.7949825376
533 -13.67396603 0.7924774339
534 -13.81886169 0.7900045262
535 -13.96157943 0.7875585535
536 -14.10243263 0.7851347375
537 -14.24170403 0.7827287255
538 -14.37964962 0.7803365398
539 -14.51650203 0.7779545329
540 -14.65247342 0.7755793482
541 -14.78775811 0.773207885
542 -14.92253477 0.7708372676
543 -15.05696841 0.7684648174
544 -15.19121216 0.7660880287
545 -15.32540872 0.7637045463
546 -15.45969183 0.761312146
547 -15.59418739 0.7589087168
548 -15.7290146 0.7564922448
549 -15.86428692 0.7540607986
550 -16.00011295 0.7516125165
551 -16.13659722 0.7491455937
552 -16.27384092 0.7466582719
553 -16.41194257 0.7441488288
554 -16.5509986 0.7416155685
555 -16.69110398 0.7390568127
556 -16.83235266 0.7364708926
557 -16.97483814 0.7338561408
558 -17.1186539 0.7312108839
559 -17.26389386 0.7285334355
560 -17.41065281 0.725822089
561 -17.55902681 0.7230751114
562 -17.70911363 0.7202907363
563 -17.86101312 0.7174671579
564 -18.0148276 0.7146025243
565 -18.1706623 0.7116949318
566 -18.3286257 0.7087424177
567 -18.48882998 0.7057429552
568 -18.65139139 0.7026944462
569 -18.81643069 0.699594715
570 -18.98407357 0.6964415025
571 -19.15445108 0.6932324589
572 -19.32770011 0.6899651374
573 -19.50396384 0.6866369878
574 -19.6833922 0.6832453491
575 -19.86614245 0.6797874432
576 -20.05237963 0.6762603674
577 -20.24227714 0.6726610882
578 -20.4360173 0.668986434
579 -20.63379194 0.6652330882
580 -20.83580298 0.6613975828
581 -21.0422631 0.6574762922
582 -21.25339633 0.653465427
583 -21.46943872 0.6493610283
584 -21.69063901 0.6451589638
585 -21.91725927 0.6408549229
586 -22.14957561 0.6364444148
587 -22.38787876 0.631922767
588 -22.63247474 0.6272851257
589 -22.88368544 0.6225264587
590 -23.14184915 0.6176415604
591 -23.40732102 0.6126250607
592 -23.68047343 0.6074714368
593 -23.96169623 0.6021750297
594 -24.25139683 0.5967300661
595 -24.55000007 0.5911306858
596 -24.85794791 0.5853709758
597 -25.17569878 0.5794450124
598 -25.50372664 0.5733469114
599 -25.84251961 0.5670708884
600 -26.19257815 0.5606113285
601 -26.55441278 0.5539628685
602 -26.92854112 0.5471204892
603 -27.31548435 0.5400796218
604 -27.71576289 0.5328362648
605 -28.12989145 0.5253871142
606 -28.55837306 0.5177297036
607 -29.00169251 0.5098625546
608 -29.46030879 0.5017853336
609 -29.93464684 0.4934990129
610 -30.42508858 0.4850060314
611 -30.93196336 0.4763104496
612 -31.455538 0.4674180934
613 -31.99600665 0.45833668
614 -32.55348081 0.4490759173
615 -33.12797973 0.439647571
616 -33.71942168 0.4300654909
617 -34.32761644 0.4203455901
618 -34.95225941 0.4105057716
619 -35.59292776 0.4005657997
620 -36.24907902 0.3905471133
621 -36.92005222 0.3804725845
622 -37.60507205 0.3703662261
623 -38.30325578 0.3602528561
624 -39.01362317 0.3501577289
625 -39.73510897 0.3401061465
626 -40.46657771 0.3301230627
627 -41.20684041 0.3202326958
628 -41.95467252 0.3104581636
629 -42.70883261 0.3008211533
630 -43.46808104 0.2913416377
631 -44.2311981 0.2820376459
632 -44.99700104 0.2729250925
633 -45.7643594 0.2640176693
634 -46.53220836 0.2553267961
635 -47.29955978 0.246861629
636 -48.06551072 0.2386291192
637 -48.82924951 0.2306341159
638 -49.59005919 0.2228795043
639 -50.34731863 0.2153663722
640 -51.1005014 0.2080941941
641 -51.8491725 0.2010610286
642 -52.59298346 0.1942637195
643 -53.33166567 0.1876980961
644 -54.0650225 0.1813591684
645 -54.79292029 0.1752413122
646 -55.51527838 0.1693384421
647 -56.23205856 0.1636441702
648 -56.94325395 0.1581519491
649 -57.64887771 0.152855198
650 -58.34895153 0.147747412
651 -59.04349443 0.1428222542
652 -59.73251176 0.1380736308
653 -60.41598484 0.1334957492
654 -61.09386147 0.1290831599
655 -61.76604738 0.1248307828
656 -62.43239905 0.1207339188
657 -63.09271809 0.1167882473
658 -63.74674719 0.1129898115
659 -64.39416813 0.1093349925
660 -65.03460165 0.1058204746
661 -65.66760939 0.1024432033
662 -66.29269784 0.09920033737
663 -66.90932417 0.09608919974
664 -67.5169038 0.09310722605
665 -68.11481938 0.09025191566
666 -68.70243098 0.08752078565
667 -69.27908704 0.08491132981
668 -69.84413575 0.0824209839
669 -70.39693644 0.08004709787
670 -70.93687066 0.07778691563
671 -71.46335258 0.07563756243
672 -71.9758384 0.07359603938
673 -72.47383465 0.07165922465
674 -72.95690495 0.06982388054
675 -73.42467552 0.06808666531
676 -73.876839 0.06644414882
677 -74.31315689 0.06489283094
678 -74.73346049 0.06342916166
679 -75.1376506 0.06204956199
680 -75.52569592 0.06075044488
681 -75.89763055 0.05952823549
682 -76.25355055 0.0583793903
683 -76.59360988 0.05730041453
684 -76.91801571 0.05628787791
685 -77.22702348 0.05533842829
686 -77.52093174 0.05444880332
687 -77.80007679 0.05361584002
688 -78.06482748 0.05283648241
689 -78.31558005 0.05210778736
690 -78.5527532 0.0514269287
691 -78.77678336 0.05079119976
692 -78.98812038 0.05019801467
693 -79.18722341 0.04964490844
694 -79.3745572 0.04912953595
695 -79.5505888 0.04864967023
696 -79.71578452 0.04820319999
697 -79.8706073 0.0477881265
698 -80.01551444 0.04740256021
699 -80.15095558 0.04704471685
700 -80.27737105 0.04671291342
701 -80.39519048 0.04640556398
702 -80.50483162 0.04612117527
703 -80.60669949 0.04585834246
704 -80.70118563 0.04561574476
705 -80.78866766 0.04539214115
