0 -79.784929 0.0480172669
1 -79.9348283 0.04761674598
2 -80.07505349 0.04724480269
3 -80.20604799 0.04689970828
4 -80.32824525 0.04657983269
5 -80.44206753 0.04628364033
6 -80.54792488 0.04600968581
7 -80.6462143 0.04575660964
8 -80.73731916 0.04552313389
9 -80.82160878 0.04530805804
10 -80.89943818 0.04511025483
11 -80.9711479 0.04492866626
12 -81.03706406 0.0447622997
13 -81.09749836 0.04461022416
14 -81.15274833 0.04447156675
15 -81.20309754 0.04434550916
16 -81.24881591 0.04423128452
17 -81.29016007 0.04412817418
18 -81.32737373 0.04403550484
19 -81.36068812 0.0439526457
20 -81.39032244 0.0438790059
21 -81.41648426 0.04381403192
22 -81.43937005 0.04375720534
23 -81.45916562 0.04370804056
24 -81.47604652 0.04366608279
25 -81.49017841 0.04363090649
26 -81.50171565 0.04360211702
27 -81.51078618 0.0435793804
28 -81.51735166 0.0435627031
29 -81.5199516 0.0435549514
30 -81.50445285 0.04358443817
31 -81.34331466 0.04390829359
32 -79.8948828 0.04692263295
33 -67.05426273 0.08241222582
34 22.67876509 0.8694404733
35 38.50183873 0.9999145868
36 38.00494972 0.999936979
37 36.13991627 0.9999124369
38 33.31986989 0.9998540144
39 29.8270309 0.9997234916
40 25.99894847 0.9994431467
41 22.10950811 0.9988716791
42 18.33698976 0.9977820379
43 14.78578923 0.9958592452
44 11.51412649 0.9927403468
45 8.551729839 0.9881040307
46 5.908452317 0.9817817557
47 3.578572275 0.9738326401
48 1.544240817 0.9645373383
49 -0.2206802701 0.9543173508
50 -1.746652458 0.9436279874
51 -3.065058913 0.9328730916
52 -4.205801175 0.9223616614
53 -5.195924942 0.9123008844
54 -6.059057098 0.9028101875
55 -6.815372849 0.8939426932
56 -7.48185452 0.8857060266
57 -8.072677439 0.878079141
58 -8.599624412 0.8710245862
59 -9.072477222 0.8644968434
60 -9.499362702 0.8584476782
61 -9.887047236 0.8528293918
62 -10.24118175 0.8475966664
63 -10.56650281 0.8427075043
64 -10.86699635 0.8381236039
65 -11.14603069 0.8338103987
66 -11.40646418 0.8297369059
67 -11.6507327 0.8258754746
68 -11.88092069 0.8222014915
69 -12.09881908 0.8186930768
70 -12.3059727 0.8153307888
71 -12.50371921 0.8120973479
72 -12.69322116 0.808977385
73 -12.87549255 0.8059572144
74 -13.05142095 0.8030246321
75 -13.22178592 0.8001687364
76 -13.38727443 0.797379771
77 -13.54849391 0.7946489857
78 -13.70598323 0.7919685156
79 -13.86022201 0.7893312739
80 -14.01163852 0.7867308585
81 -14.16061654 0.7841614704
82 -14.3075011 0.7816178411
83 -14.4526035 0.7790951695
84 -14.59620566 0.7765890662
85 -14.73856379 0.7740955042
86 -14.87991172 0.7716107756
87 -15.02046366 0.7691314528
88 -15.16041673 0.7666543549
89 -15.2999531 0.7641765168
90 -15.43924194 0.7616951623
91 -15.57844107 0.7592076802
92 -15.7176985 0.7567116021
93 -15.85715374 0.7542045831
94 -15.996939 0.7516843841
95 -16.13718029 0.749148856
96 -16.27799833 0.7465959246
97 -16.41950951 0.7440235778
98 -16.5618266 0.7414298533
99 -16.70505956 0.7388128268
100 -16.84931616 0.736170602
101 -16.99470265 0.7335013008
102 -17.14132431 0.7308030537
103 -17.28928603 0.7280739913
104 -17.43869282 0.725312236
105 -17.58965032 0.722515894
106 -17.74226526 0.7196830478
107 -17.89664598 0.7168117485
108 -18.05290281 0.7139000087
109 -18.2111486 0.7109457954
110 -18.3714991 0.7079470228
111 -18.53407347 0.7049015457
112 -18.69899468 0.7018071521
113 -18.86638998 0.6986615566
114 -19.03639138 0.6954623935
115 -19.20913611 0.6922072094
116 -19.38476708 0.6888934568
117 -19.56343342 0.6855184868
118 -19.74529094 0.6820795418
119 -19.9305027 0.678573749
120 -20.11923954 0.6749981128
121 -20.31168062 0.6713495085
122 -20.508014 0.6676246747
123 -20.70843728 0.6638202071
124 -20.91315814 0.6599325518
125 -21.12239502 0.6559579996
126 -21.33637772 0.65189268
127 -21.55534808 0.6477325565
128 -21.77956058 0.6434734226
129 -22.00928302 0.6391108985
130 -22.24479714 0.6346404296
131 -22.48639925 0.6300572864
132 -22.73440079 0.6253565665
133 -22.98912886 0.6205331984
134 -23.2509267 0.6155819494
135 -23.52015409 0.6104974358
136 -23.79718759 0.6052741371
137 -24.08242066 0.5999064162
138 -24.37626369 0.594388543
139 -24.67914367 0.5887147257
140 -24.99150371 0.5828791489
141 -25.31380226 0.5768760184
142 -25.6465119 0.5706996166
143 -25.9901178 0.5643443658
144 -26.34511567 0.557804903
145 -26.71200918 0.5510761652
146 -27.09130676 0.5441534862
147 -27.48351783 0.5370327054
148 -27.88914821 0.5297102874
149 -28.30869488 0.5221834537
150 -28.74263987 0.5144503226
151 -29.1914435 0.5065100576
152 -29.65553669 0.498363021
153 -30.13531273 0.4900109285
154 -30.63111835 0.4814570011
155 -31.1432443 0.4727061089
156 -31.67191579 0.4637649007
157 -32.21728273 0.454641912
158 -32.77941035 0.4453476459
159 -33.35827037 0.4358946182
160 -33.95373316 0.4262973608
161 -34.56556119 0.4165723786
162 -35.19340426 0.406738053
163 -35.83679684 0.3968144933
164 -36.49515775 0.3868233325
165 -37.16779249 0.3767874736
166 -37.85389833 0.3667307888
167 -38.55257219 0.3566777823
168 -39.26282115 0.3466532264
169 -39.98357538 0.336681783
170 -40.71370314 0.3267876248
171 -41.4520273 0.3169940693
172 -42.19734302 0.3073232386
173 -42.94843569 0.2977957578
174 -43.7040989 0.2884304993
175 -44.46315158 0.2792443815
176 -45.22445387 0.2702522249
177 -45.98692142 0.2614666671
178 -46.74953755 0.2528981336
179 -47.51136322 0.2445548624
180 -48.27154456 0.2364429738
181 -49.02931804 0.2285665816
182 -49.78401315 0.2209279342
183 -50.53505294 0.2135275818
184 -51.28195235 0.2063645578
185 -52.02431468 0.1994365713
186 -52.76182637 0.1927402015
187 -53.49425032 0.186271091
188 -54.22141789 0.1800241325
189 -54.94321998 0.1739936451
190 -55.65959716 0.1681735396
191 -56.37052919 0.1625574689
192 -57.07602419 0.157138964
193 -57.77610734 0.1519115528
194 -58.47080976 0.1468688639
195 -59.1601573 0.1420047133
196 -59.84415984 0.1373131743
197 -60.5228011 0.1327886323
198 -61.19602927 0.1284258227
199 -61.86374868 0.1242198546
200 -62.52581279 0.1201662192
201 -63.18201876 0.1162607859
202 -63.83210358 0.1124997851
203 -64.47574229 0.1088797809
204 -65.11254807 0.1053976353
205 -65.74207435 0.102050464
206 -66.36381905 0.09883558912
207 -66.97723058 0.09575048779
208 -67.58171563 0.09279274105
209 -68.17664836 0.0899599842
210 -68.76138076 0.08724986064
211 -69.33525377 0.08465998096
212 -69.89760874 0.08218788826
213 -70.44779899 0.07983103085
214 -70.98520088 0.07758674237
215 -71.50922424 0.07545222978
216 -72.01932183 0.07342456846
217 -72.51499748 0.07150070412
218 -72.99581295 0.06967746049
219 -73.46139319 0.06795155182
220 -73.91143021 0.06631959919
221 -74.34568529 0.06477814943
222 -74.76398991 0.06332369577
223 -75.16624529 0.06195269925
224 -75.55242071 0.06066161
225 -75.92255091 0.05944688788
226 -76.27673261 0.05830502186
227 -76.61512029 0.05723254771
228 -76.93792154 0.05622606395
229 -77.24539204 0.05528224563
230 -77.53783034 0.05439785613
231 -77.81557254 0.05356975685
232 -78.07898704 0.05279491492
233 -78.32846938 0.05207040913
234 -78.56443731 0.05139343405
235 -78.78732615 0.05076130271
236 -78.99758435 0.05017144788
237 -79.19566952 0.04962142217
238 -79.3820447 0.04910889715
239 -79.55717509 0.04863166158
240 -79.72152502 0.04818761898
241 -79.87555536 0.04777478462
242 -80.01972128 0.04739128208
243 -80.15447022 0.04703533946
244 -80.28024032 0.04670528536
245 -80.39745895 0.04639954469
246 -80.50654167 0.04611663441
247 -80.60789127 0.04585515921
248 -80.70189715 0.0456138072
249 -80.78893478 0.04539134568
250 -80.86936538 0.04518661696
251 -80.94353575 0.04499853431
252 -81.01177822 0.04482607801
253 -81.07441064 0.04466829159
254 -81.1317366 0.04452427811
255 -81.18404559 0.04439319674
256 -81.23161331 0.04427425939
257 -81.27470198 0.04416672755
258 -81.31356077 0.04406990924
259 -81.34842613 0.04398315619
260 -81.3795223 0.04390586115
261 -81.40706171 0.04383745526
262 -81.43124544 0.04377740573
263 -81.45226373 0.04372521351
264 -81.47029639 0.04368041124
265 -81.48551307 0.0436425616
266 -81.498072 0.04361125892
267 -81.5081049 0.04358615865
268 -81.51557816 0.04356725507
269 -81.51904684 0.04355738108
270 -81.50449652 0.04358460967
271 -81.34547415 0.04390386256
272 -79.91044889 0.04688899353
273 -67.18642504 0.08195676177
274 22.29399254 0.8653498563
275 38.49529343 0.9999135133
276 38.00821554 0.9999370122
277 36.14569657 0.9999125288
278 33.32632229 0.9998541906
279 29.83225189 0.9997237701
280 26.00148538 0.9994434431
281 22.1086021 0.9988715886
282 18.33245253 0.9977804554
283 14.77780009 0.9958538982
284 11.50307205 0.9927274865
285 8.538093548 0.988078609
286 5.892735193 0.98173822
287 3.561235037 0.9737660582
288 1.525667334 0.9644443044
289 -0.240197635 0.9541962954
290 -1.76690947 0.9434789197
291 -3.085925265 0.9326970638
292 -4.227202548 0.9221602354
293 -5.217826036 0.9120757426
294 -6.081447842 0.9025629089
295 -6.838258193 0.8936746548
296 -7.505247395 0.885418382
297 -8.096594166 0.8777728377
298 -8.624081866 0.8707003974
299 -9.097491196 0.8641554032
300 -9.524947058 0.858089512
301 -9.913213552 0.8524549416
302 -10.26793927 0.8472063103
303 -10.59385857 0.8423015715
304 -10.8949554 0.8377023854
305 -11.17459633 0.8333741554
306 -11.43563828 0.8292858735
307 -11.68051592 0.8254098678
308 -11.91131274 0.8217215065
309 -12.12981898 0.818198893
310 -12.33757894 0.8148225698
311 -12.53592997 0.8115752423
312 -12.72603444 0.8084415266
313 -12.90890634 0.8054077223
314 -13.08543335 0.8024616109
315 -13.25639521 0.799592276
316 -13.42247921 0.7967899465
317 -13.58429318 0.7940458572
318 -13.74237643 0.791352128
319 -13.89720908 0.7887016568
320 -14.04922001 0.7860880261
321 -14.19879359 0.7835054209
322 -14.34627554 0.7809485568
323 -14.49197786 0.7784126166
324 -14.6361832 0.7758931943
325 -14.77914855 0.7733862463
326 -14.92110856 0.7708880476
327 -15.06227826 0.7683951536
328 -15.20285565 0.7659043656
329 -15.34302379 0.7634127006
330 -15.48295279 0.7609173643
331 -15.62280141 0.7584157266
332 -15.76271866 0.7559053001
333 -15.90284508 0.7533837203
334 -16.04331393 0.7508487279
335 -16.18425233 0.7482981529
336 -16.32578213 0.7457299
337 -16.46802091 0.743141935
338 -16.61108266 0.7405322727
339 -16.75507863 0.7378989652
340 -16.90011791 0.7352400919
341 -17.04630814 0.7325537491
342 -17.19375607 0.7298380408
343 -17.3425681 0.7270910703
344 -17.49285083 0.7243109313
345 -17.64471156 0.7214957
346 -17.79825881 0.7186434276
347 -17.95360272 0.7157521327
348 -18.11085558 0.7128197936
349 -18.27013227 0.7098443415
350 -18.43155071 0.7068236533
351 -18.59523232 0.7037555445
352 -18.76130246 0.7006377618
353 -18.92989092 0.697467977
354 -19.10113238 0.6942437789
355 -19.27516689 0.690962667
356 -19.45214035 0.6876220442
357 -19.63220505 0.6842192095
358 -19.81552014 0.6807513512
359 -20.00225222 0.6772155398
360 -20.19257585 0.6736087204
361 -20.38667414 0.6699277067
362 -20.58473933 0.666169173
363 -20.7869734 0.6623296484
364 -20.99358868 0.6584055103
365 -21.20480849 0.6543929781
366 -21.42086777 0.6502881083
367 -21.64201375 0.6460867897
368 -21.86850658 0.6417847394
369 -22.10061996 0.6373775006
370 -22.33864182 0.6328604415
371 -22.58287485 0.6282287556
372 -22.83363714 0.6234774648
373 -23.09126265 0.6186014247
374 -23.35610162 0.6135953331
375 -23.628521 0.608453742
376 -23.90890457 0.6031710741
377 -24.19765307 0.5977416442
378 -24.49518405 0.592159686
379 -24.80193154 0.5864193859
380 -25.11834542 0.5805149238
381 -25.44489045 0.5744405224
382 -25.78204497 0.5681905056
383 -26.13029915 0.5617593664
384 -26.4901527 0.5551418462
385 -26.86211206 0.5483330246
386 -27.24668699 0.5413284218
387 -27.6443864 0.5341241113
388 -28.05571357 0.5267168456
389 -28.4811605 0.5191041905
390 -28.92120152 0.5112846702
391 -29.37628615 0.5032579176
392 -29.84683118 0.4950248294
393 -30.33321209 0.48658772
394 -30.83575391 0.4779504718
395 -31.35472173 0.469118673
396 -31.89031093 0.4600997403
397 -32.44263765 0.4509030161
398 -33.01172949 0.441539836
399 -33.59751707 0.4320235569
400 -34.19982666 0.4223695425
401 -34.81837436 0.4125950976
402 -35.45276213 0.4027193508
403 -36.10247604 0.3927630819
404 -36.76688711 0.3827484968
405 -37.44525474 0.3726989525
406 -38.13673296 0.3626386405
407 -38.84037948 0.3525922361
408 -39.55516722 0.3425845266
409 -40.27999819 0.3326400307
410 -41.01371918 0.3227826228
411 -41.75513888 0.3130351764
412 -42.5030457 0.3034192378
413 -43.25622585 0.2939547425
414 -44.01348104 0.2846597816
415 -44.77364509 0.2755504241
416 -45.53559933 0.266640597
417 -46.29828589 0.2579420242
418 -47.06071909 0.2494642204
419 -47.82199437 0.2412145355
420 -48.58129479 0.2331982422
421 -49.33789522 0.2254186612
422 -50.09116406 0.217877314
423 -50.84056286 0.210574097
424 -51.58564382 0.2035074686
425 -52.32604557 0.1966746431
426 -53.06148726 0.1900717856
427 -53.79176134 0.1836942028
428 -54.51672514 0.177536526
429 -55.23629149 0.1715928833
430 -55.95041865 0.1658570584
431 -56.65909959 0.1603226359
432 -57.36235096 0.1549831295
433 -58.06020186 0.1498320954
434 -58.75268261 0.1448632285
435 -59.43981379 0.1400704421
436 -60.12159569 0.1354479319
437 -60.7979984 0.1309902232
438 -61.46895292 0.1266922031
439 -62.13434331 0.1225491377
440 -62.7940003 0.1185566752
441 -63.44769653 0.1147108362
442 -64.09514353 0.1110079924
443 -64.73599066 0.1074448351
444 -65.36982613 0.1040183358
445 -65.99617994 0.1007257006
446 -66.61452889 0.09756432089
447 -67.22430336 0.09453172153
448 -67.8248957 0.09162551046
449 -68.41566998 0.08884333014
450 -68.99597264 0.08618281342
451 -69.56514386 0.08364154518
452 -70.12252903 0.08121703058
453 -70.66749021 0.0789066709
454 -71.1994169 0.07670774697
455 -71.71773612 0.07461741015
456 -72.22192132 0.0726326804
457 -72.71150002 0.07075045073
458 -73.18605997 0.06896749697
459 -73.64525384 0.067280492
460 -74.0888024 0.06568602328
461 -74.51649616 0.06418061261
462 -74.92819574 0.06276073714
463 -75.32383085 0.06142285083
464 -75.70339826 0.06016340553
465 -76.06695874 0.05897887112
466 -76.41463332 0.05786575419
467 -76.74659887 0.05682061506
468 -77.06308328 0.0558400828
469 -77.36436033 0.05492086816
470 -77.65074443 0.05405977451
471 -77.92258534 0.05325370667
472 -78.18026292 0.05249967784
473 -78.42418213 0.05179481479
474 -78.65476814 0.0511363613
475 -78.87246181 0.0505216803
476 -79.07771547 0.04994825457
477 -79.27098901 0.04941368646
478 -79.45274638 0.0489156966
479 -79.62345239 0.04845212184
480 -79.78356989 0.04802091258
481 -79.93355734 0.04762012954
482 -80.07386661 0.04724794018
483 -80.2049412 0.04690261481
484 -80.32721468 0.04658252249
485 -80.44110942 0.0462861268
486 -80.54703557 0.04601198156
487 -80.64539027 0.04575872648
488 -80.736557 0.04552508294
489 -80.82090525 0.04530984974
490 -80.89879013 0.04511189896
491 -80.97055235 0.04493017199
492 -81.03651813 0.04476367563
493 -81.09699933 0.04461147836
494 -81.15229359 0.04447270675
495 -81.20268462 0.04434654204
496 -81.24844245 0.04423221689
497 -81.28982384 0.04412901224
498 -81.32707261 0.04403625439
499 -81.36042011 0.04395331217
500 -81.39008563 0.04387959436
501 -81.41627686 0.04381454714
502 -81.43919036 0.04375765176
503 -81.45901203 0.04370842234
504 -81.47591754 0.04366640383
505 -81.49007259 0.04363117044
506 -81.50163165 0.0436023273
507 -81.51072274 0.04357954018
508 -81.51730762 0.04356281531
509 -81.51992612 0.04355501827
510 -81.50444763 0.04358445681
511 -81.34335454 0.0439082142
512 -79.89520801 0.04692193255
513 -67.0570684 0.08240254077
514 22.67074113 0.8693549679
515 38.50170166 0.9999145645
516 38.00501895 0.9999369797
517 36.1400388 0.9999124388
518 33.32000691 0.9998540181
519 29.8271423 0.9997234975
520 25.99900363 0.9994431531
521 22.10949103 0.9988716776
522 18.33689642 0.9977820054
523 14.78562337 0.9958591343
524 11.51389622 0.9927400792
525 8.551445279 0.9881035008
526 5.908123981 0.9817808473
527 3.578209832 0.9738312498
528 1.543852332 0.9645353946
529 -0.2210886497 0.9543148207
530 -1.747076432 0.9436248708
531 -3.06549573 0.9328694103
532 -4.206249263 0.9223574481
533 -5.196383545 0.9122961742
534 -6.059525994 0.9028050136
535 -6.815852133 0.8939370844
536 -7.482344454 0.885700007
537 -8.073178358 0.8780727306
538 -8.600136664 0.8710178012
539 -9.073001132 0.8644896972
540 -9.499898557 0.8584401818
541 -9.887595274 0.8528215545
542 -10.24174216 0.8475884963
543 -10.56707573 0.8426990082
544 -10.8675819 0.838114788
545 -11.14662892 0.8338012686
546 -11.40707514 0.8297274665
547 -11.65135639 0.8258657304
548 -11.88155711 0.8221914468
549 -12.0994682 0.8186827353
550 -12.30663449 0.8153201539
551 -12.50439363 0.8120864229
552 -12.69390816 0.8089661726
553 -12.87619209 0.8059457173
554 -13.05213299 0.8030128524
555 -13.22251041 0.8001566761
556 -13.38801135 0.7973674317
557 -13.54924324 0.7946363687
558 -13.70674495 0.7919556218
559 -13.86099611 0.789318104
560 -14.01242502 0.7867174129
561 -14.16141546 0.784147749
562 -14.30831248 0.7816038436
563 -14.45342739 0.7790808952
564 -14.59704211 0.7765745142
565 -14.7394129 0.7740806731
566 -14.88077358 0.7715956636
567 -15.02133839 0.7691160579
568 -15.16130446 0.7666386746
569 -15.300854 0.7641605483
570 -15.44015617 0.7616789025
571 -15.57936883 0.7591911254
572 -15.71863999 0.7566947483
573 -15.8581092 0.754187426
574 -15.9979087 0.7516669188
575 -16.13816449 0.7491310773
576 -16.27899735 0.7465778268
577 -16.42052367 0.7440051548
578 -16.56285625 0.7414110984
579 -16.70610509 0.7387937329
580 -16.85037797 0.7361511616
581 -16.99578117 0.7334815056
582 -17.14242002 0.7307828951
583 -17.29039942 0.7280534599
584 -17.43982443 0.725291322
585 -17.59080071 0.722494587
586 -17.74343504 0.7196613366
587 -17.89783578 0.7167896213
588 -18.05411332 0.7138774529
589 -18.21238053 0.7109227978
590 -18.37275323 0.7079235693
591 -18.53535061 0.7048776215
592 -18.70029569 0.7017827415
593 -18.86771579 0.698636643
594 -19.03774296 0.6954369592
595 -19.21051448 0.6921812361
596 -19.38617334 0.6888669248
597 -19.56486872 0.6854913755
598 -19.74675652 0.6820518294
599 -19.93199986 0.6785454126
600 -20.12076965 0.6749691283
601 -20.31324514 0.6713198503
602 -20.50961449 0.6675943161
603 -20.71007536 0.6637891198
604 -20.91483556 0.6599007063
605 -21.1241136 0.6559253647
606 -21.33813942 0.6518592232
607 -21.55715494 0.6476982435
608 -21.78141477 0.6434382177
609 -22.01118685 0.6390747642
610 -22.24675303 0.634603327
611 -22.48840975 0.6300191748
612 -22.73646859 0.6253174036
613 -22.99125681 0.6204929406
614 -23.25311778 0.6155405513
615 -23.52241144 0.6104548507
616 -23.79951448 0.6052303173
617 -24.08482055 0.5998613127
618 -24.37874015 0.594342106
619 -24.68170045 0.5886669051
620 -24.99414469 0.5828298941
621 -25.31653145 0.5768252793
622 -25.64933344 0.5706473437
623 -25.99303595 0.5642905111
624 -26.34813476 0.5577494204
625 -26.71513361 0.5510190115
626 -27.09454098 0.5440946218
627 -27.48686626 0.5369720953
628 -27.89261525 0.5296479028
629 -28.31228481 0.5221192725
630 -28.74635686 0.5143843308
631 -29.19529147 0.5064422511
632 -29.65951931 0.4982934063
633 -30.13943329 0.4899395246
634 -30.63537971 0.4813838406
635 -31.1476488 0.4726312392
636 -31.67646516 0.4636883851
637 -32.221978 0.4545638306
638 -32.78425179 0.4452680961
639 -33.3632574 0.4358137151
640 -33.95886428 0.4262152371
641 -34.57083393 0.4164891839
642 -35.19881517 0.4066539529
643 -35.84234144 0.3967296677
644 -36.50083055 0.3867379741
645 -37.17358702 0.3767017848
646 -37.85980721 0.3666449795
647 -38.5585872 0.3565920667
648 -39.26893331 0.3465678196
649 -39.98977511 0.3365968979
650 -40.71998037 0.3267034686
651 -41.45837163 0.3169108405
652 -42.20374387 0.3072411243
653 -42.95488248 0.2977149309
654 -43.71058119 0.2883511168
655 -44.46965918 0.2791665826
656 -45.23097705 0.2701761305
657 -45.99345097 0.2613923789
658 -46.75606488 0.252825734
659 -47.51788047 0.2444844151
660 -48.27804463 0.2363745246
661 -49.03579462 0.2285001592
662 -49.79046077 0.220863552
663 -50.54146692 0.2134652389
664 -51.28832881 0.2063042411
665 -52.03065048 0.1993782568
666 -52.76811909 0.1926838563
667 -53.50049815 0.1862166748
668 -54.2276196 0.1799715991
669 -54.94937481 0.173942944
670 -55.66570474 0.1681246175
671 -56.37658945 0.1625102709
672 -57.08203725 0.1570934344
673 -57.78207345 0.1518676363
674 -58.47672913 0.1468265067
675 -59.16603008 0.1419638632
676 -59.849986 0.1372737819
677 -60.52858032 0.1327506508
678 -61.20176089 0.1283892086
679 -61.86943163 0.1241845676
680 -62.53144554 0.1201322224
681 -63.18759925 0.1162280455
682 -63.83762924 0.1124682703
683 -64.48121 0.1088494639
684 -65.11795418 0.1053684903
685 -65.74741472 0.1020224674
686 -66.36908908 0.09880871889
687 -66.98242528 0.09572472289
688 -67.58682968 0.09276806114
689 -68.18167622 0.08993636915
690 -68.76631676 0.0872272902
691 -69.34009219 0.08463843436
692 -69.90234395 0.08216734402
693 -70.45242549 0.0798114665
694 -70.98971344 0.07756813438
695 -71.513618 0.07543455343
696 -72.02359231 0.07340779787
697 -72.51914073 0.07148481229
698 -72.99982551 0.0696624194
699 -73.46527222 0.06793733254
700 -73.91517344 0.06630617204
701 -74.34929109 0.06476548418
702 -74.76745724 0.06331176182
703 -75.16957371 0.06194146579
704 -75.55561039 0.06065104625
705 -75.92560255 0.05943696321
706 -76.27964743 0.05829570599
707 -76.61789999 0.05722381086
708 -76.94056826 0.05621787693
709 -77.2479083 0.05527458001
710 -77.54021902 0.05439068429
711 -77.8178368 0.05356305206
712 -78.08113028 0.05278865142
713 -78.33049522 0.05206456215
714 -78.56634955 0.05138797987
715 -78.78912867 0.05075621864
716 -78.99928115 0.05016671229
717 -79.19726465 0.04961701447
718 -79.38354224 0.04910479777
719 -79.55857909 0.04862785199
720 -79.72283952 0.04818408162
