0 -40.53845908 0.3291416455
1 -41.27417321 0.3193320572
2 -42.0171547 0.3096397675
3 -42.7661909 0.300085753
4 -43.52007316 0.2906892981
5 -44.27761411 0.2814677805
6 -45.03766386 0.2724365139
7 -45.79912468 0.263608649
8 -46.56096362 0.2549951316
9 -47.32222302 0.2466047142
10 -48.08202863 0.2384440159
11 -48.83959529 0.2305176232
12 -49.59423024 0.222828225
13 -50.34533415 0.2153767726
14 -51.09240003 0.2081626582
15 -51.83501008 0.2011839046
16 -52.572831 0.1944373591
17 -53.30560757 0.1879188863
18 -54.03315514 0.1816235566
19 -54.75535084 0.1755458244
20 -55.47212409 0.1696796957
21 -56.18344628 0.1640188821
22 -56.88932006 0.1585569393
23 -57.58976825 0.153287391
24 -58.28482269 0.1482038349
25 -58.97451313 0.1433000344
26 -59.6588564 0.1385699923
27 -60.33784615 0.1340080092
28 -61.01144326 0.1296087263
29 -61.67956728 0.1253671521
30 -62.34208903 0.1212786758
31 -62.99882473 0.117339066
32 -63.6495317 0.1135444578
33 -64.29390597 0.1098913283
34 -64.93158175 0.1063764632
35 -65.562133 0.1029969153
36 -66.18507697 0.0997499582
37 -66.79987963 0.096633036
38 -67.4059629 0.0936437125
39 -68.00271338 0.09077962106
40 -68.58949232 0.08803841756
41 -69.16564643 0.08541773787
42 -69.73051923 0.08291516146
43 -70.28346253 0.08052818181
44 -70.82384758 0.07825418431
45 -71.35107571 0.07609043182
46 -71.86458799 0.07403405755
47 -72.36387384 0.07208206487
48 -72.84847816 0.07023133304
49 -73.31800717 0.06847862826
50 -73.77213263 0.06682061857
51 -74.21059459 0.06525389194
52 -74.63320274 0.06377497626
53 -75.03983634 0.06238036035
54 -75.430443 0.06106651519
55 -75.80503635 0.05982991469
56 -76.16369282 0.0586670553
57 -76.50654774 0.05757447422
58 -76.83379083 0.05654876577
59 -77.14566131 0.0555865958
60 -77.44244276 0.05468471408
61 -77.72445788 0.05383996459
62 -77.99206324 0.0530492939
63 -78.2456441 0.05230975757
64 -78.48560946 0.05161852489
65 -78.71238732 0.05097288199
66 -78.92642019 0.05037023361
67 -79.12816104 0.04980810358
68 -79.31806945 0.04928413426
69 -79.49660823 0.04879608511
70 -79.66424033 0.04834183049
71 -79.82142612 0.04791935687
72 -79.96862104 0.04752675953
73 -80.10627351 0.04716223898
74 -80.23482321 0.04682409698
75 -80.35469959 0.0465107325
76 -80.46632071 0.04622063746
77 -80.57009222 0.04595239249
78 -80.66640667 0.04570466268
79 -80.7556429 0.04547619328
80 -80.8381657 0.04526580558
81 -80.91432557 0.04507239286
82 -80.98445857 0.04489491638
83 -81.0488864 0.04473240161
84 -81.10791647 0.04458393455
85 -81.1618421 0.04444865817
86 -81.21094279 0.04432576909
87 -81.25548448 0.04421451435
88 -81.29572001 0.04411418835
89 -81.33188941 0.04402412996
90 -81.3642204 0.04394371981
91 -81.39292879 0.04387237765
92 -81.41821894 0.04380955993
93 -81.44028425 0.04375475751
94 -81.45930758 0.04370749345
95 -81.47546175 0.04366732101
96 -81.48890999 0.04363382171
97 -81.49980641 0.04360660353
98 -81.50829639 0.04358529922
99 -81.51451706 0.04356956473
100 -81.51859764 0.04355907788
101 -81.52065927 0.04355353806
102 -81.52081024 0.04355267534
103 -81.51910001 0.04355634218
104 -81.51510254 0.04356534933
105 -81.50416585 0.04358899544
106 -81.44368556 0.04371293312
107 -80.94999546 0.04471955324
108 -76.58424099 0.05450866578
109 -38.5876614 0.2376459229
110 36.8418264 0.9979166322
111 38.51823279 0.9999415012
112 37.230231 0.999927911
113 34.88399155 0.9998901261
114 31.71846025 0.9998043147
115 28.05642852 0.9996173656
116 24.2090311 0.9992279104
117 20.39811784 0.9984631676
118 16.7590193 0.9970648149
119 13.3688388 0.9947035227
120 10.26950115 0.9910388859
121 7.480282265 0.9858180153
122 5.003607766 0.9789715122
123 2.828443227 0.970653178
124 0.933636113 0.9612006138
125 -0.7083423535 0.951042777
126 -2.127782876 0.9406036262
127 -3.354853194 0.9302370652
128 -4.417698784 0.9202009372
129 -5.34145006 0.9106597469
130 -6.147895955 0.9017017017
131 -6.85556995 0.893359317
132 -7.480049965 0.8856279071
133 -8.034341385 0.878479972
134 -8.529267773 0.8718754517
135 -8.973831341 0.865768585
136 -9.375527888 0.8601122564
137 -9.740613303 0.8548605967
138 -10.07432478 0.8499704251
139 -10.38106239 0.8454019495
140 -10.6645371 0.841119008
141 -10.92789122 0.8370890391
142 -11.17379622 0.8332828993
143 -11.40453237 0.8296746053
144 -11.62205365 0.8262410444
145 -11.82804079 0.8229616816
146 -12.02394491 0.8198182797
147 -12.21102331 0.8167946378
148 -12.39036919 0.8138763544
149 -12.56293623 0.8110506141
150 -12.72955917 0.8083059978
151 -12.89097093 0.8056323145
152 -13.04781708 0.8030204538
153 -13.20066798 0.8004622551
154 -13.35002914 0.7979503938
155 -13.49634989 0.7954782806
156 -13.64003093 0.7930399741
157 -13.78143067 0.7906301028
158 -13.9208707 0.7882437981
159 -14.05864056 0.7858766338
160 -14.19500178 0.7835245743
161 -14.33019141 0.7811839278
162 -14.46442513 0.7788513058
163 -14.59789989 0.7765235865
164 -14.73079627 0.7741978829
165 -14.86328053 0.7718715142
166 -14.99550641 0.7695419807
167 -15.12761675 0.7672069408
168 -15.25974486 0.7648641907
169 -15.39201582 0.7625116467
170 -15.52454755 0.7601473279
171 -15.65745187 0.7577693423
172 -15.79083533 0.7553758728
173 -15.92480009 0.752965165
174 -16.0594446 0.7505355162
175 -16.19486432 0.748085265
176 -16.3311523 0.7456127819
177 -16.46839973 0.7431164601
178 -16.60669655 0.7405947078
179 -16.74613182 0.73804594
180 -16.8867943 0.7354685716
181 -17.0287728 0.7328610098
182 -17.17215663 0.7302216481
183 -17.31703603 0.7275488596
184 -17.46350249 0.7248409903
185 -17.6116492 0.722096354
186 -17.76157139 0.7193132251
187 -17.91336668 0.7164898337
188 -18.06713552 0.7136243591
189 -18.22298148 0.7107149238
190 -18.38101168 0.7077595882
191 -18.54133716 0.704756344
192 -18.70407325 0.7017031087
193 -18.86934002 0.698597719
194 -19.03726264 0.6954379251
195 -19.20797183 0.692221384
196 -19.3816043 0.6889456534
197 -19.55830321 0.6856081852
198 -19.73821865 0.6822063191
199 -19.92150811 0.6787372757
200 -20.10833702 0.6751981502
201 -20.29887928 0.6715859054
202 -20.49331777 0.6678973658
203 -20.69184498 0.6641292107
204 -20.89466356 0.660277968
205 -21.10198693 0.6563400085
206 -21.31403992 0.6523115406
207 -21.53105934 0.6481886051
208 -21.7532947 0.6439670714
209 -21.98100876 0.6396426341
210 -22.21447822 0.6352108115
211 -22.45399428 0.6306669454
212 -22.69986324 0.626006202
213 -22.95240705 0.6212235766
214 -23.21196374 0.6163138998
215 -23.47888787 0.6112718473
216 -23.75355078 0.6060919539
217 -24.03634077 0.6007686318
218 -24.32766306 0.5952961936
219 -24.62793963 0.5896688822
220 -24.93760874 0.5838809069
221 -25.25712416 0.5779264873
222 -25.58695415 0.5717999056
223 -25.9275799 0.5654955688
224 -26.27949366 0.5590080803
225 -26.64319623 0.5523323232
226 -27.01919395 0.5454635544
227 -27.40799499 0.5383975103
228 -27.810105 0.5311305248
229 -28.226022 0.5236596573
230 -28.65623047 0.515982831
231 -29.10119472 0.5080989801
232 -29.56135141 0.5000082014
233 -30.03710147 0.491711909
234 -30.52880127 0.4832129873
235 -31.03675339 0.4745159362
236 -31.56119699 0.4656270044
237 -32.10229818 0.4565543022
238 -32.6601405 0.447307889
239 -33.23471597 0.4378998263
240 -33.82591703 0.4283441911
241 -34.43352969 0.4186570426
242 -35.05722838 0.4088563386
243 -35.69657279 0.3989617984
244 -36.35100702 0.3889947108
245 -37.01986135 0.3789776916
246 -37.70235669 0.3689343931
247 -38.39761185 0.3588891751
248 -39.10465348 0.3488667465
249 -39.82242846 0.3388917901
250 -40.54981842 0.3289885834
251 -41.28565601 0.3191806295
252 -42.0287422 0.3094903118
253 -42.7778643 0.2999385827
254 -43.53181385 0.2905446987
255 -44.28940392 0.2813260065
256 -45.04948534 0.2722977868
257 -45.81096128 0.2634731564
258 -46.57279987 0.2548630267
259 -47.3340447 0.2464761168
260 -48.09382286 0.2383190132
261 -48.8513506 0.2303962719
262 -49.60593661 0.2227105534
263 -50.35698302 0.2152627835
264 -51.10398422 0.2080523316
265 -51.8465238 0.2010772008
266 -52.58426969 0.1943342216
267 -53.31696785 0.1878192449
268 -54.04443464 0.1815273301
269 -54.76654809 0.1754529232
270 -55.48323835 0.1695900248
271 -56.19447737 0.1639323427
272 -56.90026821 0.1584734316
273 -57.60063391 0.153206815
274 -58.29560635 0.1481260929
275 -58.98521517 0.1432250318
276 -59.66947691 0.1384976387
277 -60.34838478 0.1339382193
278 -61.02189908 0.1295414201
279 -61.68993863 0.1253022556
280 -62.35237346 0.1212161209
281 -63.00901889 0.1172787905
282 -63.6596313 0.1134864049
283 -64.30390573 0.1098354464
284 -64.94147545 0.1063227051
285 -65.5719135 0.1029452377
286 -66.19473626 0.09970032066
287 -66.80940895 0.09658540043
288 -67.41535288 0.09359804224
289 -68.01195417 0.09073588012
290 -68.59857374 0.08799656992
291 -69.17455816 0.0853777469
292 -69.73925101 0.08287698934
293 -70.29200429 0.08049178917
294 -70.83218964 0.07821952992
295 -71.35920893 0.07605747245
296 -71.87250395 0.0740027479
297 -72.3715649 0.07205235759
298 -72.85593762 0.07020317892
299 -73.3252293 0.06845197637
300 -73.77911277 0.06679541658
301 -74.21732915 0.0652300864
302 -74.63968923 0.06375251289
303 -75.04607335 0.06235918442
304 -75.43643016 0.06104657183
305 -75.81077431 0.0598111492
306 -76.16918319 0.05864941347
307 -76.51179301 0.05755790258
308 -76.83879431 0.05653321184
309 -77.15042704 0.0555720083
310 -77.44697544 0.0546710431
311 -77.72876278 0.05382716177
312 -77.99614613 0.0530373125
313 -78.24951115 0.05229855258
314 -78.48926719 0.0516080531
315 -78.71584249 0.05096310202
316 -78.92967978 0.05036110593
317 -79.13123215 0.04979959049
318 -79.32095928 0.04927619992
319 -79.49932399 0.04878869547
320 -79.66678921 0.04833495327
321 -79.82381526 0.0479129615
322 -79.97085749 0.04752081713
323 -80.1083642 0.04715672225
324 -80.23677491 0.04681898018
325 -80.35651892 0.04650599137
326 -80.46801409 0.04621624915
327 -80.57166588 0.04594833552
328 -80.66786663 0.04570091682
329 -80.75699497 0.04547273953
330 -80.83941547 0.04526262611
331 -80.91547838 0.04506947091
332 -80.98551957 0.04489223623
333 -81.0498605 0.04472994851
334 -81.10880836 0.04458169467
335 -81.16265626 0.04444661853
336 -81.21168347 0.04432391754
337 -81.25615574 0.04421283948
338 -81.2963257 0.04411267949
339 -81.33243319 0.0440227771
340 -81.36470573 0.04394251357
341 -81.39335896 0.04387130925
342 -81.41859705 0.04380862114
343 -81.44061324 0.04375394061
344 -81.45959024 0.04370679122
345 -81.47570071 0.04366672669
346 -81.48910773 0.04363332896
347 -81.49996527 0.0436062064
348 -81.50841858 0.04358499214
349 -81.51460467 0.0435693425
350 -81.51865263 0.0435589356
351 -81.52068349 0.04355347116
352 -81.52080544 0.04355267953
353 -81.51906777 0.04355641356
354 -81.51504393 0.04356548508
355 -81.50407798 0.0435892008
356 -81.44352996 0.04371328542
357 -80.94941014 0.04472080384
358 -76.57993409 0.05451923242
359 -38.55155924 0.2379233482
360 36.84559845 0.997923647
361 38.51805575 0.9999415012
362 37.22960703 0.999927903
363 34.88308 0.9998901079
364 31.71739713 0.9998042763
365 28.05535847 0.9996172899
366 24.20805971 0.999227772
367 20.39730387 0.9984629384
368 16.75838713 0.9970644781
369 13.36839191 0.9947030966
370 10.26923106 0.9910384485
371 7.480173778 0.9858177142
372 5.003642322 0.9789715489
373 2.828601371 0.9706537697
374 0.9338993153 0.9612019517
375 -0.7079905217 0.9510449993
