0 -21.76998964 0.6436499699
1 -21.99811937 0.6393177534
2 -22.2320256 0.6348778118
3 -22.47200064 0.6303254736
4 -22.71835194 0.6256558924
5 -22.97140261 0.6208640511
6 -23.2314919 0.6159447682
7 -23.49897561 0.6108927086
8 -23.77422632 0.6057023973
9 -24.0576336 0.600368238
10 -24.34960393 0.5948845373
11 -24.6505605 0.589245534
12 -24.96094276 0.5834454366
13 -25.28120561 0.5774784673
14 -25.6118183 0.5713389154
15 -25.95326295 0.5650211995
16 -26.30603251 0.558519941
17 -26.67062833 0.5518300469
18 -27.047557 0.5449468059
19 -27.43732669 0.5378659945
20 -27.84044268 0.5305839956
21 -28.25740219 0.5230979276
22 -28.68868847 0.5154057836
23 -29.13476402 0.5075065784
24 -29.59606318 0.499400501
25 -30.07298388 0.4910890692
26 -30.56587885 0.4825752822
27 -31.07504629 0.473863765
28 -31.6007203 0.4649609005
29 -32.1430612 0.4558749409
30 -32.70214606 0.4466160926
31 -33.27795978 0.4371965664
32 -33.87038716 0.4276305879
33 -34.47920608 0.4179343607
34 -35.10408258 0.4081259785
35 -35.74456778 0.3982252841
36 -36.40009725 0.3882536739
37 -37.06999299 0.3782338508
38 -37.75346807 0.3681895317
39 -38.44963412 0.3581451148
40 -39.1575114 0.3481253202
41 -39.87604146 0.3381548139
42 -40.60410172 0.3282578285
43 -41.34052189 0.318457796
44 -42.08410131 0.3087770039
45 -42.83362701 0.2992362876
46 -43.58789152 0.2898547688
47 -44.34571021 0.2806496459
48 -45.1059373 0.2716360421
49 -45.86748037 0.2628269115
50 -46.62931283 0.2542330022
51 -47.39048423 0.2458628725
52 -48.15012809 0.2377229547
53 -48.90746745 0.2298176594
54 -49.66181794 0.2221495128
55 -50.41258858 0.214719319
56 -51.15928053 0.2075263397
57 -51.90148381 0.2005684845
58 -52.63887239 0.1938425047
59 -53.37119773 0.1873441862
60 -54.09828108 0.1810685371
61 -54.82000468 0.1750099649
62 -55.53630214 0.1691624434
63 -56.24714808 0.1635196648
64 -56.95254742 0.1580751773
65 -57.65252424 0.1528225072
66 -58.34711061 0.1477552638
67 -59.03633553 0.1428672294
68 -59.72021414 0.1381524315
69 -60.39873749 0.1336052001
70 -61.07186303 0.1292202086
71 -61.73950616 0.1249924997
72 -62.40153296 0.1209174971
73 -63.05775443 0.1169910033
74 -63.70792238 0.1132091855
75 -64.35172719 0.1095685503
76 -64.98879748 0.1060659093
77 -65.61870183 0.1026983375
78 -66.24095252 0.09946312582
79 -66.85501116 0.09635773153
80 -67.46029599 0.09337972674
81 -68.05619082 0.09052674875
82 -68.64205502 0.08779645331
83 -69.21723446 0.08518647259
84 -69.78107285 0.08269437934
85 -70.33292319 0.08031765797
86 -70.87215895 0.07805368318
87 -71.39818459 0.07589970613
88 -71.91044514 0.07385284804
89 -72.4084347 0.0719101005
90 -72.89170344 0.07006833181
91 -73.35986331 0.06832429833
92 -73.81259212 0.06667465982
93 -74.24963616 0.06511599766
94 -74.67081143 0.063644835
95 -75.07600342 0.06225765788
96 -75.46516585 0.06095093636
97 -75.83831818 0.05972114528
98 -76.19554238 0.05856478372
99 -76.53697891 0.0574783931
100 -76.86282224 0.05645857331
101 -77.17331584 0.05550199704
102 -77.46874712 0.05460542188
103 -77.74944212 0.05376570053
104 -78.01576026 0.0529797889
105 -78.26808923 0.05224475243
106 -78.50684 0.05155777065
107 -78.73244212 0.05091614016
108 -78.94533929 0.05031727626
109 -79.14598527 0.04975871338
110 -79.33484016 0.04923810436
111 -79.51236695 0.04875321901
112 -79.67902851 0.04830194181
113 -79.83528494 0.04788226908
114 -79.98159116 0.04749230568
115 -80.11839491 0.04713026133
116 -80.24613506 0.04679444666
117 -80.36524013 0.04648326914
118 -80.47612711 0.04619522882
119 -80.57920055 0.0459289141
120 -80.67485179 0.0456829974
121 -80.76345848 0.045456231
122 -80.84538412 0.04524744282
123 -80.92097793 0.0450555324
124 -80.99057471 0.04487946695
125 -81.05449488 0.04471827753
126 -81.11304457 0.04457105541
127 -81.16651586 0.04443694855
128 -81.21518702 0.04431515824
129 -81.25932281 0.04420493591
130 -81.29917488 0.0441055801
131 -81.33498216 0.04401643357
132 -81.36697126 0.04393688059
133 -81.39535695 0.04386634433
134 -81.42034258 0.04380428444
135 -81.44212057 0.0437501948
136 -81.46087287 0.04370360129
137 -81.4767714 0.04366405981
138 -81.48997856 0.04363115435
139 -81.50064761 0.04360449521
140 -81.50892321 0.04358371732
141 -81.51494174 0.04356847867
142 -81.5188317 0.04355845902
143 -81.52071342 0.04355335987
144 -81.52069313 0.04355291583
145 -81.51880677 0.0435570069
146 -81.51451144 0.04356667866
147 -81.50210885 0.04359333152
148 -81.42959083 0.04374157473
149 -80.82882271 0.04496927997
150 -75.50858694 0.05718909371
151 -29.71314118 0.3136986832
152 37.48105759 0.999028546
153 38.45641906 0.9999412122
154 37.0579208 0.9999256765
155 34.62652284 0.9998848716
156 31.40186991 0.9997926419
157 27.71130881 0.9995924233
158 23.85953672 0.9991773067
159 20.05969504 0.9983670649
160 16.44063333 0.9968957412
161 13.07548349 0.9944297993
162 10.00373785 0.9906323511
163 7.242968463 0.9852636717
164 4.79425207 0.9782741301
165 2.645492034 0.9698369235
166 0.774800372 0.9603021596
167 -0.8457437459 0.9501020171
168 -2.246524767 0.9396561821
169 -3.457590617 0.9293103899
170 -4.506842576 0.919313599
171 -5.419113812 0.9098225815
172 -6.215890258 0.9009196523
173 -6.915423173 0.8926332475
174 -7.533041009 0.8849560856
175 -8.081535561 0.8778591624
176 -8.57155107 0.8713016618
177 -9.011940954 0.8652375516
178 -9.410078353 0.8596197431
179 -9.772118339 0.8544025646
180 -10.10321529 0.8495431222
181 -10.40770116 0.845001948
182 -10.68923079 0.8407432104
183 -10.95090006 0.8367346667
184 -11.19534197 0.8329474716
185 -11.42480471 0.8293559136
186 -11.64121546 0.8259371258
187 -11.84623249 0.8226707928
188 -12.04128796 0.8195388722
189 -12.22762316 0.8165253357
190 -12.4063177 0.8136159339
191 -12.57831368 0.8107979855
192 -12.74443595 0.8080601893
193 -12.90540895 0.805392458
194 -13.06187098 0.8027857724
195 -13.21438611 0.8002320522
196 -13.36345441 0.7977240432
197 -13.50952053 0.7952552185
198 -13.65298108 0.7928196912
199 -13.79419092 0.7904121381
200 -13.93346856 0.7880277329
201 -14.07110083 0.785662087
202 -14.2073469 0.7833111978
203 -14.34244179 0.7809714025
204 -14.47659935 0.7786393381
205 -14.61001496 0.7763119055
206 -14.74286783 0.7739862373
207 -14.87532302 0.7716596703
208 -15.00753321 0.76932972
209 -15.13964032 0.7669940579
210 -15.27177687 0.764650492
211 -15.40406724 0.7622969483
212 -15.53662878 0.7599314548
213 -15.66957277 0.7575521266
214 -15.80300535 0.7551571528
215 -15.93702831 0.7527447842
216 -16.07173981 0.7503133222
217 -16.20723505 0.7478611086
218 -16.3436069 0.7453865163
219 -16.48094643 0.7428879403
220 -16.61934345 0.7403637895
221 -16.75888701 0.7378124793
222 -16.89966583 0.735232424
223 -17.04176877 0.7326220301
224 -17.1852852 0.7299796892
225 -17.33030546 0.7273037723
226 -17.47692118 0.7245926227
227 -17.62522573 0.7218445508
228 -17.77531452 0.7190578272
229 -17.92728545 0.7162306777
230 -18.0812392 0.7133612764
231 -18.23727967 0.7104477407
232 -18.39551433 0.7074881249
233 -18.55605457 0.7044804141
234 -18.71901616 0.7014225186
235 -18.88451959 0.6983122677
236 -19.05269054 0.6951474031
237 -19.22366026 0.6919255732
238 -19.39756601 0.6886443263
239 -19.57455159 0.6853011043
240 -19.75476771 0.6818932364
241 -19.93837259 0.6784179318
242 -20.1255324 0.6748722741
243 -20.31642182 0.6712532139
244 -20.51122461 0.6675575624
245 -20.71013414 0.6637819855
246 -20.91335403 0.6599229971
247 -21.12109871 0.6559769533
248 -21.33359406 0.6519400475
249 -21.55107805 0.6478083049
250 -21.77380135 0.6435775791
251 -22.00202798 0.6392435487
252 -22.23603593 0.634801716
253 -22.47611774 0.6302474065
254 -22.72258114 0.6255757707
255 -22.97574951 0.6207817886
256 -23.23596239 0.615860276
257 -23.50357584 0.6108058952
258 -23.77896275 0.6056131691
259 -24.06251297 0.6002764995
260 -24.35463327 0.5947901915
261 -24.65574713 0.5891484832
262 -24.96629425 0.5833455827
263 -25.28672979 0.577375713
264 -25.61752325 0.571233165
265 -25.95915694 0.5649123603
266 -26.31212398 0.5584079241
267 -26.67692582 0.5517147694
268 -27.05406914 0.544828192
269 -27.44406208 0.5377439778
270 -27.84740982 0.5304585211
271 -28.26460942 0.5229689539
272 -28.69614382 0.5152732855
273 -29.14247512 0.5073705492
274 -29.6040371 0.4992609555
275 -30.08122701 0.490946046
276 -30.57439672 0.4824288462
277 -31.08384343 0.4737140101
278 -31.60980009 0.4648079513
279 -32.15242565 0.4557189547
280 -32.71179572 0.4464572601
281 -33.28789356 0.4370351129
282 -33.88060219 0.4274667724
283 -34.48969766 0.4177684753
284 -35.11484407 0.4079583463
285 -35.75559056 0.3980562562
286 -36.41137079 0.3880836259
287 -37.08150484 0.378063178
288 -37.765204 0.3680186437
289 -38.46157825 0.35797443
290 -39.16964643 0.3479552591
291 -39.88834883 0.3379857926
292 -40.61656197 0.3280902528
293 -41.35311486 0.318292055
294 -42.0968065 0.3086134644
295 -42.84642386 0.2990752895
296 -43.60075971 0.2896966209
297 -44.35862995 0.280494623
298 -45.11888959 0.2714843827
299 -45.88044723 0.2626788169
300 -46.64227749 0.2540886362
301 -47.40343127 0.2457223622
302 -48.16304358 0.237586392
303 -48.92033901 0.2296851028
304 -49.67463477 0.2220209904
305 -50.42534146 0.2145948309
306 -51.17196178 0.2074058618
307 -51.91408722 0.200451971
308 -52.65139311 0.1937298921
309 -53.38363218 0.1872353962
310 -54.11062678 0.1809634795
311 -54.8322601 0.1749085411
312 -55.54846653 0.1690645486
313 -56.2592213 0.1634251907
314 -56.96452975 0.1579840142
315 -57.66441618 0.1527345459
316 -58.3589127 0.1476703975
317 -59.04804816 0.1427853548
318 -59.73183738 0.13807345
319 -60.4102709 0.1335290187
320 -61.08330552 0.1291467403
321 -61.75085586 0.124921664
322 -62.41278711 0.1208492199
323 -63.06890927 0.1169252169
324 -63.71897313 0.1131458281
325 -64.362668 0.1095075658
326 -64.99962146 0.1060072463
327 -65.62940109 0.1026419486
328 -66.25151825 0.0994089671
329 -66.86543373 0.0963057612
330 -67.47056512 0.09332990461
331 -68.0662957 0.09047903531
332 -68.65198453 0.08775080895
333 -69.22697732 0.08514285697
334 -69.79061786 0.08265275082
335 -70.34225939 0.08027797317
336 -70.88127582 0.0780158967
337 -71.40707221 0.07586377037
338 -71.91909438 0.07381871313
339 -72.4168373 0.0718777144
340 -72.89985216 0.07003764044
341 -73.367752 0.06829524579
342 -73.82021578 0.0666471887
343 -74.25699097 0.06509004937
344 -74.67789476 0.0636203501
345 -75.08281382 0.06223457646
346 -75.47170302 0.06092919841
347 -75.8445829 0.05970069101
348 -76.20153649 0.05854555391
349 -76.54270521 0.05746032934
350 -76.86828439 0.05644161834
351 -77.17851832 0.0554860949
352 -77.47369512 0.05459051816
353 -77.75414143 0.05375174248
354 -78.02021721 0.05296672559
355 -78.2723106 0.05223253482
356 -78.51083292 0.05154635166
357 -78.736214 0.05090547472
358 -78.94889776 0.05030732133
359 -79.14933812 0.04974942791
360 -79.33799522 0.04922944932
361 -79.5153321 0.04874515734
362 -79.68181163 0.04829443837
363 -79.8378938 0.04787529061
364 -79.98403346 0.04748582074
365 -80.12067821 0.0471242402
366 -80.24826675 0.04678886134
367 -80.36722741 0.04647809322
368 -80.477977 0.04619043745
369 -80.58091983 0.04592448387
370 -80.67644704 0.04567890631
371 -80.76493601 0.04545245837
372 -80.84675002 0.04524396924
373 -80.92223805 0.04505233963
374 -80.99173465 0.04487653787
375 -81.05555998 0.04471559609
