0 -77.29908494 0.0551169564
1 -77.58298 0.05426058301
2 -77.85266844 0.05345821376
3 -78.10852437 0.05270692638
4 -78.35094423 0.05200391346
5 -78.58034233 0.05134648506
6 -78.79714673 0.05073206985
7 -79.00179539 0.05015821516
8 -79.19473261 0.04962258612
9 -79.37640589 0.04912296389
10 -79.547263 0.04865724327
11 -79.70774947 0.04822342977
12 -79.85830632 0.04781963621
13 -79.99936818 0.04744407902
14 -80.13136155 0.04709507432
15 -80.25470349 0.04677103385
16 -80.3698004 0.04647046073
17 -80.47704713 0.04619194528
18 -80.57682624 0.04593416079
19 -80.66950743 0.04569585939
20 -80.75544718 0.04547586791
21 -80.83498846 0.04527308394
22 -80.90846064 0.04508647195
23 -80.97617947 0.04491505953
24 -81.03844712 0.04475793387
25 -81.09555237 0.04461423823
26 -81.1477708 0.04448316875
27 -81.19536508 0.04436397125
28 -81.2385853 0.04425593826
29 -81.27766928 0.04415840625
30 -81.312843 0.04407075289
31 -81.34432098 0.04399239456
32 -81.37230667 0.04392278395
33 -81.39699292 0.04386140783
34 -81.4185624 0.04380778488
35 -81.43718801 0.04376146375
36 -81.45303331 0.04372202116
37 -81.46625296 0.04368906013
38 -81.47699313 0.04366220832
39 -81.48539191 0.04364111652
40 -81.4915797 0.04362545715
41 -81.49567952 0.04361492301
42 -81.49780704 0.0436092268
43 -81.49806726 0.04360810722
44 -81.49652217 0.04361139349
45 -81.49289596 0.04361959707
46 -81.4839152 0.04363925632
47 -81.43934039 0.04373118243
48 -81.08618406 0.04445014778
49 -77.97252024 0.05122378215
50 -50.65688726 0.1572515723
51 34.6705218 0.9922575452
52 38.58539956 0.9999410086
53 37.50487965 0.9999313145
54 35.30943333 0.9998982715
55 32.25404288 0.999822567
56 28.6505491 0.9996567728
57 24.81894734 0.9993089149
58 20.99554804 0.9986193803
59 17.3269626 0.9973443046
60 13.89732074 0.995164096
61 10.75286894 0.9917353969
62 7.915944588 0.9867848929
63 5.391473644 0.9802090429
64 3.170486118 0.9721255772
65 1.233354384 0.9628466146
66 -0.4465396057 0.9527920779
67 -1.899143534 0.9423912593
68 -3.154712329 0.932011591
69 -4.241747302 0.9219266522
70 -5.18586585 0.9123151106
71 -6.009379127 0.9032762007
72 -6.731321122 0.8948501922
73 -7.367720288 0.8870374015
74 -7.931972518 0.8798132707
75 -8.435232027 0.8731392522
76 -8.886777003 0.8669701639
77 -9.294331636 0.8612588922
78 -9.664339972 0.8559592357
79 -10.00219392 0.8510275066
80 -10.31242075 0.8464233308
81 -10.59883615 0.8421099504
82 -10.8646688 0.8380542289
83 -11.11266157 0.8342264877
84 -11.34515394 0.8306002564
85 -11.5641491 0.827151986
86 -11.77136886 0.8238607549
87 -11.96829864 0.8207079854
88 -12.15622454 0.8176771792
89 -12.33626395 0.8147536755
90 -12.50939094 0.8119244336
91 -12.67645746 0.8091778394
92 -12.83821098 0.8065035333
93 -12.9953094 0.8038922594
94 -13.14833356 0.801335732
95 -13.2977978 0.7988265187
96 -13.44415902 0.7963579384
97 -13.58782428 0.7939239707
98 -13.72915741 0.7915191772
99 -13.86848459 0.7891386326
100 -14.00609921 0.786777863
101 -14.14226604 0.7844327928
102 -14.27722486 0.7820996975
103 -14.41119358 0.7797751616
104 -14.544371 0.7774560421
105 -14.67693918 0.7751394354
106 -14.80906555 0.7728226488
107 -14.94090475 0.7705031742
108 -15.07260025 0.7681786653
109 -15.20428578 0.7658469171
110 -15.33608664 0.7635058471
111 -15.46812079 0.7611534792
112 -15.60049988 0.758787928
113 -15.73333017 0.756407386
114 -15.86671336 0.7540101106
115 -16.00074731 0.7515944133
116 -16.13552671 0.7491586491
117 -16.27114374 0.7467012069
118 -16.4076886 0.7442205009
119 -16.54525004 0.7417149623
120 -16.68391588 0.7391830315
121 -16.82377341 0.7366231508
122 -16.96490991 0.7340337577
123 -17.10741298 0.731413278
124 -17.25137098 0.7287601199
125 -17.39687341 0.7260726674
126 -17.54401125 0.7233492744
127 -17.69287739 0.7205882591
128 -17.84356692 0.7177878981
129 -17.99617752 0.7149464206
130 -18.15080986 0.7120620026
131 -18.30756787 0.7091327614
132 -18.4665592 0.7061567497
133 -18.62789555 0.70313195
134 -18.79169306 0.7000562685
135 -18.9580727 0.6969275293
136 -19.1271607 0.6937434683
137 -19.29908893 0.6905017273
138 -19.4739954 0.6871998476
139 -19.65202463 0.683835264
140 -19.83332819 0.6804052981
141 -20.01806515 0.6769071524
142 -20.20640259 0.6733379037
143 -20.39851612 0.6696944967
144 -20.59459046 0.6659737382
145 -20.79481996 0.6621722906
146 -20.99940916 0.6582866662
147 -21.20857345 0.6543132223
148 -21.42253963 0.6502481554
149 -21.64154649 0.6460874977
150 -21.86584549 0.6418271133
151 -22.09570135 0.6374626957
152 -22.33139263 0.6329897671
153 -22.57321232 0.6284036787
154 -22.8214684 0.6236996134
155 -23.07648435 0.6188725904
156 -23.33859955 0.6139174733
157 -23.60816968 0.6088289808
158 -23.88556695 0.603601702
159 -24.17118017 0.5982301155
160 -24.46541478 0.5927086147
161 -24.76869251 0.5870315379
162 -25.08145091 0.5811932062
163 -25.40414255 0.5751879687
164 -25.73723389 0.5690102557
165 -26.08120372 0.5626546416
166 -26.43654121 0.5561159176
167 -26.80374339 0.5493891749
168 -27.18331211 0.5424698989
169 -27.5757503 0.5353540743
170 -27.98155764 0.5280383021
171 -28.40122546 0.5205199253
172 -28.83523086 0.5127971658
173 -29.28403016 0.504869267
174 -29.74805152 0.4967366424
175 -30.22768693 0.4884010255
176 -30.72328357 0.4798656169
177 -31.23513467 0.4711352241
178 -31.76347012 0.4622163883
179 -32.30844696 0.453117491
180 -32.87014011 0.4438488345
181 -33.44853353 0.4344226896
182 -34.04351236 0.4248533035
183 -34.65485622 0.4151568619
184 -35.28223414 0.4053514022
185 -35.92520149 0.3954566746
186 -36.58319914 0.3854939497
187 -37.25555525 0.3754857767
188 -37.94148967 0.3654556958
189 -38.64012113 0.3554279119
190 -39.35047707 0.3454269415
191 -40.07150596 0.3354772421
192 -40.80209171 0.3256028389
193 -41.54106981 0.3158269615
194 -42.28724461 0.3061717041
195 -43.03940722 0.29665772
196 -43.79635338 0.2873039613
197 -44.5569008 0.2781274699
198 -45.31990525 0.2691432257
199 -46.08427525 0.260364052
200 -46.84898462 0.2518005774
201 -47.61308297 0.2434612516
202 -48.37570367 0.235352408
203 -49.13606951 0.2274783674
204 -49.89349581 0.2198415751
205 -50.64739132 0.2124427628
206 -51.39725693 0.2052811286
207 -52.14268235 0.198354527
208 -52.88334107 0.1916596638
209 -53.61898385 0.1851922892
210 -54.34943079 0.1789473853
211 -55.07456236 0.1729193442
212 -55.79430959 0.1671021347
213 -56.50864346 0.1614894545
214 -57.21756396 0.1560748677
215 -57.92108874 0.1508519263
216 -58.61924168 0.1458142747
217 -59.31204167 0.1409557385
218 -59.99949161 0.136270396
219 -60.68156801 0.1317526335
220 -61.35821144 0.1273971854
221 -62.02931799 0.1231991581
222 -62.69473201 0.1191540398
223 -63.35424045 0.1152576966
224 -64.00756893 0.1115063563
225 -64.65437969 0.1078965813
226 -65.29427164 0.1044252322
227 -65.92678251 0.1010894246
228 -66.55139303 0.09788648017
229 -67.16753313 0.09481387565
230 -67.77458989 0.09186919073
231 -68.37191709 0.08905005767
232 -68.95884584 0.08635411442
233 -69.53469616 0.08377896292
234 -70.09878893 0.08132213381
235 -70.65045789 0.07898105849
236 -71.1890612 0.07675304906
237 -71.71399238 0.07463528594
238 -72.22469012 0.07262481317
239 -72.72064684 0.07071854047
240 -73.20141577 0.06891325136
241 -73.66661651 0.06720561623
242 -74.11593889 0.0655922093
243 -74.54914529 0.06406952831
244 -74.96607148 0.06263401599
245 -75.366626 0.06128208217
246 -75.75078834 0.06001012589
247 -76.11860601 0.05881455671
248 -76.47019077 0.0576918147
249 -76.80571411 0.05663838873
250 -77.12540225 0.05565083278
251 -77.42953075 0.05472578016
252 -77.71841895 0.05385995551
253 -77.99242433 0.05305018472
254 -78.25193692 0.05229340273
255 -78.49737392 0.05158665946
256 -78.72917445 0.05092712398
257 -78.94779468 0.05031208705
258 -79.1537033 0.04973896232
259 -79.34737725 0.04920528631
260 -79.52929799 0.04870871734
261 -79.69994802 0.04824703361
262 -79.85980788 0.04781813057
263 -80.00935346 0.0474200177
264 -80.14905371 0.04705081492
265 -80.27936868 0.04670874857
266 -80.40074789 0.04639214723
267 -80.51362893 0.04609943737
268 -80.61843642 0.04582913885
269 -80.71558115 0.04557986051
270 -80.80545943 0.04535029572
271 -80.88845267 0.04513921799
272 -80.96492685 0.04494547717
273 -81.03523056 0.04476799906
274 -81.09967868 0.04460581486
275 -81.15840907 0.0444583502
276 -81.21012294 0.04432798893
277 -81.24100717 0.04424260649
278 -81.12726587 0.04445452203
279 -79.77795995 0.04727196413
280 -67.68223477 0.08044616348
281 19.42561545 0.838300009
282 38.36590625 0.9999043608
283 37.92733676 0.9999360656
284 36.00608664 0.9999103396
285 33.0885461 0.9998479096
286 29.47346116 0.9997055968
287 25.514391 0.9993933729
288 21.4984226 0.99874435
289 17.61288623 0.9974873747
290 13.96768012 0.9952467434
291 10.62366701 0.991597968
292 7.61064994 0.9861853853
293 4.936241625 0.9788572529
294 2.590762761 0.9697408162
295 0.5516291493 0.9592102064
296 -1.211856187 0.947772231
297 -2.733891776 0.935938425
298 -4.048537148 0.9241368969
299 -5.187375703 0.9126772485
300 -6.178352465 0.9017543622
301 -7.045447937 0.8914708023
302 -7.808846228 0.8818631613
303 -8.48534184 0.8729250454
304 -9.088824927 0.8646244548
305 -9.630757949 0.8569158193
306 -10.12060355 0.8497478163
307 -10.56619023 0.8430681712
308 -10.97401612 0.8368264289
309 -11.34949706 0.8309754168
310 -11.69716738 0.825471897
311 -12.02084163 0.8202767343
312 -12.32374455 0.8153547871
313 -12.60861576 0.8106746531
314 -12.87779409 0.8062083481
315 -13.13328584 0.8019309641
316 -13.37682019 0.7978203341
317 -13.6098943 0.7938567172
318 -13.83381039 0.7900225103
319 -14.04970605 0.7863019892
320 -14.25857945 0.7826810778
321 -14.4613102 0.7791471449
322 -14.65867673 0.7756888248
323 -14.85137089 0.7722958604
324 -15.04001026 0.7689589657
325 -15.22514846 0.7656697053
326 -15.40728403 0.7624203888
327 -15.58686792 0.7592039785
328 -15.76430993 0.7560140077
329 -15.93998423 0.7528445096
330 -16.11423419 0.7496899539
331 -16.28737651 0.7465451909
332 -16.45970482 0.7434054023
333 -16.63149289 0.7402660568
334 -16.8029974 0.737122871
335 -16.97446041 0.7339717737
336 -17.14611154 0.7308088746
337 -17.31816998 0.7276304352
338 -17.49084621 0.724432843
339 -17.66434361 0.7212125874
340 -17.83885992 0.7179662379
341 -18.01458856 0.7146904237
342 -18.19171991 0.7113818156
343 -18.37044241 0.7080371078
344 -18.55094365 0.7046530017
345 -18.73341141 0.7012261907
346 -18.91803461 0.697753345
347 -19.10500425 0.6942310981
348 -19.29451434 0.690656033
349 -19.48676274 0.6870246697
350 -19.68195203 0.6833334524
351 -19.88029042 0.6795787381
352 -20.0819925 0.6757567847
353 -20.28728017 0.67186374
354 -20.4963834 0.6678956317
355 -20.70954115 0.6638483569
356 -20.92700211 0.6597176728
357 -21.14902562 0.6554991887
358 -21.37588246 0.6511883574
359 -21.60785566 0.6467804697
360 -21.84524134 0.6422706482
361 -22.08834946 0.6376538446
362 -22.3375046 0.6329248373
363 -22.59304665 0.6280782326
364 -22.85533143 0.6231084682
365 -23.12473131 0.6180098199
366 -23.40163556 0.6127764128
367 -23.68645076 0.6074022367
368 -23.97960089 0.6018811676
369 -24.28152724 0.5962069944
370 -24.59268814 0.590373454
371 -24.91355829 0.584374274
372 -25.24462777 0.5782032242
373 -25.58640063 0.5718541797
374 -25.93939299 0.5653211932
375 -26.30413057 0.5585985807
376 -26.68114559 0.5516810193
377 -27.07097301 0.544563658
378 -27.47414596 0.5372422419
379 -27.89119043 0.5297132485
380 -28.32261907 0.5219740357
381 -28.76892412 0.5140229998
382 -29.23056956 0.5058597402
383 -29.70798247 0.4974852274
384 -30.20154361 0.4889019704
385 -30.71157759 0.4801141759
386 -31.23834263 0.4711278958
387 -31.78202022 0.4619511524
388 -32.34270508 0.4525940353
389 -32.92039566 0.4430687626
390 -33.51498565 0.4333896968
391 -34.12625691 0.4235733112
392 -34.75387417 0.4136381001
393 -35.39738201 0.4036044305
394 -36.05620429 0.3934943359
395 -36.72964642 0.3833312533
396 -37.41690056 0.3731397108
397 -38.11705363 0.3629449731
398 -38.82909831 0.3527726585
399 -39.55194636 0.3426483381
400 -40.28444429 0.3325971338
401 -41.02539049 0.3226433298
402 -41.77355353 0.3128100103
403 -42.52769091 0.3031187372
404 -43.28656756 0.2935892775
405 -44.0489736 0.2842393871
406 -44.8137408 0.2750846558
407 -45.57975724 0.266138414
408 -46.34597994 0.257411699
409 -47.11144506 0.2489132767
410 -47.87527567 0.2406497132
411 -48.63668707 0.2326254868
412 -49.39498961 0.2248431349
413 -50.14958919 0.2173034249
414 -50.89998564 0.210005543
415 -51.64576916 0.2029472924
416 -52.38661505 0.1961252953
417 -53.1222769 0.1895351929
418 -53.85257857 0.183171838
419 -54.57740509 0.1770294789
420 -55.29669275 0.1711019294
421 -56.01041851 0.1653827256
422 -56.71858902 0.1598652658
423 -57.42122934 0.1545429343
424 -58.11837165 0.1494092086
425 -58.81004408 0.1444577487
426 -59.49625998 0.1396824704
427 -60.17700771 0.1350776009
428 -60.85224138 0.1306377188
429 -61.52187257 0.1263577785
430 -62.18576343 0.1222331194
431 -62.84372131 0.1182594617
432 -63.49549511 0.1144328899
433 -64.1407735 0.1107498252
434 -64.77918508 0.1072069897
435 -65.41030061 0.1038013623
436 -66.03363706 0.1005301317
437 -66.64866358 0.09739064483
438 -67.25480903 0.09438035709
439 -67.85147092 0.09149678264
440 -68.43802533 0.08873744934
441 -69.01383762 0.08609985848
442 -69.57827339 0.08358145101
443 -70.13070949 0.08117958085
444 -70.67054453 0.07889149569
445 -71.19720883 0.07671432526
446 -71.71017336 0.07464507674
447 -72.20895744 0.07268063658
448 -72.69313531 0.07081777795
449 -73.16234107 0.06905317284
450 -73.61627241 0.06738340774
451 -74.0546928 0.06580500186
452 -74.47743236 0.06431442699
453 -74.8843876 0.062908128
454 -75.2755199 0.06158254328
455 -75.65085317 0.06033412452
456 -76.01047066 0.05915935528
457 -76.3545111 0.05805476795
458 -76.68316445 0.057016959
459 -76.99666719 0.05604260221
460 -77.29529752 0.05512845995
461 -77.57937039 0.05427139244
462 -77.84923257 0.0534683652
463 -78.10525786 0.05271645463
464 -78.34784239 0.05201285202
465 -78.57740027 0.05135486604
466 -78.79435938 0.05073992399
467 -78.99915752 0.05016557182
468 -79.19223894 0.04962947328
469 -79.37405106 0.04912940819
470 -79.54504166 0.04866327001
471 -79.70565627 0.04822906294
472 -79.85633597 0.04782489855
473 -79.99751544 0.04744899205
474 -80.12962129 0.04709965839
475 -80.25307066 0.04677530817
476 -80.3682701 0.04647444343
477 -80.47561457 0.04619565347
478 -80.57548679 0.0459376106
479 -80.6682566 0.045699066
480 -80.75428062 0.04547884561
481 -80.83390201 0.04527584619
482 -80.90745028 0.0450890314
483 -80.97524133 0.04491742809
484 -81.03757752 0.04476012272
485 -81.09474776 0.0446162579
486 -81.1470278 0.04448502912
487 -81.19468047 0.04436568161
488 -81.23795599 0.04425750734
489 -81.27709235 0.04415984224
490 -81.31231566 0.04407206349
491 -81.34384057 0.04399358701
492 -81.37187068 0.04392386504
493 -81.39659896 0.04386238393
494 -81.4182082 0.04380866199
495 -81.43687142 0.0437622475
496 -81.45275229 0.04372271684
497 -81.46600558 0.04368967269
498 -81.47677757 0.04366274244
499 -81.48520645 0.04364157658
500 -81.49142269 0.04362584727
501 -81.49554943 0.04361524705
502 -81.4977024 0.0436094884
503 -81.49798669 0.04360830979
504 -81.49646437 0.04361154024
505 -81.49285978 0.04361969089
506 -81.48390005 0.04363929889
507 -81.4393507 0.04373116529
508 -81.08627098 0.04444996618
509 -77.97317264 0.05122226676
510 -50.66243536 0.1572197153
511 34.66890967 0.9922519028
512 38.58538262 0.9999410074
513 37.50494906 0.9999313153
514 35.30952558 0.9998982732
515 32.2541172 0.9998225695
516 28.65056792 0.9996567745
517 24.8188867 0.9993089086
518 20.99539861 0.9986193463
519 17.32672573 0.9973442
520 13.89700432 0.9951638441
521 10.75248434 0.9917348845
522 7.915504525 0.9867839814
523 5.390990526 0.9802075931
524 3.169970837 0.9721234777
525 1.232815629 0.9628437995
526 -0.4470955236 0.9527885287
527 -1.899712462 0.9423869939
528 -3.155291848 0.932006649
529 -4.242336255 0.9219210816
530 -5.186463924 0.9123089592
531 -6.009986528 0.9032695114
532 -6.731938336 0.8948430016
533 -7.368347928 0.8870297397
534 -7.932611219 0.8798051619
535 -8.435882394 0.8731307162
536 -8.887439574 0.8669612168
537 -9.295006874 0.8612495472
538 -9.665028256 0.8559495041
539 -10.00289555 0.851017398
540 -10.31313596 0.8464128535
541 -10.59956511 0.8420991119
542 -10.86541161 0.8380430359
543 -11.11341831 0.8342149463
544 -11.34592463 0.8305883724
545 -11.56493375 0.8271397644
546 -11.77216744 0.8238482006
547 -11.96911111 0.8206951029
548 -12.15705084 0.8176639726
549 -12.33710402 0.8147401485
550 -12.51024472 0.8119105896
551 -12.67732487 0.8091636815
552 -12.83909196 0.8064890644
553 -12.9962039 0.8038774818
554 -13.14924151 0.8013206477
555 -13.29871917 0.7988111295
556 -13.44509377 0.7963422457
557 -13.5887724 0.7939079754
558 -13.73011888 0.7915028802
559 -13.86945942 0.789122034
560 -14.00708742 0.7867609627
561 -14.14326766 0.7844155906
562 -14.27823996 0.7820821925
563 -14.41222222 0.7797573526
564 -14.54541327 0.7774379276
565 -14.67799519 0.7751210135
566 -14.81013542 0.7728039172
567 -14.94198863 0.7704841302
568 -15.0736983 0.7681593059
569 -15.2053982 0.7658272387
570 -15.33721362 0.7634858459
571 -15.46926256 0.7611331508
572 -15.6016567 0.7587672678
573 -15.73450231 0.7563863887
574 -15.86790112 0.7539887707
575 -16.00195101 0.7515727247
576 -16.1367467 0.7491366052
577 -16.27238039 0.7466788007
578 -16.4089423 0.7441977249
579 -16.54652123 0.7416918085
580 -16.68520501 0.7391594912
581 -16.82508099 0.7365992149
582 -16.96623644 0.7340094165
583 -17.10875902 0.7313885213
584 -17.25273711 0.7287349367
585 -17.39826026 0.726047046
586 -17.54541948 0.7233232025
587 -17.6943077 0.7205617239
588 -17.84502006 0.7177608858
589 -17.99765428 0.7149189166
590 -18.15231107 0.7120339917
591 -18.30909441 0.7091042274
592 -18.46811201 0.7061276757
593 -18.62947562 0.7031023179
594 -18.79330143 0.7000260593
595 -18.95971048 0.6968967231
596 -19.12882906 0.693712044
597 -19.30078912 0.6904696628
598 -19.47572871 0.6871671196
599 -19.65379246 0.6838018479
600 -19.835132 0.6803711681
601 -20.01990648 0.6768722813
602 -20.20828307 0.673302263
603 -20.4004375 0.6696580564
604 -20.59655456 0.6659364668
605 -20.79682871 0.6621341551
606 -21.00146461 0.6582476321
607 -21.21067776 0.6542732531
608 -21.42469506 0.6502072133
609 -21.64375545 0.6460455431
610 -21.86811053 0.6417841046
611 -22.09802514 0.6374185899
612 -22.33377798 0.6329445193
613 -22.57566221 0.6283572423
614 -22.82398595 0.6236519401
615 -23.07907284 0.6188236302
616 -23.34126243 0.6138671748
617 -23.61091055 0.6087772913
618 -23.88838959 0.6035485673
619 -24.17408853 0.5981754808
620 -24.46841296 0.5926524242
621 -24.77178478 0.5869737356
622 -25.08464169 0.5811337362
623 -25.40743641 0.5751267755
624 -25.74063552 0.5689472852
625 -26.08471794 0.5625898413
626 -26.44017292 0.5560492378
627 -26.80749756 0.5493205694
628 -27.18719373 0.5423993258
629 -27.57976435 0.5352814977
630 -27.98570905 0.5279636925
631 -28.40551903 0.5204432616
632 -28.83967123 0.5127184364
633 -29.28862172 0.5047884713
634 -29.75279833 0.4966537923
635 -30.23259267 0.4883161468
636 -30.7283514 0.4797787507
637 -31.24036718 0.4710464286
638 -31.76886922 0.4621257391
639 -32.3140138 0.4530250828
640 -32.87587494 0.4437547813
641 -33.45443569 0.4343271253
642 -34.04958017 0.4247563813
643 -34.66108692 0.4150587539
644 -35.28862384 0.4052522985
645 -35.93174518 0.3953567811
646 -36.58989068 0.3853934864
647 -37.2623874 0.3753849749
648 -37.94845414 0.3653547948
649 -38.64720869 0.3553271559
650 -39.35767763 0.3453265757
651 -40.07880873 0.3353775093
652 -40.80948534 0.3255039756
653 -41.54854255 0.3157291945
654 -42.29478449 0.3060752471
655 -43.04700224 0.296562771
656 -43.80399169 0.2872107
657 -44.56457081 0.2780360564
658 -45.32759587 0.2690537988
659 -46.09197595 0.2602767286
660 -46.85668559 0.2517154528
661 -47.62077519 0.2433783994
662 -48.38337899 0.2352718813
663 -49.14372068 0.2274001999
664 -49.90111651 0.2197657826
665 -50.65497617 0.2123693448
666 -51.40480142 0.2052100703
667 -52.15018284 0.1982858014
668 -52.89079474 0.1915932332
669 -53.62638859 0.1851281074
670 -54.35678514 0.1788853994
671 -55.08186541 0.1728594962
672 -55.80156086 0.1670443632
673 -56.51584285 0.1614336961
674 -57.22471157 0.1560210584
675 -57.92818478 0.1508000025
676 -58.62628638 0.1457641742
677 -59.31903513 0.1409074012
678 -60.00643372 0.1362237647
679 -60.68845834 0.1317076543
680 -61.36504916 0.1273538081
681 -62.03610176 0.1231573361
682 -62.70145994 0.1191137305
683 -63.36091006 0.115218861
684 -64.01417709 0.111468959
685 -64.66092261 0.10786059
686 -65.30074493 0.1043906173
687 -65.93318115 0.1010561589
688 -66.55771145 0.09785453819
689 -67.17376529 0.09478323325
690 -67.78072935 0.09183982449
