0 -50.7154293 0.2117761914
1 -51.45852052 0.2046956052
2 -52.19674308 0.1978502858
3 -52.92984454 0.1912360456
4 -53.65764354 0.1848478868
5 -54.38002097 0.1786801842
6 -55.09691028 0.1727268562
7 -55.80828712 0.1669815218
8 -56.51415853 0.1614376421
9 -57.21455182 0.1560886455
10 -57.90950341 0.1509280362
11 -58.59904777 0.1459494866
12 -59.28320669 0.1411469117
13 -59.96197908 0.1365145284
14 -60.6353316 0.1320468971
15 -61.30319033 0.1277389491
16 -61.9654336 0.1235859986
17 -62.62188637 0.1195837407
18 -63.2723163 0.1157282376
19 -63.91643153 0.1120158935
20 -64.55388049 0.1084434198
21 -65.18425356 0.1050077936
22 -65.80708675 0.1017062111
23 -66.42186707 0.09853603768
24 -67.02803967 0.0954947572
25 -67.62501627 0.09257992315
26 -68.21218473 0.08978911254
27 -68.78891937 0.08711988473
28 -69.35459173 0.08456974636
29 -69.90858132 0.08213612314
30 -70.45028615 0.07981633893
31 -70.97913264 0.07760760227
32 -71.49458459 0.075507
33 -71.99615116 0.07351149747
34 -72.48339356 0.07161794439
35 -72.95593042 0.06982308564
36 -73.4134417 0.0681235758
37 -73.85567134 0.06651599651
38 -74.28242854 0.06499687563
39 -74.69358774 0.06356270734
40 -75.08908764 0.06220997236
41 -75.46892909 0.06093515772
42 -75.83317229 0.0597347754
43 -76.18193323 0.0586053796
44 -76.51537966 0.05754358234
45 -76.83372667 0.0565460671
46 -77.13723202 0.05560960058
47 -77.42619135 0.05473104255
48 -77.70093338 0.05390735372
49 -77.96181516 0.0531356019
50 -78.20921751 0.05241296651
51 -78.44354056 0.05173674154
52 -78.66519968 0.05110433725
53 -78.87462154 0.05051328063
54 -79.07224061 0.04996121491
55 -79.25849584 0.04944589815
56 -79.43382778 0.04896520118
57 -79.59867594 0.04851710494
58 -79.75347646 0.0480996973
59 -79.89866011 0.04771116964
60 -80.03465055 0.04734981303
61 -80.16186282 0.04701401435
62 -80.28070217 0.04670225217
63 -80.39156298 0.04641309271
64 -80.49482798 0.04614518565
65 -80.59086764 0.04589726008
66 -80.68003967 0.04566812044
67 -80.76268876 0.0454566426
68 -80.83914633 0.04526177
69 -80.9097305 0.04508250996
70 -80.97474609 0.04491793009
71 -81.03448475 0.04476715487
72 -81.08922511 0.04462936236
73 -81.13923301 0.04450378103
74 -81.1847618 0.04438968688
75 -81.22605252 0.04428640079
76 -81.26333311 0.04419328813
77 -81.29680879 0.04410977659
78 -81.32657268 0.0440355355
79 -81.35180444 0.04397209517
80 -81.36361313 0.04393731292
81 -81.28118325 0.04409478688
82 -80.38290876 0.0459424955
83 -72.27667361 0.06597665054
84 -6.292568838 0.566980175
85 38.04591467 0.9997675796
86 38.21125559 0.9999390197
87 36.54217685 0.999918535
88 33.85471012 0.999867629
89 30.41720583 0.9997520163
90 26.57418127 0.9994992158
91 22.62349193 0.9989731774
92 18.76574429 0.9979480689
93 15.12029175 0.9960999788
94 11.75423646 0.9930419601
95 8.702483677 0.9884155159
96 5.977867953 0.9820132118
97 3.57613653 0.9738693834
98 1.479729184 0.9642636171
99 -0.3380803302 0.9536377098
100 -1.908873961 0.9424781258
101 -3.265366534 0.9312198611
102 -4.438769085 0.9201966234
103 -5.457284542 0.9096321187
104 -6.345496293 0.8996551526
105 -7.124336705 0.8903230874
106 -7.811371041 0.881644549
107 -8.421215774 0.8735976784
108 -8.965984341 0.8661433361
109 -9.455705336 0.8592339974
110 -9.898689926 0.8528194094
111 -10.30184277 0.8468499912
112 -10.67091936 0.841278738
113 -11.01073621 0.8360621707
114 -11.3253414 0.8311606987
115 -11.61815236 0.8265386366
116 -11.8920672 0.8221640271
117 -12.14955471 0.8180083653
118 -12.39272735 0.8140462835
119 -12.62340053 0.8102552282
120 -12.843141 0.80661515
121 -13.05330651 0.8031082151
122 -13.25507841 0.7997185431
123 -13.4494886 0.7964319725
124 -13.63744194 0.7932358512
125 -13.81973483 0.7901188531
126 -13.99707085 0.7870708156
127 -14.17007386 0.7840825974
128 -14.33929911 0.7811459543
129 -14.50524258 0.77825343
130 -14.668349 0.7753982603
131 -14.82901866 0.7725742894
132 -14.98761325 0.7697758963
133 -15.14446092 0.7669979301
134 -15.29986059 0.7642356528
135 -15.45408576 0.7614846891
136 -15.60738779 0.7587409816
137 -15.75999873 0.7560007518
138 -15.91213386 0.7532604642
139 -16.06399391 0.7505167957
140 -16.21576701 0.7477666069
141 -16.36763042 0.7450069172
142 -16.51975207 0.7422348821
143 -16.67229198 0.7394477726
144 -16.82540347 0.7366429564
145 -16.97923432 0.733817881
146 -17.13392778 0.7309700579
147 -17.28962353 0.7280970482
148 -17.44645853 0.7251964495
149 -17.60456783 0.722265883
150 -17.76408533 0.719302982
151 -17.9251445 0.716305381
152 -18.08787902 0.713270705
153 -18.25242345 0.7101965596
154 -18.41891384 0.7070805215
155 -18.58748834 0.7039201293
156 -18.75828775 0.700712874
157 -18.93145616 0.6974561913
158 -19.10714147 0.694147452
159 -19.28549597 0.6907839542
160 -19.46667695 0.6873629151
161 -19.6508472 0.6838814626
162 -19.83817566 0.6803366279
163 -20.028838 0.676725337
164 -20.22301716 0.6730444035
165 -20.42090402 0.6692905214
166 -20.62269801 0.6654602573
167 -20.82860768 0.6615500441
168 -21.03885141 0.6575561743
169 -21.25365802 0.6534747944
170 -21.47326742 0.6493018993
171 -21.69793125 0.645033328
172 -21.92791356 0.6406647603
173 -22.16349141 0.6361917146
174 -22.40495549 0.6316095473
175 -22.65261074 0.6269134538
176 -22.90677684 0.6220984725
177 -23.16778876 0.6171594899
178 -23.4359971 0.6120912508
179 -23.71176848 0.6068883703
180 -23.99548568 0.601545351
181 -24.28754768 0.5960566052
182 -24.58836955 0.5904164819
183 -24.89838206 0.5846193009
184 -25.21803106 0.5786593933
185 -25.5477765 0.572531151
186 -25.88809117 0.5662290836
187 -26.23945895 0.5597478855
188 -26.60237261 0.5530825133
189 -26.97733107 0.546228273
190 -27.36483609 0.539180919
191 -27.76538829 0.5319367635
192 -28.17948249 0.5244927959
193 -28.60760234 0.5168468134
194 -29.05021419 0.5089975581
195 -29.50776019 0.5009448614
196 -29.98065075 0.4926897907
197 -30.4692563 0.4842347969
198 -30.9738985 0.4755838562
199 -31.49484111 0.4667426017
200 -32.03228056 0.4577184397
201 -32.58633667 0.4485206429
202 -33.15704362 0.439160415
203 -33.74434161 0.429650919
204 -34.3480695 0.4200072644
205 -34.96795889 0.4102464473
206 -35.60362992 0.4003872403
207 -36.25458913 0.3904500305
208 -36.92022975 0.3804566064
209 -37.59983453 0.3704298967
210 -38.29258137 0.3603936675
211 -38.99755147 0.3503721859
212 -39.71374026 0.3403898603
213 -40.44007048 0.3304708713
214 -41.17540729 0.3206388036
215 -41.91857489 0.3109162949
216 -42.66837397 0.3013247122
217 -43.42359956 0.2918838678
218 -44.18305872 0.2826117817
219 -44.94558725 0.2735244991
220 -45.71006528 0.2646359641
221 -46.47543092 0.2559579504
222 -47.24069207 0.2475000476
223 -48.00493572 0.2392696977
224 -48.767335 0.2312722762
225 -49.52715373 0.2235112106
226 -50.28374857 0.215988129
227 -51.03656895 0.2087030297
228 -51.78515493 0.2016544662
229 -52.52913312 0.194839739
230 -53.268211 0.1882550896
231 -54.00216973 0.1818958913
232 -54.73085583 0.175756832
233 -55.45417179 0.1698320875
234 -56.17206594 0.1641154807
235 -56.88452167 0.1586006278
236 -57.59154631 0.1532810674
237 -58.29315977 0.148150375
238 -58.9893832 0.1432022592
239 -59.68022785 0.1384306433
240 -60.36568436 0.1338297289
241 -61.04571272 0.1293940442
242 -61.72023316 0.1251184767
243 -62.38911814 0.1209982908
244 -63.05218582 0.1170291313
245 -63.7091951 0.1132070144
246 -64.3598425 0.1095283061
247 -65.00376104 0.1059896914
248 -65.64052116 0.1025881349
249 -66.26963377 0.09932083505
250 -66.89055528 0.09618517451
251 -67.50269463 0.09317866847
252 -68.10542195 0.09029891343
253 -68.69807858 0.08754353834
254 -69.27998826 0.08491015996
255 -69.85046886 0.08239634389
256 -70.40884447 0.07999957253
257 -70.95445731 0.07771722046
258 -71.48667907 0.07554653776
259 -72.00492145 0.07348464095
260 -72.50864552 0.07152851122
261 -72.99736966 0.06967499916
262 -73.47067607 0.06792083504
263 -73.92821557 0.06626264362
264 -74.36971083 0.06469696234
265 -74.79495806 0.06322026183
266 -75.20382712 0.06182896771
267 -75.5962604 0.06051948271
268 -75.97227046 0.05928820853
269 -76.33193664 0.05813156652
270 -76.67540092 0.05704601703
271 -77.00286313 0.05602807682
272 -77.31457567 0.05507433445
273 -77.61083799 0.05418146353
274 -77.89199094 0.05334623382
275 -78.15841106 0.0525655202
276 -78.41050505 0.05183630961
277 -78.64870433 0.05115570622
278 -78.87346002 0.05052093482
279 -79.08523807 0.04992934278
280 -79.28451484 0.04937840066
281 -79.47177311 0.04886570168
282 -79.64749833 0.0483889603
283 -79.81217542 0.04794600988
284 -79.96628586 0.04753479983
285 -80.11030519 0.04715339218
286 -80.24470087 0.04679995774
287 -80.36993044 0.04647277201
288 -80.48644004 0.0461702109
289 -80.59466315 0.04589074628
290 -80.69501965 0.04563294151
291 -80.78791508 0.04539544698
292 -80.87374009 0.04517699564
293 -80.95287014 0.04497639867
294 -81.02566526 0.04479254117
295 -81.09247 0.04462437809
296 -81.15361355 0.04447093016
297 -81.20940986 0.04433128015
298 -81.26015792 0.04420456911
299 -81.30614205 0.04408999289
300 -81.3476323 0.04398679881
301 -81.38488487 0.04389428249
302 -81.41814255 0.0438117848
303 -81.44763522 0.04373868907
304 -81.4735803 0.0436744184
305 -81.49618326 0.04361843319
306 -81.5156377 0.04357022963
307 -81.53212218 0.04352934476
308 -81.54576824 0.04349541958
309 -81.55637166 0.04346877662
310 -81.56081873 0.04345557479
311 -81.53016087 0.04351377752
312 -81.20536973 0.04416726321
313 -78.28142588 0.05046889506
314 -52.71196694 0.1456972907
315 34.02362393 0.989765778
316 38.56575125 0.9999403279
317 37.50500671 0.9999313131
318 35.29355955 0.9998980204
319 32.19738455 0.9998208673
320 28.53378614 0.9996497919
321 24.63247379 0.9992862008
322 20.73882295 0.998556854
323 17.00579689 0.997195029
324 13.52131226 0.9948508613
325 10.33340771 0.9911519197
326 7.464605906 0.9858104886
327 4.918715374 0.9787334153
328 2.684751231 0.9700720739
329 0.7406855456 0.960182724
330 -0.9424076444 0.9495248804
331 -2.396380368 0.9385539724
332 -3.65287424 0.9276491245
333 -4.741289498 0.9170849091
334 -5.687753743 0.9070350372
335 -6.514811848 0.8975915455
336 -7.241551868 0.8887874786
337 -7.883949415 0.880616926
338 -8.455290637 0.8730503996
339 -8.966595289 0.8660456521
340 -9.427001906 0.8595548241
341 -9.844100918 0.8535289123
342 -10.22421421 0.8479204044
343 -10.57262559 0.8426847106
344 -10.89376876 0.8377808349
345 -11.19137986 0.8331715837
346 -11.46862093 0.8288235031
347 -11.72817984 0.8247066695
348 -11.97235132 0.8207944071
349 -12.20310279 0.8170629802
350 -12.42212805 0.8134912855
351 -12.63089126 0.8100605597
352 -12.83066297 0.8067541094
353 -13.02255 0.8035570673
354 -13.20752008 0.800456173
355 -13.38642241 0.797439579
356 -13.56000485 0.7944966796
357 -13.72892831 0.7916179602
358 -13.89377893 0.7887948648
359 -14.05507832 0.7860196804
360 -14.21329231 0.7832854348
361 -14.36883842 0.7805858075
362 -14.52209216 0.7779150519
363 -14.67339257 0.7752679254
364 -14.82304691 0.7726396299
365 -14.97133471 0.7700257575
366 -15.11851139 0.7674222438
367 -15.26481125 0.7648253259
368 -15.41045024 0.7622315052
369 -15.55562831 0.7596375145
370 -15.70053146 0.7570402885
371 -15.84533365 0.7544369373
372 -15.99019836 0.751824723
373 -16.13528012 0.7492010379
374 -16.28072575 0.7465633854
375 -16.42667562 0.7439093625
376 -16.57326461 0.7412366434
377 -16.72062317 0.7385429652
378 -16.86887816 0.735826114
379 -17.01815366 0.7330839125
380 -17.16857174 0.7303142079
381 -17.32025318 0.7275148614
382 -17.47331809 0.7246837372
383 -17.6278866 0.7218186929
384 -17.78407939 0.71891757
385 -17.94201833 0.7159781844
386 -18.101827 0.7129983182
387 -18.26363126 0.7099757102
388 -18.4275598 0.7069080481
389 -18.59374463 0.7037929597
390 -18.7623217 0.7006280048
391 -18.93343134 0.6974106667
392 -19.1072189 0.6941383443
393 -19.28383523 0.6908083436
394 -19.46343732 0.6874178697
395 -19.6461888 0.6839640182
396 -19.83226061 0.680443767
397 -20.02183155 0.6768539684
398 -20.21508896 0.6731913406
399 -20.41222932 0.6694524596
400 -20.61345898 0.6656337515
401 -20.81899478 0.6617314844
402 -21.02906477 0.6577417617
403 -21.24390893 0.6536605145
404 -21.46377991 0.6494834963
405 -21.6889437 0.6452062771
406 -21.91968041 0.6408242394
407 -22.15628496 0.6363325757
408 -22.39906774 0.6317262872
409 -22.64835531 0.6270001852
410 -22.90449096 0.6221488949
411 -23.16783525 0.6171668625
412 -23.43876642 0.6120483661
413 -23.71768069 0.6067875308
414 -24.00499237 0.60137835
415 -24.30113382 0.5958147117
416 -24.6065551 0.5900904328
417 -24.92172334 0.5841993011
418 -25.2471218 0.5781351264
419 -25.58324841 0.571891802
420 -25.93061395 0.565463377
421 -26.28973955 0.5588441412
422 -26.66115368 0.5520287215
423 -27.04538835 0.5450121935
424 -27.4429746 0.5377902042
425 -27.8544372 0.5303591091
426 -28.28028844 0.522716121
427 -28.72102113 0.514859468
428 -29.17710068 0.5067885603
429 -29.64895645 0.49850416
430 -30.13697241 0.4900085505
431 -30.64147715 0.4813057
432 -31.16273367 0.4724014113
433 -31.70092899 0.4633034516
434 -32.25616404 0.4540216545
435 -32.8284441 0.4445679855
436 -33.41767021 0.4349565635
437 -34.02363202 0.4252036318
438 -34.64600244 0.4153274744
439 -35.28433444 0.405348272
440 -35.93806043 0.3952879011
441 -36.60649434 0.3851696742
442 -37.28883672 0.375018032
443 -37.98418261 0.364858191
444 -38.6915323 0.3547157623
445 -39.4098046 0.3446163522
446 -40.13785222 0.33458516
447 -40.87447883 0.3246465879
448 -41.61845719 0.3148238772
449 -42.36854771 0.3051387825
450 -43.12351692 0.2956112953
451 -43.88215516 0.2862594231
452 -44.64329299 0.2770990291
453 -45.40581588 0.2681437331
454 -46.1686769 0.2594048723
455 -46.93090705 0.2508915169
456 -47.6916232 0.2426105363
457 -48.45003353 0.2345667059
458 -49.20544064 0.2267628493
459 -49.95724225 0.219200005
460 -50.7049299 0.211877612
461 -51.44808558 0.2047937052
462 -52.1863768 0.1979451157
463 -52.91955005 0.1913276688
464 -53.64742301 0.1849363769
465 -54.36987577 0.1787656225
466 -55.0868411 0.1728093296
467 -55.79829412 0.1670611205
468 -56.50424152 0.1615144574
469 -57.20471039 0.1561627686
470 -57.89973712 0.1509995567
471 -58.58935626 0.1460184911
472 -59.27358986 0.1412134831
473 -59.95243724 0.1365787448
474 -60.62586558 0.1321088317
475 -61.29380158 0.1277986699
476 -61.9561243 0.1236435679
477 -62.6126595 0.1196392158
478 -63.26317565 0.1157816708
479 -63.90738178 0.1120673323
480 -64.54492712 0.1084929078
481 -65.17540289 0.105055371
482 -65.7983458 0.1017519155
483 -66.41324354 0.09857990449
484 -67.01954179 0.09553682071
485 -67.61665266 0.09262021705
486 -68.20396427 0.08982767052
487 -68.78085106 0.08715674108
488 -69.34668452 0.08460493641
489 -69.90084397 0.08216968359
490 -70.44272709 0.07984830809
491 -70.97175979 0.07763802023
492 -71.48740528 0.07553590866
493 -71.98917204 0.07353894044
494 -72.47662046 0.07164396693
495 -72.94936832 0.06984773446
496 -73.4070947 0.0681468988
497 -73.84954259 0.06653804252
498 -74.27652025 0.06501769415
499 -74.68790121 0.06358234821
500 -75.08362325 0.06222848552
501 -75.46368635 0.06095259288
502 -75.8281499 0.0597511818
503 -76.17712911 0.0586208058
504 -76.51079104 0.05755807597
505 -76.82935013 0.05655967468
506 -77.13306355 0.05562236741
507 -77.42222646 0.05474301252
508 -77.69716714 0.05391856925
509 -77.95824228 0.05314610385
510 -78.20583237 0.05242279412
511 -78.44033734 0.05174593241
512 -78.66217233 0.05111292733
513 -78.87176391 0.0505213042
514 -79.06954645 0.04996870459
515 -79.25595888 0.04945288496
516 -79.43144174 0.04897171455
517 -79.59643457 0.04852317273
518 -79.75137358 0.04810534589
519 -79.89668964 0.04771642396
520 -80.03280651 0.04735469662
521 -80.16013938 0.0470185494
522 -80.27909365 0.04670645961
523 -80.39006385 0.04641699225
524 -80.4934329 0.04614879583
525 -80.58957144 0.04590059835
526 -80.67883738 0.0456712032
527 -80.76157557 0.04545948526
528 -80.83811765 0.04526438704
529 -80.90878192 0.04508491497
530 -80.97387339 0.04492013585
531 -81.03368389 0.04476917335
532 -81.08849224 0.0446312048
533 -81.13856447 0.04450545798
534 -81.1841541 0.04439120823
535 -81.22550234 0.04428777581
536 -81.2628373 0.04419452554
537 -81.29636436 0.04411088453
538 -81.32617682 0.04403652155
539 -81.35145485 0.04397296577
540 -81.36331078 0.04393806802
541 -81.28095822 0.0440953693
542 -80.38305799 0.04594229595
543 -72.27992355 0.06596748462
544 -6.318517459 0.5666942327
545 38.04536881 0.9997673076
546 38.21135203 0.9999390204
547 36.54240216 0.9999185383
548 33.85499159 0.9998676359
549 30.41747042 0.9997520287
550 26.574368 0.9994992339
551 22.62356509 0.9989731938
552 18.76569095 0.9979480558
553 15.1201142 0.9960998711
554 11.75394585 0.993041641
555 8.702095603 0.9884148174
556 5.977399429 0.9820119384
557 3.575603741 0.9738673515
558 1.479146019 0.9642606906
559 -0.3387029733 0.9536338161
560 -1.909528203 0.9424732502
561 -3.266047108 0.9312140294
562 -4.43947276 0.920189883
563 -5.458009543 0.9096245237
564 -6.346241822 0.8996467554
565 -7.125102574 0.8903139345
566 -7.812157417 0.8816346796
567 -8.422023006 0.8735871248
568 -8.966812852 0.8661321246
569 -9.456555556 0.8592221495
570 -9.899562255 0.8528069427
571 -10.30273756 0.8468369203
572 -10.6718369 0.8412650751
573 -11.01167675 0.8360479263
574 -11.32630512 0.8311458818
575 -11.6191394 0.8265232551
576 -11.89307766 0.8221480879
577 -12.15058867 0.8179918745
578 -12.39378486 0.8140292466
579 -12.62448161 0.8102376499
580 -12.84424567 0.8065970345
581 -13.05443478 0.8030895659
582 -13.25623029 0.7996993634
583 -13.45066411 0.7964122646
584 -13.6386411 0.7932156172
585 -13.82095766 0.7900980943
586 -13.9983174 0.7870495327
587 -14.1713442 0.7840607907
588 -14.34059332 0.7811236235
589 -14.50656077 0.7782305741
590 -14.66969129 0.7753748777
591 -14.83038521 0.772550378
592 -14.98900424 0.7697514533
593 -15.14587655 0.766972952
594 -15.30130111 0.7642101356
595 -15.45555145 0.7614586279
596 -15.60887894 0.7587143711
597 -15.76151569 0.7559735856
598 -15.91367702 0.7532327356
599 -16.06556368 0.7504884969
600 -16.21736385 0.7477377295
601 -16.36925482 0.744977452
602 -16.52140458 0.7422048191
603 -16.67397319 0.7394171008
604 -16.82711402 0.7366116641
605 -16.98097489 0.7337859554
606 -17.13569911 0.7309374855
607 -17.2914264 0.7280638144
608 -17.44829379 0.7251625386
609 -17.60643638 0.7222312784
610 -17.76598815 0.7192676659
611 -17.92708261 0.7162693345
612 -18.08985353 0.7132339079
613 -18.25443553 0.7101589906
614 -18.42096473 0.707042158
615 -18.58957936 0.7038809471
616 -18.76042032 0.7006728479
617 -18.93363177 0.6974152941
618 -19.10936171 0.6941056554
619 -19.28776253 0.690741228
620 -19.4689916 0.6873192276
621 -19.65321185 0.6838367804
622 -19.84059233 0.6802909154
623 -20.03130881 0.6766785571
624 -20.22554437 0.6729965169
625 -20.42349002 0.6692414868
626 -20.62534533 0.6654100313
627 -20.831319 0.6614985811
628 -21.04162957 0.6575034264
629 -21.25650602 0.6534207115
630 -21.47618843 0.6492464287
631 -21.70092863 0.6449764148
632 -21.93099084 0.6406063472
633 -22.16665232 0.6361317417
634 -22.40820397 0.6315479523
635 -22.65595094 0.6268501723
636 -22.91021312 0.6220334374
637 -23.1713257 0.6170926323
638 -23.43963952 0.6120224994
639 -23.71552141 0.6068176523
640 -23.9993544 0.6014725919
641 -24.29153769 0.5959817294
642 -24.59248658 0.590339413
643 -24.90263205 0.5845399622
644 -25.22242016 0.5785777086
645 -25.55231107 0.5724470452
646 -25.89277772 0.5661424835
647 -26.24430414 0.559658721
648 -26.6073832 0.5529907184
649 -26.9825139 0.5461337872
650 -27.37019801 0.5390836887
651 -27.7709361 0.5318367432
652 -28.18522289 0.5243899508
653 -28.61354184 0.5167411204
654 -29.05635899 0.5088890083
655 -29.51411614 0.5008334618
656 -29.98722319 0.4925755664
657 -30.47604996 0.4841177933
658 -30.98091739 0.4754641404
659 -31.50208834 0.4666202646
660 -32.03975829 0.4575935975
661 -32.59404592 0.4483934381
662 -33.16498416 0.4390310169
663 -33.75251187 0.4295195241
664 -34.35646646 0.4198740956
665 -34.97657804 0.4101117531
666 -35.61246516 0.4002512926
667 -36.2636328 0.3903131222
668 -36.92947264 0.380319048
669 -37.60926595 0.3702920124
670 -38.30218922 0.3602557908
671 -39.0073224 0.3502346547
672 -39.7236598 0.3402530121
673 -40.45012328 0.3303350375
674 -41.18557732 0.3205043051
675 -41.92884566 0.3107834372
676 -42.67872879 0.3011937811
677 -43.43402181 0.2917551257
678 -44.19353205 0.2824854651
679 -44.95609582 0.2734008161
680 -45.72059396 0.2645150931
681 -46.48596548 0.2558400397
682 -47.25121929 0.2473852155
683 -48.01544355 0.2391580331
684 -48.77781261 0.2311638403
685 -49.53759155 0.2234060389
686 -50.29413832 0.2158862329
687 -51.04690362 0.2086043996
688 -51.79542875 0.2015590738
689 -52.53934146 0.1947475399
690 -53.2783503 0.1881660263
