0 -69.41880291 0.0842871952
1 -69.97686273 0.08184330958
2 -70.52278742 0.07951319779
3 -71.05596496 0.07729421933
4 -71.57581727 0.07518360877
5 -72.08180931 0.07317847164
6 -72.57345701 0.07127578671
7 -73.05033383 0.06947241394
8 -73.51207578 0.06776510701
9 -73.95838505 0.06615052951
10 -74.38903213 0.06462527359
11 -74.80385652 0.06318588024
12 -75.20276621 0.06182886023
13 -75.58573599 0.06055071492
14 -75.95280478 0.05934795638
15 -76.30407217 0.05821712624
16 -76.63969427 0.05715481296
17 -76.95987914 0.05615766729
18 -77.26488178 0.05522241564
19 -77.55499909 0.05434587161
20 -77.83056461 0.0535249453
21 -78.09194337 0.05275665086
22 -78.33952688 0.0520381122
23 -78.5737283 0.05136656697
24 -78.79497788 0.05073936916
25 -79.00371864 0.05015399032
26 -79.20040251 0.04960801964
27 -79.38548666 0.04909916306
28 -79.55943029 0.04862524157
29 -79.72269173 0.04818418879
30 -79.87572588 0.04777404805
31 -80.01898197 0.047392969
32 -80.15290167 0.04703920392
33 -80.27791749 0.04671110378
34 -80.39445135 0.04640711419
35 -80.50291359 0.04612577113
36 -80.60370199 0.04586569685
37 -80.69720119 0.04562559556
38 -80.78378215 0.04540424934
39 -80.86380184 0.04520051403
40 -80.93760306 0.04501331529
41 -81.00551436 0.04484164469
42 -81.06785012 0.04468455605
43 -81.12491066 0.04454116184
44 -81.17698243 0.04441062974
45 -81.22433834 0.04429217942
46 -81.26723804 0.04418507938
47 -81.30592829 0.04408864402
48 -81.34064339 0.04400223082
49 -81.37160556 0.0439252377
50 -81.3990254 0.0438571005
51 -81.42310234 0.04379729063
52 -81.44402511 0.04374531282
53 -81.46197217 0.04370070304
54 -81.47711219 0.04366302653
55 -81.48960447 0.04363187591
56 -81.49959942 0.04360686947
57 -81.50723899 0.04358764953
58 -81.51265705 0.04357388091
59 -81.51597986 0.04356524949
60 -81.51732642 0.04356146086
61 -81.51680885 0.04356223906
62 -81.51453282 0.04356732541
63 -81.51059781 0.04357647742
64 -81.50509752 0.04358946771
65 -81.49812015 0.0436060831
66 -81.48974873 0.04362612366
67 -81.4800614 0.04364940191
68 -81.46913169 0.04367574198
69 -81.45702877 0.04370497893
70 -81.44381774 0.04373695801
71 -81.42955981 0.04377153403
72 -81.41431256 0.04380857078
73 -81.39813017 0.04384794044
74 -81.38106354 0.04388952313
75 -81.36316029 0.04393320681
76 -81.34446307 0.0439788907
77 -81.32499224 0.04402652011
78 -81.30458725 0.04407640792
79 -81.28145888 0.04413217139
80 -81.23899437 0.04422754811
81 -81.02555285 0.04467254638
82 -79.26123647 0.0484288212
83 -63.5483636 0.09541779665
84 28.72424015 0.9379405996
85 38.62597086 0.9999310927
86 37.96980909 0.9999366385
87 36.09669277 0.9999116946
88 33.33058184 0.9998540703
89 29.94838476 0.9997288903
90 26.26781008 0.9994680325
91 22.53943821 0.9989518322
92 18.92364838 0.9979929604
93 15.51349728 0.9963352153
94 12.36095407 0.9936826142
95 9.493283893 0.9897648961
96 6.920887268 0.9844220586
97 4.640906909 0.9776686178
98 2.639786182 0.9697020337
99 0.8961223073 0.9608517871
100 -0.6161792401 0.9514985121
101 -1.924969779 0.9420002462
102 -3.057584726 0.9326471934
103 -4.03937997 0.9236465286
104 -4.892984069 0.9151277888
105 -5.638069417 0.9071579601
106 -6.291444473 0.8997585457
107 -6.86731385 0.8929206378
108 -7.377604745 0.8866166406
109 -7.832300173 0.8808086796
110 -8.239748321 0.8754542828
111 -8.606935054 0.8705100222
112 -8.939716592 0.8659337206
113 -9.243014411 0.8616856922
114 -9.520976642 0.8577293547
115 -9.77711083 0.8540314465
116 -10.01439278 0.8505620057
117 -10.23535574 0.8472942133
118 -10.44216343 0.8442041654
119 -10.63667006 0.8412706152
120 -10.8204697 0.8384747096
121 -10.99493701 0.8357997345
122 -11.16126099 0.8332308769
123 -11.32047304 0.8307550062
124 -11.47347031 0.828360478
125 -11.6210353 0.8260369574
126 -11.7638523 0.8237752627
127 -11.90252122 0.8215672272
128 -12.03756934 0.8194055769
129 -12.16946122 0.8172838237
130 -12.29860719 0.8151961703
131 -12.42537054 0.8131374281
132 -12.55007376 0.8111029441
133 -12.67300379 0.809088537
134 -12.79441665 0.8070904412
135 -12.91454132 0.8051052572
136 -13.03358325 0.8031299084
137 -13.15172721 0.8011616029
138 -13.26913998 0.7991977992
139 -13.3859725 0.797236177
140 -13.5023619 0.7952746106
141 -13.61843317 0.7933111454
142 -13.73430069 0.7913439776
143 -13.85006954 0.7893714354
144 -13.9658367 0.7873919627
145 -14.08169203 0.7854041049
146 -14.19771923 0.7834064953
147 -14.31399663 0.7813978437
148 -14.43059789 0.7793769259
149 -14.5475927 0.777342574
150 -14.66504733 0.7752936683
151 -14.78302511 0.773229129
152 -14.90158699 0.7711479094
153 -15.02079188 0.7690489896
154 -15.14069707 0.7669313702
155 -15.26135861 0.7647940671
156 -15.38283161 0.7626361061
157 -15.50517052 0.7604565185
158 -15.62842947 0.7582543366
159 -15.75266248 0.7560285892
160 -15.87792374 0.7537782978
161 -16.00426784 0.7515024727
162 -16.13174998 0.7492001095
163 -16.26042624 0.746870185
164 -16.39035372 0.7445116544
165 -16.52159081 0.7421234469
166 -16.65419737 0.7397044631
167 -16.78823494 0.7372535713
168 -16.92376696 0.7347696038
169 -17.06085896 0.7322513537
170 -17.19957879 0.729697571
171 -17.33999682 0.7271069598
172 -17.48218617 0.7244781735
173 -17.62622297 0.7218098121
174 -17.77218654 0.7191004174
175 -17.92015969 0.7163484697
176 -18.07022894 0.7135523831
177 -18.22248482 0.7107105015
178 -18.37702214 0.7078210941
179 -18.5339403 0.7048823508
180 -18.69334357 0.7018923771
181 -18.85534146 0.6988491896
182 -19.02004905 0.6957507105
183 -19.18758732 0.6925947624
184 -19.3580836 0.6893790627
185 -19.53167193 0.6861012181
186 -19.70849349 0.6827587187
187 -19.88869704 0.6793489322
188 -20.07243942 0.6758690976
189 -20.25988602 0.6723163194
190 -20.45121126 0.6686875616
191 -20.64659918 0.6649796413
192 -20.84624398 0.6611892232
193 -21.05035055 0.657312814
194 -21.25913512 0.6533467568
195 -21.47282582 0.6492872267
196 -21.6916633 0.6451302262
197 -21.91590136 0.6408715828
198 -22.14580755 0.6365069459
199 -22.38166376 0.6320317868
200 -22.62376682 0.6274413993
201 -22.87242901 0.622730903
202 -23.12797857 0.6178952487
203 -23.39076012 0.6129292271
204 -23.66113497 0.6078274808
205 -23.93948133 0.6025845209
206 -24.22619436 0.597194748
207 -24.52168607 0.5916524792
208 -24.82638493 0.5859519809
209 -25.14073529 0.5800875096
210 -25.46519639 0.5740533606
211 -25.80024113 0.567843925
212 -26.14635427 0.5614537571
213 -26.50403021 0.5548776526
214 -26.87377026 0.5481107369
215 -27.25607922 0.5411485658
216 -27.65146134 0.5339872372
217 -28.06041557 0.5266235141
218 -28.48343 0.5190549582
219 -28.9209756 0.511280072
220 -29.37349917 0.5032984481
221 -29.84141551 0.495110922
222 -30.325099 0.4867197253
223 -30.82487454 0.4781286338
224 -31.34100817 0.4693431062
225 -31.87369744 0.4603704054
226 -32.42306186 0.4512196975
227 -32.98913375 0.4419021204
228 -33.57184976 0.4324308152
229 -34.1710435 0.4228209142
230 -34.78643962 0.4130894811
231 -35.41764971 0.4032553977
232 -36.06417046 0.3933391985
233 -36.72538418 0.3833628512
234 -37.40056202 0.3733494893
235 -38.08886995 0.3633231011
236 -38.78937742 0.3533081859
237 -39.50106864 0.3433293868
238 -40.22285609 0.3334111146
239 -40.95359594 0.3235771752
240 -41.69210487 0.3138504135
241 -42.43717771 0.3042523877
242 -43.18760536 0.294803084
243 -43.94219233 0.28552068
244 -44.69977344 0.2764213629
245 -45.45922909 0.2675192047
246 -46.21949878 0.258826096
247 -46.97959255 0.2503517341
248 -47.73860015 0.242103661
249 -48.49569773 0.2340873468
250 -49.25015229 0.2263063085
251 -50.00132369 0.218762259
252 -50.74866449 0.2114552773
253 -51.49171781 0.2043839916
254 -52.23011333 0.1975457713
255 -52.96356173 0.1909369197
256 -53.69184769 0.184552863
257 -54.41482176 0.178388333
258 -55.13239128 0.1724375382
259 -55.84451052 0.1666943237
260 -56.55117018 0.1611523157
261 -57.25238663 0.1558050515
262 -57.94819081 0.1506460935
263 -58.6386172 0.1456691269
264 -59.32369291 0.1408680415
265 -60.00342723 0.1362369974
266 -60.6778017 0.1317704745
267 -61.34676114 0.1274633075
268 -62.01020564 0.1233107055
269 -62.66798399 0.1193082583
270 -63.31988853 0.115451929
271 -63.96565175 0.1117380357
272 -64.60494486 0.1081632229
273 -65.23737816 0.1047244241
274 -65.86250354 0.1014188183
275 -66.47981883 0.09824378207
276 -67.08877408 0.09519683897
277 -67.68877936 0.09227560937
278 -68.27921406 0.08947776189
279 -68.85943713 0.08680096858
280 -69.42879806 0.08424286541
281 -69.98664824 0.08180101904
282 -70.53235219 0.07947290075
283 -71.06529841 0.07725586791
284 -71.5849095 0.07514715283
285 -72.09065127 0.07314385873
286 -72.58204062 0.07124296219
287 -73.05865206 0.06944132115
288 -73.52012277 0.06773568756
289 -73.96615613 0.06612272354
290 -74.39652385 0.06459902017
291 -74.81106665 0.06316111772
292 -75.20969373 0.0618055266
293 -75.59238104 0.06052874819
294 -75.95916862 0.05932729492
295 -76.31015708 0.05819770911
296 -76.64550351 0.05713658018
297 -76.96541683 0.05614056012
298 -77.27015285 0.0552063768
299 -77.56000915 0.05433084543
300 -77.83531987 0.05351087791
301 -78.09645056 0.0527434903
302 -78.34379315 0.05202580848
303 -78.57776116 0.05135507216
304 -78.79878508 0.05072863739
305 -79.00730814 0.05014397782
306 -79.20378237 0.04959868471
307 -79.38866502 0.04909046607
308 -79.5624153 0.04861714491
309 -79.72549149 0.04817665682
310 -79.87834841 0.04776704703
311 -80.02143518 0.04738646706
312 -80.15519332 0.04703317098
313 -80.28005514 0.04670551147
314 -80.3964424 0.04640193576
315 -80.5047652 0.04612098143
316 -80.6054211 0.04586127219
317 -80.69879449 0.04562151368
318 -80.7852561 0.04540048933
319 -80.86516264 0.04519705625
320 -80.93885666 0.04501014128
321 -81.00666646 0.04483873715
322 -81.06890616 0.04468189875
323 -81.12587584 0.04453873955
324 -81.17786171 0.04440842819
325 -81.22513644 0.04429018522
326 -81.26795944 0.04418327998
327 -81.30657725 0.04408702767
328 -81.34122396 0.0440007865
329 -81.37212157 0.04392395508
330 -81.39948048 0.04385596991
331 -81.42349993 0.04379630301
332 -81.44436846 0.04374445968
333 -81.46226436 0.04369997643
334 -81.47735611 0.04366241898
335 -81.48980287 0.04363138045
336 -81.49975489 0.04360647955
337 -81.50735397 0.04358735902
338 -81.51273384 0.04357368407
339 -81.51602064 0.04356514093
340 -81.51733322 0.04356143552
341 -81.51678361 0.04356229222
342 -81.51447735 0.04356745264
343 -81.51051382 0.04357667456
344 -81.50498662 0.04358973086
345 -81.49798386 0.0436064086
346 -81.48958848 0.04362650809
347 -81.47987852 0.04364984205
348 -81.46892745 0.04367623482
349 -81.45680436 0.04370552163
350 -81.44357426 0.04373754792
351 -81.42929833 0.04377216867
352 -81.41403407 0.04380924781
353 -81.39783559 0.04384865767
354 -81.38075374 0.0438902785
355 -81.3628361 0.04393399838
356 -81.34412526 0.04397971668
357 -81.32464152 0.04402737884
358 -81.30422413 0.04407729816
359 -81.28108232 0.04413309511
360 -81.23858951 0.04422853601
361 -81.02497693 0.0446738979
362 -79.25916511 0.04843356028
363 -63.53275617 0.09547855705
364 28.74024238 0.9381342555
365 38.62616505 0.9999311336
366 37.96933167 0.9999366334
367 36.09588818 0.9999116818
368 33.32956898 0.9998540432
369 29.9473117 0.9997288364
370 26.26680103 0.999467933
371 22.53856974 0.9989516642
372 18.92295682 0.997992706
373 15.51299316 0.996334879
374 12.36063302 0.9936822445
375 9.493133163 0.9897646014
376 6.92088954 0.9844220051
377 4.641042934 0.977669005
378 2.640036753 0.9697030574
379 0.8964696842 0.9608536061
380 -0.6157504895 0.9515012314
381 -1.924472475 0.9420039169
382 -3.057029165 0.9326518233
383 -4.038774239 0.9236520955
384 -4.892334439 0.9151342538
385 -5.637380728 0.9071652763
386 -6.290720473 0.8997666641
387 -6.866557471 0.8929295112
388 -7.376818312 0.8866262248
389 -7.831485566 0.8808189345
390 -8.238907095 0.8754651722
391 -8.606068524 0.8705215133
392 -8.938825892 0.8659457842
393 -9.242100542 0.861698302
394 -9.520040502 0.8577424868
395 -9.776153234 0.8540450794
396 -10.01341448 0.8505761198
397 -10.23435743 0.8473087908
398 -10.44114576 0.84421919
399 -10.63563364 0.8412860719
400 -10.81941509 0.8384905848
401 -10.99386474 0.8358160157
402 -11.16017156 0.8332475525
403 -11.31936691 0.8307720659
404 -11.47234791 0.828377912
405 -11.61989704 0.826054757
406 -11.76269855 0.8237934199
407 -11.90135232 0.8215857349
408 -12.03638559 0.8194244286
409 -12.16826291 0.8173030135
410 -12.29739457 0.8152156931
411 -12.42414384 0.8131572793
412 -12.54883317 0.8111231198
413 -12.67174949 0.8091090338
414 -12.79314878 0.8071112562
415 -12.91326001 0.8051263882
416 -13.03228858 0.8031513537
417 -13.15041926 0.801183361
418 -13.26781879 0.7992198694
419 -13.3846381 0.797258559
420 -13.50101428 0.7952973044
421 -13.6170723 0.7933341517
422 -13.73292653 0.7913672973
423 -13.84868202 0.78939507
424 -13.96443572 0.7874159141
425 -14.08027748 0.7854283753
426 -14.19629098 0.7834310874
427 -14.3125545 0.7814227606
428 -14.42914172 0.7794021711
429 -14.54612228 0.7773681515
430 -14.66356242 0.7753195825
431 -14.78152548 0.7732553846
432 -14.90007236 0.7711745117
433 -15.01926195 0.7690759442
434 -15.13915153 0.7669586832
435 -15.25979712 0.7648217449
436 -15.3812538 0.7626641558
437 -15.503576 0.7604849476
438 -15.62681782 0.7582831529
439 -15.75103325 0.7560578012
440 -15.87627646 0.7538079145
441 -16.00260201 0.7515325035
442 -16.13006508 0.7492305644
443 -16.25872169 0.7469010747
444 -16.38862893 0.7445429899
445 -16.51984516 0.7421552401
446 -16.65243018 0.7397367265
447 -16.78644553 0.737286318
448 -16.92195458 0.7348028475
449 -17.05902284 0.7322851089
450 -17.1977181 0.7297318532
451 -17.33811069 0.727141785
452 -17.4802737 0.7245135587
453 -17.62428319 0.7218457751
454 -17.77021843 0.719136977
455 -17.91816218 0.7163856456
456 -18.0682009 0.7135901961
457 -18.22042506 0.7107489734
458 -18.37492941 0.707860248
459 -18.53181326 0.7049222108
460 -18.69118083 0.7019329687
461 -18.85314155 0.6988905395
462 -19.01781039 0.6957928468
463 -19.18530829 0.6926377147
464 -19.35576245 0.6894228622
465 -19.52930683 0.6861458974
466 -19.70608249 0.6828043123
467 -19.88623811 0.6793954761
468 -20.06993039 0.6759166299
469 -20.2573246 0.6723648801
470 -20.44859504 0.6687371924
471 -20.64392562 0.6650303863
472 -20.84351037 0.6612411285
473 -21.04755405 0.657365928
474 -21.25627272 0.6534011301
475 -21.46989434 0.6493429123
476 -21.68865939 0.6451872796
477 -21.91282149 0.6409300617
478 -22.14264798 0.6365669106
479 -22.37842056 0.6320933002
480 -22.62043585 0.6275045266
481 -22.86900592 0.6227957117
482 -23.12445878 0.6179618087
483 -23.38713882 0.6129976103
484 -23.65740712 0.6078977612
485 -23.93564167 0.6026567741
486 -24.22223738 0.5972690511
487 -24.51760604 0.59172891
488 -24.8221759 0.5860306179
489 -25.13639109 0.5801684311
490 -25.46071066 0.5741366439
491 -25.79560733 0.5679296458
492 -26.1415657 0.5615419884
493 -26.49908006 0.5549684636
494 -26.86865166 0.5482041915
495 -27.25078527 0.5412447215
496 -27.64598517 0.5340861432
497 -28.05475041 0.5267252098
498 -28.47756928 0.5191594711
499 -28.91491303 0.5113874157
500 -29.36722883 0.5034086203
501 -29.83493198 0.4952239025
502 -30.31839746 0.4868354738
503 -30.81795091 0.478247088
504 -31.33385925 0.4694641798
505 -31.86632101 0.4604939869
506 -32.41545685 0.4513456487
507 -32.98130033 0.4420302759
508 -33.56378945 0.4325609822
509 -34.16275929 0.4229528731
510 -34.777936 0.4132229862
511 -35.40893275 0.4033901796
512 -36.0552478 0.3934749666
513 -36.71626501 0.3834992969
514 -37.39125701 0.3734862899
515 -38.07939116 0.3634599247
516 -38.77973816 0.3534446958
517 -39.49128331 0.3434652468
518 -40.21293995 0.3335459944
519 -40.94356493 0.3237107549
520 -41.68197534 0.3139823886
521 -42.42696621 0.3043824733
522 -43.17732836 0.2949310185
523 -43.93186601 0.2856462278
524 -44.68941346 0.2765443163
525 -45.44885037 0.2676393857
526 -46.20911538 0.2589433567
527 -46.9692175 0.2504659561
528 -47.72824532 0.2422147552
529 -48.48537379 0.2341952514
530 -49.23986865 0.2264109877
531 -49.99108847 0.2188637005
532 -50.73848458 0.2115534898
533 -51.48159886 0.2044790025
534 -52.22005987 0.1976376239
535 -52.9535772 0.1910256705
536 -53.68193457 0.1846385794
537 -54.40498172 0.1784710905
538 -55.12262526 0.1725174187
539 -55.83481887 0.1667714127
540 -56.54155285 0.161226701
541 -57.24284328 0.1558768213
542 -57.93872099 0.150715335
543 -58.62922047 0.1457359249
544 -59.31436901 0.1409324778
545 -59.9941762 0.1362991494
546 -60.66862405 0.1318304152
547 -61.33765792 0.1275211049
548 -62.00117857 0.1233664223
549 -62.65903551 0.1193619521
550 -63.31102189 0.1155036523
551 -63.95687105 0.1117878365
552 -64.59625502 0.1082111448
553 -65.22878493 0.1047705072
554 -65.85401343 0.1014630996
555 -66.47143906 0.0982862961
556 -67.08051248 0.09523761876
557 -67.68064425 0.09231468691
558 -68.27121409 0.08951516883
559 -68.85158116 0.08683673683
560 -69.42109502 0.08427702762
561 -69.97910695 0.08183360898
562 -70.52498121 0.07950395369
563 -71.0581059 0.07728542075
564 -71.57790308 0.07517524424
565 -72.08383793 0.07317052915
566 -72.57542659 0.07126825377
567 -73.05224275 0.06946527758
568 -73.51392269 0.06775835388
569 -73.96016887 0.06614414592
570 -74.39075207 0.06461924561
571 -74.80551206 0.06318019378
572 -75.2043571 0.0618235011
573 -75.58726225 0.06054566896
574 -75.95426669 0.05934320949
575 -76.30547025 0.05821266449
576 -76.64102925 0.05715062264
577 -76.96115194 0.05615373496
578 -77.26609353 0.05521872821
579 -77.55615106 0.05434241635
580 -77.83165821 0.05352170988
581 -78.09298013 0.05275362341
582 -78.34050843 0.05203528127
583 -78.57465635 0.05136392161
584 -78.79585419 0.05073689887
585 -79.00454504 0.05015168508
586 -79.20118082 0.0496058699
587 -79.38621875 0.04909715977
588 -79.56011801 0.0486233761
589 -79.72333694 0.048182453
590 -79.8763304 0.0477724342
591 -80.01954761 0.0473914698
592 -80.15343021 0.04703781247
593 -80.27841065 0.0467098136
594 -80.39491083 0.04640591914
595 -80.50334102 0.04612466545
596 -80.60409896 0.04586467511
597 -80.69756924 0.04562465266
598 -80.78412275 0.04540338049
599 -80.86411641 0.04519971472
600 -80.93789296 0.04501258129
601 -81.0057809 0.04484097203
602 -81.06809455 0.04468394101
603 -81.12513416 0.04454060092
604 -81.17718615 0.04441011967
605 -81.22452336 0.04429171713
606 -81.26740538 0.04418466199
607 -81.30607894 0.04408826882
608 -81.34077827 0.04400189529
609 -81.37172555 0.04392493946
610 -81.39913134 0.04385683733
611 -81.42319502 0.04379706045
612 -81.44410527 0.04374511368
613 -81.46204052 0.04370053311
614 -81.47716939 0.04366288409
615 -81.48965116 0.04363175936
616 -81.4996362 0.0436067773
617 -81.50726641 0.04358758033
618 -81.51267564 0.04357383337
619 -81.51599013 0.04356522235
620 -81.51732882 0.04356145297
621 -81.51680385 0.04356224933
622 -81.51452082 0.04356735282
623 -81.51057921 0.043576521
624 -81.50507269 0.04358952657
625 -81.49808944 0.0436061564
626 -81.48971248 0.04362621061
627 -81.4800199 0.04364950176
628 -81.46908524 0.04367585404
629 -81.45697765 0.04370510255
630 -81.44376219 0.04373709257
631 -81.42950009 0.04377167896
632 -81.4142489 0.04380872554
633 -81.39806277 0.04384810453
634 -81.38099261 0.04388969606
635 -81.36308602 0.04393338814
636 -81.34438564 0.04397908002
637 -81.32491181 0.04402671703
638 -81.30450395 0.04407661215
639 -81.2813725 0.0441323833
640 -81.23890183 0.04422777407
641 -81.02542441 0.04467284892
642 -79.26079559 0.04842983297
643 -63.54509193 0.0954305364
644 28.72759585 0.9379812146
645 38.62601218 0.9999311013
646 37.9697105 0.9999366375
647 36.09652713 0.999911692
648 33.3303747 0.9998540648
649 29.94816756 0.9997288794
650 26.26760899 0.9994680126
651 22.53926918 0.9989517994
652 18.92351877 0.9979929124
653 15.51340894 0.9963351556
654 12.36090567 0.9936825565
655 9.493272349 0.9897648675
656 6.920908557 0.9844220982
657 4.640956662 0.9776687708
658 2.639860119 0.9697023429
659 0.8962165369 0.9608522862
660 -0.6160680499 0.9514992222
661 -1.924844354 0.9420011762
662 -3.057447221 0.932648343
663 -4.039232049 0.9236478912
664 -4.892827003 0.9151293547
665 -5.637904171 0.9071597181
666 -6.291271782 0.8997604843
667 -6.867134281 0.8929227463
668 -7.377418743 0.886618909
669 -7.832108096 0.8808110991
670 -8.239550463 0.8754568453
671 -8.606731664 0.8705127205
672 -8.939507887 0.8659365483
673 -9.242800584 0.8616886435
674 -9.520757867 0.8577324245
675 -9.776887268 0.8540346299
676 -10.01416459 0.8505652985
677 -10.23512305 0.8472976117
678 -10.44192637 0.8442076658
679 -10.63642877 0.8412742142
680 -10.82022429 0.8384784043
681 -10.99468759 0.8358035222
682 -11.16100766 0.8332347549
683 -11.3202159 0.8307589723
684 -11.47320946 0.82836453
685 -11.62077083 0.8260410934
686 -11.76358428 0.8237794809
687 -11.90224973 0.821571526
688 -12.03729444 0.819409955
689 -12.16918298 0.8172882797
690 -12.29832566 0.8152007031
691 -12.42508577 0.8131420366
692 -12.54978579 0.8111076275
693 -12.67271267 0.8090932946
694 -12.79412239 0.8070952722
695 -12.91424397 0.8051101612
696 -13.03328281 0.8031348851
697 -13.15142371 0.8011666519
698 -13.26883342 0.7992029204
699 -13.38566289 0.7972413704
700 -13.50204923 0.7952798761
701 -13.61811743 0.7933164833
702 -13.73398187 0.791349388
703 -13.84974764 0.7893769187
704 -13.96551168 0.7873975194
705 -14.08136387 0.7854097355
706 -14.1973879 0.7834122004
707 -14.31366208 0.7814036241
708 -14.43026009 0.7793827823
709 -14.5472516 0.7773485075
710 -14.66470287 0.7752996798
711 -14.78267724 0.7732352196
712 -14.90123564 0.7711540804
713 -15.02043698 0.7690552423
714 -15.14033856 0.766937706
715 -15.26099641 0.7648004874
716 -15.38246562 0.7626426126
717 -15.50480065 0.760463113
718 -15.62805563 0.7582610209
719 -15.75228456 0.7560353653
720 -15.87754164 0.7537851677
721 -16.00388144 0.7515094387
722 -16.13135916 0.7492071738
723 -16.26003086 0.7468773502
724 -16.38995365 0.7445189229
725 -16.5211859 0.7421308215
726 -16.65378746 0.7397119468
727 -16.78781988 0.7372611671
728 -16.92334657 0.7347773148
729 -17.06043307 0.7322591833
730 -17.1991472 0.7297055229
731 -17.33955933 0.7271150375
732 -17.48174258 0.7244863811
733 -17.62577305 0.7218181537
734 -17.77173005 0.7191088973
735 -17.91969638 0.7163570925
736 -18.06975855 0.7135611536
737 -18.22200707 0.7107194248
738 -18.37653675 0.7078301756
739 -18.53344696 0.704891596
740 -18.69284195 0.7019017919
741 -18.85483122 0.6988587803
742 -19.01952983 0.6957604835
743 -19.18705874 0.6926047245
744 -19.35754526 0.6893892212
745 -19.5311234 0.6861115806
746 -19.70793432 0.6827692931
747 -19.88812676 0.6793597269
748 -20.07185753 0.6758801214
749 -20.25929198 0.6723275815
750 -20.45060452 0.6686990717
751 -20.64597915 0.6649914097
752 -20.84561003 0.6612012605
753 -21.04970203 0.6573251314
754 -21.25847133 0.6533593661
755 -21.47214602 0.64930014
756 -21.69096672 0.6451434565
757 -21.91518718 0.6408851433
758 -22.1450749 0.6365208507
759 -22.38091174 0.6320460503
760 -22.62299446 0.6274560367
761 -22.87163531 0.6227459299
762 -23.12716247 0.6179106813
763 -23.38992051 0.6129450819
764 -23.66027068 0.607843775
765 -23.93859114 0.6026012719
766 -24.22527701 0.5972119737
767 -24.52074022 0.5916701975
768 -24.82540921 0.58597021
769 -25.13972827 0.5801062676
770 -25.46415661 0.5740726654
771 -25.79916707 0.5678637939
772 -26.14524437 0.5614742071
773 -26.50288291 0.5548986995
774 -26.87258397 0.5481323955
775 -27.25485235 0.5411708494
776 -27.6501923 0.5340101571
777 -28.05910279 0.5266470793
778 -28.48207196 0.5190791751
779 -28.91957086 0.5113049436
780 -29.37204635 0.5033239737
781 -29.83991337 0.495137097
782 -30.32354642 0.4867465402
783 -30.82327059 0.4781560742
784 -31.3393521 0.4693711519
785 -31.87198874 0.4603990307
786 -32.42130029 0.4512488703
787 -32.98731935 0.4419318024
788 -33.56998288 0.4324609617
789 -34.16912484 0.4228514745
790 -34.7844702 0.4131203982
791 -35.41563095 0.4032866094
792 -36.06210412 0.3933706375
793 -36.72327238 0.3833944463
794 -37.39840723 0.3733811658
795 -38.08667495 0.3633547823
796 -38.78714529 0.3533397939
797 -39.49880269 0.343360844
798 -40.22055985 0.3334423447
799 -40.95127309 0.3236081043
800 -41.68975918 0.3138809712
801 -42.434813 0.3042825082
802 -43.18522544 0.294832707
803 -43.93980093 0.285549751
804 -44.69737416 0.2764498339
805 -45.45682538 0.2675470347
806 -46.21709388 0.2588532509
807 -46.97718948 0.2503781865
808 -47.73620163 0.2421293904
809 -48.49330623 0.2341123388
810 -49.24776997 0.2263305549
811 -49.99895243 0.2187857571
812 -50.74630587 0.2114780289
813 -51.48937314 0.2044060032
814 -52.22778366 0.1975670529
815 -52.96124784 0.1909574843
816 -53.68955015 0.1845727262
817 -54.41254095 0.1784075121
818 -55.13012743 0.1724560522
819 -55.8422637 0.1667121924
820 -56.54894038 0.1611695593
821 -57.25017377 0.1558216904
822 -57.94599479 0.1506621478
823 -58.63643791 0.1456846162
824 -59.3215303 0.1408829846
825 -60.0012813 0.1362514122
826 -60.67567258 0.1317843779
827 -61.34464906 0.1274767151
828 -62.00811102 0.1233236318
829 -62.66590739 0.1193207166
830 -63.3178307 0.1154639313
831 -63.96361365 0.1117495931
832 -64.60292764 0.1081743455
833 -65.23538315 0.1047351211
834 -65.86053224 0.1014290982
835 -66.47787293 0.09825365284
836 -67.0868554 0.0952063082
837 -67.68688983 0.09228468443
838 -68.27735569 0.08948645006
839 -68.85761198 0.08680927721
840 -69.4270082 0.08425080201
