0 -47.56005484 0.2441008611
1 -48.3611639 0.2355700577
2 -49.15970974 0.2272992714
3 -49.95495428 0.2192906954
4 -50.74626248 0.2115446105
5 -51.53310009 0.2040596023
6 -52.31502912 0.1968327896
7 -53.0917012 0.1898600555
8 -53.86284919 0.1831362746
9 -54.62827738 0.1766555306
10 -55.38785041 0.1704113219
11 -56.1414814 0.1643967491
12 -56.88911939 0.1586046858
13 -57.6307364 0.1530279277
14 -58.36631448 0.1476593227
15 -59.09583281 0.1424918792
16 -59.81925535 0.1375188542
17 -60.53651919 0.1327338201
18 -61.24752388 0.1281307132
19 -61.95212213 0.1237038625
20 -62.65011207 0.1194480012
21 -63.34123144 0.1153582623
22 -64.02515372 0.1114301598
23 -64.7014867 0.1076595575
24 -65.3697732 0.1040426283
25 -66.02949434 0.1005758054
26 -66.680075 0.09725572938
27 -67.32089145 0.09407919245
28 -67.95128083 0.0910430838
29 -68.57055216 0.08814433741
30 -69.17799853 0.0853798849
31 -69.77290988 0.08274661494
32 -70.35458606 0.08024134046
33 -70.92234962 0.0778607743
34 -71.475558 0.07560151347
35 -72.01361452 0.07346003192
36 -72.53597825 0.07143268095
37 -73.0421721 0.06951569659
38 -73.53178932 0.06770521251
39 -74.00449816 0.06599727758
40 -74.46004478 0.06438787648
41 -74.89825441 0.06287295239
42 -75.31903095 0.06144843053
43 -75.72235518 0.06011024169
44 -76.10828169 0.05885434485
45 -76.4769348 0.05767674835
46 -76.82850372 0.05657352919
47 -77.16323703 0.05554085004
48 -77.48143679 0.05457497395
49 -77.78345245 0.05367227659
50 -78.06967458 0.05282925612
51 -78.34052878 0.0520425408
52 -78.59646969 0.05130889448
53 -78.83797525 0.0506252202
54 -79.06554135 0.04998856202
55 -79.27967681 0.04939610543
56 -79.48089876 0.04884517638
57 -79.66972853 0.04833323935
58 -79.84668788 0.04785789443
59 -80.01229572 0.04741687372
60 -80.16706523 0.04700803715
61 -80.31150142 0.04662936793
62 -80.44609896 0.04627896763
63 -80.5713405 0.04595505108
64 -80.68769524 0.04565594116
65 -80.79561776 0.04538006358
66 -80.8955472 0.04512594161
67 -80.98790659 0.04489219096
68 -81.07310248 0.04467751466
69 -81.15152465 0.04448069822
70 -81.22354607 0.04430060483
71 -81.28952291 0.0441361708
72 -81.34979479 0.04398640114
73 -81.40468493 0.04385036544
74 -81.4545006 0.04372719378
75 -81.49953348 0.04361607303
76 -81.54006011 0.04351624321
77 -81.57634242 0.04342699412
78 -81.60862823 0.04334766213
79 -81.6371518 0.04327762715
80 -81.6621344 0.04321630981
81 -81.68378487 0.0431631688
82 -81.70230016 0.04311769834
83 -81.71786595 0.04307942588
84 -81.7306571 0.04304790984
85 -81.74083831 0.04302273762
86 -81.74856454 0.04300352364
87 -81.75398159 0.04298990752
88 -81.75722656 0.04298155246
89 -81.75842835 0.04297814364
90 -81.75770807 0.04297938672
91 -81.75517953 0.04298500654
92 -81.75094964 0.04299474581
93 -81.74511878 0.0430083639
94 -81.73778122 0.04302563578
95 -81.72902546 0.04304635093
96 -81.71893457 0.04307031244
97 -81.70758653 0.04309733604
98 -81.6950545 0.04312724933
99 -81.68140715 0.04315989095
100 -81.66670889 0.04319510989
101 -81.6510201 0.04323276496
102 -81.63439672 0.04327272535
103 -81.61688492 0.04331488118
104 -81.59847125 0.04335924307
105 -81.57863107 0.04340684553
106 -81.55225229 0.0434679124
107 -81.47283904 0.0436357894
108 -80.92039749 0.04476710308
109 -76.11504405 0.0556503018
110 -34.34578776 0.2718120679
111 37.2484122 0.998586744
112 38.52091307 0.9999417331
113 37.20256575 0.9999275568
114 34.85580565 0.9998895244
115 31.7127164 0.9998039768
116 28.09203702 0.9996194767
117 24.29659683 0.9992391575
118 20.54043531 0.9984997734
119 16.9534612 0.9971592635
120 13.60953974 0.9949102496
121 10.54893928 0.9914342695
122 7.790454211 0.9864911124
123 5.33694901 0.9800072716
124 3.178489578 0.9721155468
125 1.295372565 0.9631233282
126 -0.3384391431 0.9534302932
127 -1.751923536 0.9434389468
128 -2.97422098 0.9334913904
129 -4.032747045 0.9238416145
130 -4.95215822 0.9146553308
131 -5.753965395 0.9060244465
132 -6.456561901 0.8979859386
133 -7.075476227 0.8905393932
134 -7.623720199 0.8836609797
135 -8.112155568 0.8773136009
136 -8.549838573 0.8714538007
137 -8.944324836 0.8660362171
138 -9.301929805 0.8610162991
139 -9.627946541 0.8563518537
140 -9.9268255 0.8520038332
141 -10.20232188 0.8479366438
142 -10.45761591 0.8441181676
143 -10.69541098 0.840519618
144 -10.91801368 0.8371153093
145 -11.12739923 0.8338823863
146 -11.32526515 0.8308005466
147 -11.51307533 0.8278517687
148 -11.69209639 0.8250200585
149 -11.86342784 0.8222912159
150 -12.02802706 0.8196526248
151 -12.18673023 0.8170930648
152 -12.34026984 0.8146025445
153 -12.48928934 0.8121721541
154 -12.63435561 0.8097939353
155 -12.77596944 0.807460767
156 -12.91457449 0.8051662654
157 -13.05056486 0.8029046952
158 -13.18429165 0.800670893
159 -13.31606854 0.7984601989
160 -13.44617657 0.7962683967
161 -13.57486833 0.7940916618
162 -13.70237154 0.7919265144
163 -13.82889216 0.789769779
164 -13.95461711 0.7876185481
165 -14.07971666 0.7854701504
166 -14.20434646 0.7833221224
167 -14.3286494 0.7811721836
168 -14.45275719 0.7790182135
169 -14.57679177 0.7768582324
170 -14.70086658 0.7746903829
171 -14.82508764 0.7725129144
172 -14.94955454 0.7703241686
173 -15.07436135 0.7681225664
174 -15.19959737 0.7659065965
175 -15.32534787 0.7636748042
176 -15.45169473 0.7614257823
177 -15.57871701 0.7591581621
178 -15.70649147 0.7568706048
179 -15.8350931 0.7545617944
180 -15.96459553 0.7522304305
181 -16.09507148 0.7498752217
182 -16.22659312 0.7474948795
183 -16.35923244 0.7450881121
184 -16.49306165 0.7426536193
185 -16.62815342 0.7401900867
186 -16.76458129 0.7376961809
187 -16.90241995 0.7351705438
188 -17.0417455 0.7326117882
189 -17.18263583 0.7300184925
190 -17.32517086 0.7273891962
191 -17.46943286 0.7247223943
192 -17.61550675 0.7220165332
193 -17.76348041 0.719270005
194 -17.91344498 0.7164811429
195 -18.0654952 0.7136482159
196 -18.21972971 0.7107694234
197 -18.37625143 0.7078428896
198 -18.53516788 0.7048666586
199 -18.69659157 0.7018386879
200 -18.86064039 0.6987568428
201 -19.02743799 0.6956188904
202 -19.19711423 0.6924224929
203 -19.36980563 0.6891652017
204 -19.54565579 0.6858444503
205 -19.72481593 0.6824575474
206 -19.9074454 0.6790016704
207 -20.09371217 0.6754738577
208 -20.28379347 0.6718710022
209 -20.47787631 0.6681898435
210 -20.67615813 0.6644269611
211 -20.87884743 0.6605787675
212 -21.08616443 0.6566415013
213 -21.29834177 0.6526112206
214 -21.51562515 0.648483798
215 -21.73827408 0.6442549146
216 -21.96656257 0.6399200568
217 -22.20077986 0.6354745132
218 -22.44123105 0.6309133734
219 -22.68823781 0.6262315293
220 -22.94213895 0.6214236784
221 -23.20329101 0.6164843302
222 -23.47206866 0.6114078164
223 -23.74886508 0.6061883053
224 -24.0340921 0.6008198219
225 -24.32818023 0.5952962728
226 -24.63157838 0.5896114791
227 -24.94475336 0.5837592171
228 -25.26818895 0.5777332672
229 -25.60238466 0.5715274738
230 -25.94785395 0.5651358154
231 -26.30512192 0.5585524879
232 -26.67472239 0.5517719992
233 -27.05719427 0.5447892787
234 -27.45307716 0.5375997993
235 -27.86290619 0.5301997139
236 -28.28720592 0.5225860034
237 -28.72648336 0.5147566367
238 -29.18122017 0.5067107386
239 -29.65186392 0.4984487637
240 -30.13881867 0.4899726701
241 -30.6424349 0.4812860893
242 -31.16299894 0.472394484
243 -31.70072237 0.4633052878
244 -32.25573139 0.4540280175
245 -32.82805679 0.4445743502
246 -33.41762477 0.4349581578
247 -34.02424915 0.4251954899
248 -34.64762529 0.4153045013
249 -35.2873262 0.4053053188
250 -35.94280128 0.3952198469
251 -36.61337779 0.3850715145
252 -37.29826535 0.3748849667
253 -37.99656356 0.3646857122
254 -38.70727247 0.3544997349
255 -39.42930583 0.3443530852
256 -40.16150662 0.334271466
257 -40.90266443 0.324279827
258 -41.65153408 0.3144019849
259 -42.40685482 0.3046602809
260 -43.16736949 0.2950752873
261 -43.931843 0.2856655715
262 -44.69907953 0.2764475225
263 -45.46793803 0.2674352411
264 -46.23734556 0.2586404921
265 -47.0063083 0.2500727156
266 -47.77391996 0.2417390898
267 -48.53936764 0.2336446392
268 -49.30193516 0.2257923785
269 -50.06100392 0.218183484
270 -50.81605151 0.2108174848
271 -51.56664831 0.203692465
272 -52.31245222 0.1968052708
273 -53.05320179 0.1901517166
274 -53.78870804 0.1837267844
275 -54.51884513 0.1775248144
276 -55.2435401 0.1715396821
277 -55.96276195 0.1657649611
278 -56.67651019 0.1601940697
279 -57.38480313 0.1548203998
280 -58.08766616 0.1496374294
281 -58.78512005 0.1446388159
282 -59.47716982 0.1398184722
283 -60.16379412 0.1351706254
284 -60.84493554 0.130689858
285 -61.52049216 0.1263711329
286 -62.19031038 0.1222098028
287 -62.85417951 0.1182016046
288 -63.5118281 0.1143426422
289 -64.16292233 0.1106293564
290 -64.80706644 0.1070584869
291 -65.4438053 0.1036270261
292 -66.0726289 0.1003321694
293 -66.69297888 0.0971712619
294 -67.30425662 0.09414174628
295 -67.90583277 0.09124111204
296 -68.49705775 0.08846684938
297 -69.07727306 0.08581640868
298 -69.64582271 0.08328716691
299 -70.20206464 0.08087640161
300 -70.74538166 0.07858127289
301 -71.27519154 0.07639881319
302 -71.79095618 0.07432592442
303 -72.29218936 0.07235938171
304 -72.77846318 0.0704958428
305 -73.24941301 0.06873186206
306 -73.70474091 0.06706390798
307 -74.14421763 0.06548838304
308 -74.5676832 0.06400164501
309 -74.97504628 0.06260002869
310 -75.3662823 0.06127986751
311 -75.74143019 0.06003751551
312 -76.10058441 0.05886937799
313 -76.44385365 0.05777202383
314 -76.77104973 0.0567429731
315 -77.07916054 0.0557869765
316 -77.34167403 0.05496675685
317 -77.33983594 0.05481594148
318 -75.29352575 0.05992466476
319 -57.04023871 0.1282071426
320 27.85636433 0.9599045756
321 37.66692 0.9999211221
322 36.82735591 0.9999220098
323 34.37170775 0.999879516
324 30.92264113 0.9997746481
325 26.89303655 0.999530101
326 22.65416364 0.9989860694
327 18.47076409 0.9978552156
328 14.50551888 0.9956984223
329 10.85066768 0.9919690583
330 7.55335132 0.986155912
331 4.629451289 0.9779813834
332 2.071185131 0.9675374954
333 -0.1465765557 0.9552658762
334 -2.059643962 0.9418034632
335 -3.708214788 0.9277993163
336 -5.132054813 0.9137898497
337 -6.367561711 0.9001531604
338 -7.446443682 0.8871185962
339 -8.395478754 0.8748001255
340 -9.236862931 0.8632325623
341 -9.988806941 0.852401425
342 -10.66618503 0.8422644106
343 -11.28113934 0.8327655754
344 -11.84360211 0.8238441144
345 -12.36172892 0.8154394782
346 -12.84224968 0.8074941406
347 -13.29074952 0.7999549225
348 -13.71189191 0.7927734632
349 -14.1095958 0.7859062086
350 -14.48717598 0.7793141444
351 -14.84745485 0.7729624094
352 -15.19285159 0.7668198666
353 -15.52545363 0.7608586751
354 -15.84707427 0.7550538876
355 -16.1592994 0.7493830812
356 -16.46352548 0.7438260268
357 -16.76099073 0.7383643964
358 -17.05280083 0.7329815052
359 -17.33995022 0.7276620861
360 -17.62333986 0.7223920926
361 -17.90379217 0.7171585262
362 -18.18206365 0.7119492866
363 -18.45885552 0.7067530401
364 -18.73482295 0.7015591042
365 -19.01058293 0.6963573475
366 -19.28672103 0.6911381007
367 -19.56379744 0.6858920792
368 -19.84235214 0.6806103152
369 -20.12290947 0.6752840976
370 -20.40598226 0.6699049203
371 -20.69207543 0.664464437
372 -20.98168923 0.6589544225
373 -21.27532212 0.6533667402
374 -21.57347339 0.6476933161
375 -21.87664543 0.6419261177
376 -22.18534575 0.6360571405
377 -22.50008875 0.6300783993
378 -22.82139722 0.6239819282
379 -23.14980348 0.6177597857
380 -23.48585031 0.6114040698
381 -23.83009149 0.6049069405
382 -24.18309194 0.598260652
383 -24.54542755 0.5914575958
384 -24.91768436 0.584490354
385 -25.3004574 0.5773517659
386 -25.69434879 0.5700350068
387 -26.09996525 0.5625336801
388 -26.51791488 0.5548419244
389 -26.94880308 0.546954534
390 -27.39322772 0.5388670931
391 -27.85177329 0.5305761232
392 -28.32500423 0.5220792415
393 -28.81345726 0.5133753281
394 -29.31763282 0.5044646984
395 -29.8379857 0.4953492761
396 -30.37491494 0.486032762
397 -30.92875321 0.4765207904
398 -31.49975591 0.4668210679
399 -32.08809026 0.4569434841
400 -32.69382476 0.4469001871
401 -33.31691946 0.4367056151
402 -33.95721742 0.4263764761
403 -34.6144379 0.41593167
404 -35.28817168 0.4053921481
405 -35.977879 0.3947807092
406 -36.68289035 0.3841217323
407 -37.40241051 0.3734408529
408 -38.13552578 0.3627645889
409 -38.88121455 0.3521199292
410 -39.63836083 0.3415338987
411 -40.40577047 0.331033116
412 -41.18218957 0.3206433595
413 -41.9663244 0.3103891602
414 -42.75686214 0.3002934351
415 -43.55249176 0.2903771734
416 -44.35192422 0.2806591866
417 -45.15391137 0.2711559264
418 -45.95726291 0.2618813741
419 -46.76086111 0.2528469991
420 -47.56367263 0.2440617816
421 -48.36475765 0.2355322937
422 -49.16327591 0.2272628291
423 -49.95848979 0.2192555719
424 -50.74976476 0.2115107946
425 -51.53656702 0.2040270759
426 -52.31845903 0.1968015288
427 -53.09509282 0.1898300314
428 -53.8662016 0.1831074543
429 -54.63158997 0.1766278788
430 -55.39112284 0.170384801
431 -56.14471353 0.1643713206
432 -56.89231121 0.1585803106
433 -57.633888 0.153004567
434 -58.36942599 0.1476369384
435 -59.09890433 0.1424704345
436 -59.82228692 0.1374983134
437 -60.53951072 0.1327141496
438 -61.25047513 0.1281118812
439 -61.95503265 0.123685839
440 -62.65298123 0.1194307582
441 -63.34405833 0.1153417737
442 -64.02793722 0.1114144013
443 -64.7042254 0.1076445065
444 -65.3724655 0.1040282636
445 -66.03213839 0.1005621069
446 -66.68266878 0.09724267803
447 -67.32343278 0.09406676998
448 -67.9537674 0.09103127247
449 -68.57298163 0.08813311979
450 -69.18036853 0.08536924373
451 -69.77521806 0.08273653298
452 -70.35683018 0.08023180034
453 -70.92452759 0.07785175846
454 -71.47766786 0.07559300413
455 -72.01565458 0.07345201104
456 -72.53794703 0.07142513029
457 -73.04406842 0.06950859767
458 -73.53361228 0.06769854676
459 -74.00624718 0.06599102634
460 -74.46171958 0.06438202112
461 -74.89985501 0.06286747437
462 -75.32055768 0.06144331152
463 -75.72380865 0.06010546362
464 -76.10966277 0.05884989
465 -76.47824461 0.05767259942
466 -76.82974361 0.05656966936
467 -77.16440855 0.05553726302
468 -77.48254166 0.05457164403
469 -77.78449254 0.05366918865
470 -78.07065188 0.05282639569
471 -78.34144539 0.05203989403
472 -78.59732777 0.0513064482
473 -78.83877704 0.05062296188
474 -79.0662891 0.04998647978
475 -79.28037279 0.04939418801
476 -79.48154525 0.04884341317
477 -79.67032778 0.04833162034
478 -79.84724213 0.04785641018
479 -80.01280716 0.04741551537
480 -80.16753601 0.04700679638
481 -80.31193362 0.04662823693
482 -80.44649462 0.04627793909
483 -80.57170159 0.04595411815
484 -80.68802364 0.04565509745
485 -80.79591529 0.0453793031
486 -80.89581561 0.04512525878
487 -80.98814755 0.04489158054
488 -81.07331758 0.0446769718
489 -81.15171541 0.04448021837
490 -81.22371394 0.04430018377
491 -81.28966926 0.04413580457
492 -81.34992091 0.04398608609
493 -81.40479206 0.04385009812
494 -81.4545899 0.04372697101
495 -81.49960605 0.04361589184
496 -81.54011699 0.04351610085
497 -81.57638458 0.04342688801
498 -81.60865659 0.04334758986
499 -81.63716723 0.0432775865
500 -81.66213772 0.04321629871
501 -81.68377683 0.04316318531
502 -81.70228149 0.04311774068
503 -81.7178373 0.04307949236
504 -81.73061913 0.04304799891
505 -81.74079159 0.04302284783
506 -81.74850964 0.04300365362
507 -81.75391902 0.04299005604
508 -81.75715681 0.04298171835
509 -81.75835187 0.04297832579
510 -81.75762529 0.04297958414
511 -81.75509085 0.04298521828
512 -81.75085542 0.04299497099
513 -81.74501938 0.0430086017
514 -81.73767697 0.04302588543
515 -81.72891666 0.04304661174
516 -81.7188215 0.04307058373
517 -81.70746946 0.04309761721
518 -81.69493367 0.04312753979
519 -81.68128279 0.04316019018
520 -81.66658123 0.04319541738
521 -81.65088934 0.04323308025
522 -81.63426304 0.04327304801
523 -81.61674849 0.04331521083
524 -81.59833219 0.04335957943
525 -81.57848908 0.04340718916
526 -81.55210333 0.04346827142
527 -81.47264539 0.04363624036
528 -80.91981525 0.04476836314
529 -76.11097158 0.05566049057
530 -34.31280495 0.2720933682
531 37.25072044 0.9985907407
532 38.52069969 0.9999417321
533 37.20196638 0.9999275491
534 34.85492117 0.9998895066
535 31.71164977 0.9998039384
536 28.09090425 0.9996193975
537 24.29548644 0.9992390032
538 20.53940091 0.9984994933
539 16.95253066 0.9971587942
540 13.6087253 0.9949095293
541 10.54824397 0.9914332606
542 7.7898752 0.9864898254
543 5.336479427 0.9800057747
544 3.178119911 0.9721139555
545 1.295091903 0.9631217798
546 -0.3386419977 0.9534289181
547 -1.75205924 0.94343785
548 -2.974299141 0.9334906439
549 -4.032776004 0.9238412594
550 -4.952145038 0.9146553839
551 -5.753915952 0.9060249072
552 -6.456481055 0.8979867955
553 -7.075367974 0.8905406288
554 -7.623587828 0.8836625734
555 -8.112001792 0.8773155313
556 -8.549665645 0.871456047
557 -8.944134636 0.8660387594
558 -9.301723914 0.8610191191
559 -9.627726296 0.8563549345
560 -9.926592044 0.8520071595
561 -10.20207619 0.8479402018
562 -10.45735885 0.8441219447
563 -10.69514327 0.840523603
564 -10.91773597 0.8371194919
565 -11.1271121 0.8338867575
566 -11.3249691 0.830805098
567 -11.51277081 0.827856493
568 -11.6917838 0.8250249489
569 -11.86310752 0.8222962663
570 -12.02769934 0.8196578298
571 -12.1863954 0.8170984196
572 -12.33992814 0.8146080447
573 -12.488941 0.8121777957
574 -12.63400083 0.8097997148
575 -12.77560841 0.8074666814
576 -12.91420735 0.8051723118
577 -13.05019176 0.8029108713
578 -13.18391271 0.8006771966
579 -13.31568387 0.7984666283
580 -13.44578625 0.7962749504
581 -13.57447244 0.7940983385
582 -13.70197014 0.7919333131
583 -13.8284853 0.7897766989
584 -13.95420482 0.7876255888
585 -14.07929896 0.7854773115
586 -14.20392336 0.7833294039
587 -14.3282209 0.7811795856
588 -14.45232328 0.7790257363
589 -14.57635243 0.7768658765
590 -14.70042177 0.7746981491
591 -14.82463732 0.7725208036
592 -14.94909865 0.7703321819
593 -15.07389982 0.7681307052
594 -15.19913014 0.7659148621
595 -15.32487485 0.7636831983
596 -15.45121582 0.761434307
597 -15.57823209 0.7591668192
598 -15.70600044 0.7568793967
599 -15.83459583 0.7545707236
600 -15.96409188 0.7522394996
601 -16.0945613 0.7498844336
602 -16.22607624 0.7475042372
603 -16.35870869 0.745097619
604 -16.49253084 0.742663279
605 -16.62761535 0.740199903
606 -16.76403575 0.7377061577
607 -16.9018667 0.7351806855
608 -17.04118431 0.7326220993
609 -17.18206644 0.7300289778
610 -17.324593 0.7273998608
611 -17.46884623 0.7247332437
612 -17.61491105 0.7220275731
613 -17.76287531 0.7192812415
614 -17.91283013 0.7164925825
615 -18.06487023 0.7136598653
616 -18.21909424 0.7107812898
617 -18.37560503 0.7078549807
618 -18.53451012 0.7048789823
619 -18.69592199 0.7018512527
620 -18.85995848 0.6987696577
621 -19.02674325 0.6956319647
622 -19.1964061 0.6924358368
623 -19.36908352 0.6891788257
624 -19.54491908 0.6858583655
625 -19.72406397 0.6824717655
626 -19.90667748 0.6790162038
627 -20.09292756 0.6754887196
628 -20.28299137 0.6718862063
629 -20.4770559 0.6682054043
630 -20.67531852 0.664442894
