0 -64.78507633 0.1070767981
1 -40.92023091 0.2687417437
2 21.92199482 0.9526272205
3 43.55841028 0.9999637811
4 52.2663471 0.9999949411
5 61.96169079 0.9999992188
6 52.93200446 0.999996806
7 45.59297239 0.999986715
8 38.97264883 0.999952843
9 32.79229446 0.9998483733
10 27.00154684 0.9995539775
11 21.61097257 0.9988037458
12 16.64756795 0.9970942143
13 12.13963013 0.9936476046
14 8.107301116 0.9875438418
15 4.554662366 0.9780576257
16 1.465210117 0.9650238582
17 -1.197120734 0.9489494685
18 -3.481934951 0.9307906412
19 -5.444427513 0.9115918533
20 -7.138624684 0.8922180297
21 -8.613229795 0.8732557242
22 -9.909903776 0.8550339427
23 -11.06315812 0.8376916638
24 -12.10106892 0.8212463478
25 -13.04628324 0.8056463529
26 -13.91703423 0.7908057236
27 -14.72804118 0.7766252336
28 -15.49125801 0.7630041617
29 -16.21647438 0.7498463275
30 -16.91178908 0.7370627752
31 -17.58397897 0.724572608
32 -18.23878496 0.7123028685
33 -18.88113325 0.7001879825
34 -19.51530624 0.6881690558
35 -20.14507432 0.676193177
36 -20.77379735 0.6642128053
37 -21.40450197 0.6521852812
38 -22.03993996 0.6400724706
39 -22.68263097 0.6278405452
40 -23.3348925 0.6154598906
41 -23.9988591 0.6029051328
42 -24.67649238 0.5901552678
43 -25.3695831 0.5771938772
44 -26.07974644 0.5640094075
45 -26.80841157 0.5505954882
46 -27.55680654 0.5369512584
47 -28.32593977 0.5230816672
48 -29.11657951 0.5089977111
49 -29.92923292 0.4947165698
50 -30.76412637 0.4802616024
51 -31.62118888 0.4656621716
52 -32.50004063 0.4509532709
53 -33.39998811 0.4361749416
54 -34.3200275 0.4213714809
55 -35.25885724 0.4065904603
56 -36.21490028 0.3918815882
57 -37.18633578 0.3772954666
58 -38.17113929 0.3628823036
59 -39.16712991 0.3486906472
60 -40.17202218 0.3347662075
61 -41.18348031 0.3211508268
62 -42.19917194 0.3078816439
63 -43.21681902 0.2949904856
64 -44.23424348 0.2825034972
65 -45.2494059 0.2704410091
66 -46.26043601 0.2588176204
67 -47.26565445 0.2476424686
68 -48.26358563 0.2369196467
69 -49.25296235 0.2266487289
70 -50.2327228 0.216825362
71 -51.20200119 0.2074418882
72 -52.160113 0.1984879664
73 -53.10653632 0.1899511686
74 -54.04089016 0.1818175327
75 -54.96291106 0.1740720593
76 -55.87242879 0.1666991467
77 -56.76934205 0.1596829598
78 -57.65359488 0.1530077351
79 -58.5251543 0.1466580235
80 -59.38398984 0.1406188754
81 -60.23005531 0.1348759747
82 -61.06327319 0.129415725
83 -61.88352197 0.1242252969
84 -62.69062662 0.1192926409
85 -63.48435244 0.1146064715
86 -64.26440221 0.1101562302
87 -65.03041665 0.1059320311
88 -65.78197811 0.1019245956
89 -66.51861704 0.09812518079
90 -67.23982111 0.09452550526
91 -67.94504622 0.09111767734
92 -68.6337292 0.08789412782
93 -69.30530133 0.0848475501
94 -69.9592023 0.08197084921
95 -70.59489397 0.07925710072
96 -71.21187333 0.07669951966
97 -71.80968445 0.07429143925
98 -72.38792871 0.07202629856
99 -72.94627347 0.06989763794
100 -73.4844586 0.06789910086
101 -74.0023011 0.06602444085
102 -74.49969777 0.06426753184
103 -74.97662591 0.06262238088
104 -75.43314236 0.06108314173
105 -75.869381 0.05964412864
106 -76.28554897 0.0582998292
107 -76.68192182 0.05704491599
108 -77.05883789 0.05587425633
109 -77.41669206 0.05478292008
110 -77.75592919 0.05376618534
111 -78.0770374 0.05281954196
112 -78.38054129 0.05193869315
113 -78.66699539 0.05111955513
114 -78.93697781 0.05035825514
115 -79.19108423 0.04965112803
116 -79.42992238 0.04899471152
117 -79.6541069 0.04838574058
118 -79.86425471 0.04782114083
119 -80.06098088 0.0472980215
120 -80.24489498 0.04681366775
121 -80.41659792 0.04636553287
122 -80.57667926 0.0459512302
123 -80.7257149 0.04556852504
124 -80.86426527 0.04521532662
125 -80.99287374 0.0448896801
126 -81.11206553 0.04458975891
127 -81.22234681 0.04431385713
128 -81.32420407 0.04406038228
129 -81.41810382 0.0438278483
130 -81.50449236 0.04361486892
131 -81.58379586 0.04342015128
132 -81.65642046 0.04324248989
133 -81.72275259 0.04308076095
134 -81.78315939 0.04293391692
135 -81.83798912 0.04280098145
136 -81.88757177 0.04268104462
137 -81.93221963 0.04257325844
138 -81.9722279 0.04247683262
139 -82.0078754 0.04239103067
140 -82.03942522 0.04231516621
141 -82.06712541 0.0422485995
142 -82.09120966 0.04219073425
143 -82.11189801 0.04214101463
144 -82.12939749 0.04209892245
145 -82.14390282 0.04206397458
146 -82.15559702 0.04203572053
147 -82.16465205 0.04201374016
148 -82.17122942 0.04199764162
149 -82.17548075 0.04198705937
150 -82.17754836 0.04198165237
151 -82.17756578 0.0419811024
152 -82.17565826 0.04198511246
153 -82.17194328 0.04199340535
154 -82.16653098 0.04200572228
155 -82.15952463 0.04202182162
156 -59.89506636 0.1173043793
157 16.24857055 0.7688564078
158 42.32280202 0.999941549
159 45.58790857 0.9999834289
160 51.46011846 0.9999943299
161 43.10386653 0.9999782772
162 38.33022109 0.999944705
163 34.10513331 0.9998769734
164 29.96079127 0.9997333398
165 25.87762834 0.9994333882
166 21.90884731 0.9988324972
167 18.10855657 0.9976938392
168 14.52204744 0.995674185
169 11.18647958 0.9923503125
170 8.130678507 0.9873074242
171 5.373034181 0.9802751527
172 2.91917966 0.9712471814
173 0.7613481653 0.9605096593
174 -1.11977586 0.9485589009
175 -2.75133891 0.9359613031
176 -4.164124538 0.9232295449
177 -5.389062752 0.9107553343
178 -6.454941901 0.8987964399
179 -7.387254669 0.8874958139
180 -8.207859202 0.8769116997
181 -8.935121977 0.867046315
182 -9.584292627 0.8578683134
183 -10.16795508 0.8493285131
184 -10.69647105 0.8413700875
185 -11.17837744 0.833934752
186 -11.62072515 0.8269662654
187 -12.0293596 0.8204122261
188 -12.40914901 0.8142248308
189 -12.76416863 0.8083610301
190 -13.09784837 0.8027823539
191 -13.41309127 0.7974545705
192 -13.71236839 0.7923472777
193 -13.99779506 0.787433482
194 -14.27119242 0.7826891935
195 -14.53413712 0.7780930532
196 -14.78800185 0.7736259972
197 -15.03398837 0.7692709591
198 -15.27315464 0.7650126083
199 -15.50643724 0.7608371212
200 -15.73466992 0.7567319825
201 -15.95859913 0.7526858118
202 -16.17889699 0.7486882128
203 -16.39617223 0.7447296427
204 -16.61097946 0.7408012973
205 -16.82382709 0.7368950117
206 -17.03518406 0.7330031723
207 -17.24548567 0.7291186405
208 -17.45513861 0.7252346845
209 -17.66452536 0.7213449201
210 -17.87400799 0.7174432571
211 -18.08393157 0.7135238524
212 -18.29462711 0.7095810682
213 -18.50641424 0.7056094343
214 -18.71960356 0.7016036144
215 -18.9344988 0.697558376
216 -19.15139868 0.6934685639
217 -19.37059873 0.6893290758
218 -19.59239278 0.6851348409
219 -19.81707449 0.6808808013
220 -20.04493856 0.6765618957
221 -20.276282 0.6721730452
222 -20.51140515 0.6677091422
223 -20.75061267 0.6631650413
224 -20.99421435 0.6585355534
225 -21.24252588 0.653815442
226 -21.49586945 0.6489994233
227 -21.75457422 0.6440821698
228 -22.01897663 0.6390583164
229 -22.28942062 0.6339224724
230 -22.56625762 0.6286692369
231 -22.8498463 0.623293219
232 -23.14055221 0.6177890645
233 -23.4387471 0.6121514874
234 -23.74480798 0.6063753081
235 -24.05911589 0.6004554985
236 -24.38205436 0.5943872338
237 -24.71400753 0.5881659514
238 -25.05535782 0.5817874177
239 -25.40648338 0.575247801
240 -25.76775492 0.5685437521
241 -26.13953235 0.5616724906
242 -26.52216086 0.5546318962
243 -26.91596672 0.5474206043
244 -27.32125271 0.540038103
245 -27.73829319 0.5324848307
246 -28.16732905 0.5247622706
247 -28.60856245 0.5168730401
248 -29.06215149 0.5088209715
249 -29.52820505 0.5006111804
250 -30.00677781 0.492250119
251 -30.49786556 0.4837456099
252 -31.00140119 0.4751068587
253 -31.51725121 0.4663444411
254 -32.0452132 0.4574702634
255 -32.58501421 0.4484974949
256 -33.13631018 0.4394404723
257 -33.69868669 0.4303145754
258 -34.27166077 0.4211360788
259 -34.85468408 0.4119219787
260 -35.44714729 0.4026898033
261 -36.0483856 0.3934574069
262 -36.65768532 0.3842427575
263 -37.27429135 0.3750637209
264 -37.8974154 0.3659378476
265 -38.52624471 0.3568821699
266 -39.15995112 0.3479130119
267 -39.79770022 0.3390458196
268 -40.43866032 0.3302950124
269 -41.08201125 0.32167386
270 -41.72695247 0.3131943866
271 -42.37271071 0.3048673015
272 -43.01854673 0.2967019575
273 -43.66376121 0.2887063343
274 -44.3076998 0.2808870467
275 -44.94975715 0.2732493732
276 -45.58938 0.2657973042
277 -46.22606935 0.2585336047
278 -46.85938175 0.2514598906
279 -47.48892971 0.2445767138
280 -48.11438137 0.2378836544
281 -48.73545949 0.2313794171
282 -49.35193977 0.2250619289
283 -49.96364865 0.2189284377
284 -50.57046057 0.2129756084
285 -51.17229488 0.2071996163
286 -51.76911231 0.2015962364
287 -52.36091122 0.1961609283
288 -52.94772346 0.1908889152
289 -53.52961012 0.1857752578
290 -54.10665704 0.1808149217
291 -54.67897021 0.1760028396
292 -55.24667101 0.171333967
293 -55.80989143 0.1668033322
294 -56.36876928 0.1624060803
295 -56.92344333 0.1581375112
296 -57.47404866 0.1539931124
297 -58.020712 0.1499685858
298 -58.56354737 0.1460598686
299 -59.10265191 0.1422631494
300 -59.63810208 0.1385748782
301 -60.16995018 0.1349917717
302 -60.69822146 0.1315108135
303 -61.22291164 0.1281292487
304 -61.74398503 0.1248445754
305 -62.26137335 0.1216545306
306 -62.77497516 0.1185570737
307 -63.28465592 0.1155503665
308 -63.79024883 0.1126327502
309 -64.29155623 0.1098027214
310 -64.7883517 0.1070589067
311 -40.92368127 0.2687039525
312 21.92549857 0.9526254118
313 43.5596058 0.999963792
314 52.26585933 0.9999949407
315 61.96041103 0.9999992187
316 52.93074793 0.9999968052
317 45.59209537 0.9999867126
318 38.97215927 0.9999528383
319 32.79213095 0.9998483678
320 27.00163797 0.9995539829
321 21.61125071 0.9988038012
322 16.64797343 0.9970944123
323 12.14011394 0.9936481104
324 8.107826733 0.9875448805
325 4.555206123 0.9780594279
326 1.465759772 0.9650265969
327 -1.196568854 0.9489532309
328 -3.481379166 0.9307954442
329 -5.443863478 0.9115976776
330 -7.13804716 0.8922248478
331 -8.612633592 0.8732635146
332 -9.909284139 0.8550426942
333 -11.06251082 0.8377013751
334 -12.1003902 0.821257026
335 -13.04556971 0.8056580116
336 -13.91628278 0.7908183817
337 -14.72724887 0.776638914
338 -15.49042201 0.7630188908
339 -16.2155919 0.7498621347
340 -16.91085733 0.7370796925
341 -17.58299511 0.7245906694
342 -18.2377461 0.7123221095
343 -18.88003643 0.7002084402
344 -19.51414837 0.6881907681
345 -20.14385224 0.6762161818
346 -20.77250778 0.6642371402
347 -21.40314157 0.6522109824
348 -22.03850529 0.640099572
349 -22.68111856 0.6278690773
350 -23.33329886 0.6154898793
351 -23.99718078 0.6029365978
352 -24.674726 0.5901882212
353 -25.36772543 0.5772283215
354 -26.07779449 0.5640453342
355 -26.80636262 0.5506328759
356 -27.55465828 0.5369900712
357 -28.32369036 0.523121853
358 -29.1142277 0.5090392008
359 -29.92677812 0.4947592762
360 -30.76156875 0.48030542
361 -31.61852946 0.465706977
362 -32.49728129 0.4509989239
363 -33.39713166 0.4362212867
364 -34.31707766 0.4214183499
365 -35.25581863 0.4066376754
366 -36.21177834 0.3919289657
367 -37.1831367 0.3773428205
368 -38.16786988 0.3629294502
369 -39.16379746 0.3487374086
370 -40.16863429 0.3348124157
371 -41.18004473 0.3211963268
372 -42.1956964 0.3079262964
373 -43.21331108 0.2950341689
374 -44.23071038 0.2825461084
375 -45.24585445 0.2704824644
376 -46.25687249 0.2588578551
377 -47.26208451 0.2476814358
378 -48.26001431 0.2369573166
379 -49.24939401 0.2266850865
380 -50.22916118 0.2168604057
381 -51.1984494 0.2074756276
382 -52.15657363 0.1985204201
383 -53.10301142 0.1899823628
384 -54.0373814 0.1818474989
385 -54.95941975 0.174100833
386 -55.86895602 0.1667267657
387 -56.76588874 0.1597094634
388 -57.65016187 0.1530331626
389 -58.52174245 0.1466824135
390 -59.3806001 0.1406422655
391 -60.22668877 0.1348984006
392 -61.05993116 0.1294372206
393 -61.88020601 0.1242458939
394 -62.6873386 0.1193123689
395 -63.48109453 0.1146253581
396 -64.26117689 0.1101743009
397 -65.02722671 0.1059493099
398 -65.7788266 0.1019411052
399 -66.5155073 0.09814094248
400 -67.23675662 0.09454053966
401 -67.94203065 0.09113200448
402 -68.63076628 0.08790776741
403 -69.30239481 0.08486052175
404 -69.95635587 0.08198317261
405 -70.59211119 0.07926879575
406 -71.20915759 0.0767106065
407 -71.80703887 0.07430193839
408 -72.38535617 0.07203623084
409 -72.94377647 0.06990702448
410 -73.48203929 0.06790796303
411 -73.99996125 0.06603280017
412 -74.49743874 0.0642754099
413 -74.97444866 0.06262979921
414 -75.43104745 0.06109012174
415 -75.8673686 0.05965069148
416 -76.28361888 0.0583059957
417 -76.68007349 0.05705070651
418 -77.05707043 0.05587969075
419 -77.4150043 0.0547880177
420 -77.75431971 0.05377096482
421 -78.07550451 0.05282402129
422 -78.37908313 0.05194288961
423 -78.66560992 0.05112348527
424 -78.93566283 0.05036193477
425 -79.18983747 0.04965457219
426 -79.42874145 0.04899793454
427 -79.65298938 0.04838875601
428 -79.86319811 0.04782396154
429 -80.05998271 0.04730065962
430 -80.24395275 0.04681613475
431 -80.41570915 0.04636783954
432 -80.57584151 0.0459533867
433 -80.72492578 0.04557054094
434 -80.86352241 0.04521721087
435 -80.99217486 0.04489144114
436 -81.1114084 0.04459140463
437 -81.22172927 0.04431539494
438 -81.32362405 0.0440618191
439 -81.41755932 0.04382919063
440 -81.50398146 0.04361612283
441 -81.58331672 0.04342132245
442 -81.65597131 0.04324358364
443 -81.72233177 0.04308178224
444 -81.78276529 0.04293487038
445 -81.83762022 0.04280187144
446 -81.88722663 0.04268187518
447 -81.93189686 0.04257403336
448 -81.97192622 0.04247755545
449 -82.00759357 0.04239170471
450 -82.03916208 0.04231579455
451 -82.06687986 0.04224918502
452 -82.09098066 0.04219127965
453 -82.11168457 0.04214152243
454 -82.1291987 0.04209939501
455 -82.1437178 0.0420644141
456 -82.15542495 0.04203612906
457 -82.16449216 0.04201411963
458 -82.17108098 0.04199799383
459 -82.17534308 0.04198738599
460 -82.17742081 0.04198195498
461 -82.17744774 0.04198138246
462 -82.17554917 0.04198537135
463 -82.1718426 0.04199364436
464 -82.16643822 0.04200594261
465 -82.15943931 0.04202202439
