0 -66.67597915 0.0972561742
1 -67.28694638 0.09422615219
2 -67.88871851 0.09132258771
3 -68.4806424 0.08854318296
4 -69.06204904 0.08588561514
5 -69.63226508 0.08334749887
6 -70.19062453 0.08092635586
7 -70.73648013 0.07861959231
8 -71.26921427 0.07642448419
9 -71.78824882 0.07433817019
10 -72.29305396 0.0723576517
11 -72.78315553 0.07047979901
12 -73.25814108 0.06870136281
13 -73.7176642 0.06701898977
14 -74.16144755 0.06542924129
15 -74.58928424 0.06392861417
16 -75.00103797 0.06251356234
17 -75.39664189 0.06118051875
18 -75.77609638 0.05992591678
19 -76.13946593 0.05874621044
20 -76.48687522 0.05763789308
21 -76.81850474 0.05659751429
22 -77.13458583 0.05562169471
23 -77.43539563 0.05470713874
24 -77.72125173 0.05385064524
25 -77.99250696 0.05304911605
26 -78.2495441 0.05229956272
27 -78.49277092 0.05159911137
28 -78.72261533 0.05094500598
29 -78.93952084 0.05033461026
30 -79.14394241 0.04976540822
31 -79.3363425 0.04923500368
32 -79.51718761 0.0487411189
33 -79.6869451 0.04828159243
34 -79.84608036 0.04785437627
35 -79.99505439 0.04745753269
36 -80.1343216 0.04708923054
37 -80.26432803 0.04674774133
38 -80.38550978 0.04643143515
39 -80.49829174 0.0461387764
40 -80.60308653 0.04586831951
41 -80.70029375 0.04561870471
42 -80.79029905 0.04538865413
43 -80.87347214 0.04517697112
44 -80.95015147 0.04498256695
45 -81.02051247 0.04480472749
46 -81.08340656 0.04464548882
47 -81.12612936 0.04453055913
48 -81.03429032 0.04469411399
49 -79.79916198 0.04727332496
50 -68.6245374 0.07736414259
51 15.04732894 0.794228664
52 38.28333999 0.9998902007
53 37.95428245 0.9999363297
54 36.06244651 0.9999112414
55 33.16154125 0.9998499346
56 29.55003747 0.9997097485
57 25.58354217 0.9994011291
58 21.55326245 0.9987571074
59 17.65012452 0.997504834
60 13.98641327 0.9952640933
61 10.62443405 0.9916027822
62 7.5948434 0.9861563068
63 4.905719608 0.9787662996
64 2.547549796 0.9695588824
65 0.4976804862 0.958912978
66 -1.274812758 0.9473437099
67 -2.804430796 0.935371269
68 -4.125542979 0.9234306094
69 -5.270009266 0.9118356976
70 -6.266001212 0.9007836109
71 -7.137674634 0.8903775972
72 -7.905344182 0.8806540458
73 -8.585898988 0.8716059255
74 -9.193296514 0.8632004456
75 -9.73904642 0.8553912446
76 -10.2326441 0.8481262803
77 -10.68194061 0.841352656
78 -11.09344947 0.8350193931
79 -11.47259706 0.8290788848
80 -11.82392492 0.8234875351
81 -12.15125262 0.8182059123
82 -12.45780856 0.8131986276
83 -12.74633524 0.8084340691
84 -13.01917397 0.8038840713
85 -13.27833348 0.7995235655
86 -13.52554544 0.7953302386
87 -13.76230979 0.7912842139
88 -13.98993169 0.7873677599
89 -14.20955198 0.7835650296
90 -14.42217224 0.7798618293
91 -14.62867561 0.7762454144
92 -14.82984415 0.772704311
93 -15.02637334 0.7692281585
94 -15.21888436 0.7658075725
95 -15.40793442 0.7624340237
96 -15.59402558 0.7590997328
97 -15.77761229 0.7557975765
98 -15.95910787 0.752521006
99 -16.13889003 0.7492639745
100 -16.31730576 0.7460208733
101 -16.49467546 0.7427864748
102 -16.67129664 0.7395558825
103 -16.84744711 0.7363244859
104 -17.02338779 0.7330879206
105 -17.19936522 0.7298420327
106 -17.37561376 0.726582846
107 -17.5523576 0.7233065336
108 -17.72981249 0.7200093909
109 -17.9081874 0.716687812
110 -18.08768595 0.7133382676
111 -18.26850778 0.7099572848
112 -18.45084974 0.7065414284
113 -18.63490711 0.7030872835
114 -18.82087463 0.6995914394
115 -19.00894753 0.696050474
116 -19.19932252 0.6924609399
117 -19.39219871 0.6888193505
118 -19.58777849 0.685122167
119 -19.78626844 0.6813657866
120 -19.98788017 0.67754653
121 -20.19283114 0.6736606312
122 -20.4013455 0.6697042263
123 -20.61365494 0.6656733439
124 -20.82999945 0.6615638957
125 -21.05062815 0.6573716683
126 -21.27580007 0.6530923154
127 -21.50578497 0.6487213513
128 -21.74086405 0.6442541453
129 -21.98133076 0.639685918
130 -22.22749148 0.6350117391
131 -22.4796662 0.6302265266
132 -22.7381892 0.6253250495
133 -23.00340955 0.6203019323
134 -23.27569164 0.6151516634
135 -23.55541556 0.6098686069
136 -23.84297729 0.6044470192
137 -24.13878886 0.5988810708
138 -24.44327815 0.5931648733
139 -24.75688863 0.5872925139
140 -25.08007863 0.5812580967
141 -25.41332045 0.5750557932
142 -25.75709897 0.5686799008
143 -26.11190988 0.5621249121
144 -26.47825737 0.5553855946
145 -26.85665128 0.5484570815
146 -27.24760365 0.5413349736
147 -27.65162452 0.5340154537
148 -28.06921711 0.5264954103
149 -28.50087214 0.5187725729
150 -28.94706147 0.5108456545
151 -29.40823094 0.5027145009
152 -29.88479243 0.4943802428
153 -30.3771154 0.485845447
154 -30.88551776 0.4771142615
155 -31.41025649 0.4681925495
156 -31.951518 0.4590880058
157 -32.50940871 0.449810248
158 -33.08394597 0.4403708767
159 -33.67504982 0.4307834977
160 -34.28253579 0.4210636987
161 -34.90610937 0.4112289781
162 -35.54536225 0.4012986203
163 -36.19977088 0.3912935176
164 -36.8686975 0.3812359403
165 -37.55139382 0.3711492586
166 -38.24700755 0.3610576229
167 -38.95459159 0.3509856138
168 -39.67311573 0.3409578702
169 -40.40148071 0.3309987121
170 -41.13853397 0.3211317681
171 -41.8830868 0.3113796241
172 -42.63393223 0.3017635032
173 -43.38986305 0.2923029893
174 -44.14968937 0.2830158
175 -44.91225529 0.2739176166
176 -45.67645393 0.2650219717
177 -46.44124075 0.2563401949
178 -47.20564465 0.247881413
179 -47.96877666 0.2396525998
180 -48.7298363 0.2316586694
181 -49.4881155 0.2239026044
182 -50.24300008 0.2163856126
183 -50.99396914 0.209107303
184 -51.74059239 0.2020658746
185 -52.48252562 0.1952583113
186 -53.21950468 0.1886805767
187 -53.95133795 0.1823278048
188 -54.6778978 0.1761944825
189 -55.39911097 0.1702746206
190 -56.11494828 0.1645619117
191 -56.82541377 0.1590498735
192 -57.53053345 0.1537319764
193 -58.23034386 0.1486017543
194 -58.92488067 0.1436528994
195 -59.61416756 0.1388793408
196 -60.29820545 0.1342753055
197 -60.97696251 0.1298353646
198 -61.65036511 0.1255544631
199 -62.31828991 0.1214279351
200 -62.98055742 0.1174515049
201 -63.63692728 0.1136212749
202 -64.28709529 0.109933702
203 -64.93069253 0.1063855643
204 -65.56728658 0.1029739193
205 -66.19638476 0.09969605591
206 -66.8174395 0.09654944336
207 -67.42985552 0.09353167801
208 -68.03299871 0.09064043098
209 -68.62620637 0.08787339869
210 -69.20879837 0.08522825786
211 -69.78008906 0.0827026266
212 -70.33939926 0.08029403265
213 -70.88606812 0.07799988937
214 -71.4194644 0.07581747968
215 -71.93899684 0.07374394783
216 -72.44412338 0.07177629844
217 -72.93435901 0.06991140202
218 -73.40928204 0.06814600597
219 -73.86853888 0.06647675004
220 -74.31184715 0.06490018498
221 -74.73899728 0.06341279353
222 -75.14985268 0.06201101243
223 -75.54434858 0.06069125481
224 -75.92248968 0.0594499321
225 -76.28434697 0.05828347482
226 -76.63005354 0.05718835186
227 -76.9598 0.05616108787
228 -77.2738293 0.05519827862
229 -77.57243132 0.05429660414
230 -77.85593739 0.05345283979
231 -78.12471467 0.0526638651
232 -78.37916075 0.0519266708
233 -78.61969831 0.05123836378
234 -78.84677019 0.05059617064
235 -79.06083457 0.04999743951
236 -79.2623607 0.04943964075
237 -79.4518248 0.04892036645
238 -79.62970647 0.04843732901
239 -79.79648546 0.04798835889
240 -79.95263874 0.04757140182
241 -80.09863802 0.04718451537
242 -80.23494759 0.04682586527
243 -80.36202245 0.04649372134
244 -80.48030678 0.04618645328
245 -80.59023269 0.0459025263
246 -80.69221918 0.04564049674
247 -80.78667142 0.04539900763
248 -80.87398011 0.04517678434
249 -80.95452115 0.04497263023
250 -81.02865537 0.04478542251
251 -81.09672844 0.04461410811
252 -81.15907092 0.04445769974
253 -81.21599836 0.04431527212
254 -81.26781154 0.04418595832
255 -81.31479676 0.0440689463
256 -81.35722615 0.04396347558
257 -81.39535811 0.04386883412
258 -81.42943768 0.04378435532
259 -81.45969706 0.04370941519
260 -81.48635604 0.04364342969
261 -81.50962246 0.04358585228
262 -81.52969255 0.0435361719
263 -81.54674955 0.04349391446
264 -81.56094809 0.04345867301
265 -81.57227043 0.04343039454
266 -81.57924085 0.04341195182
267 -81.56745376 0.04343210765
268 -81.40725168 0.04375147632
269 -79.94226101 0.04679101357
270 -66.97619188 0.08264318947
271 22.9438356 0.8723446021
272 38.49678127 0.9999151968
273 37.98486599 0.9999367585
274 36.10065804 0.9999118269
275 33.25504463 0.9998523182
276 29.73328034 0.9997188261
277 25.87607072 0.9994308568
278 21.95958824 0.9988415396
279 18.16357524 0.9977144558
280 14.59330096 0.995721951
281 11.30738301 0.9924883804
282 8.335478135 0.9876854534
283 5.68691245 0.9811482909
284 3.355085703 0.9729504472
285 1.32110762 0.9633924981
286 -0.4421629252 0.9529143121
287 -1.966011277 0.9419834456
288 -3.282410795 0.9310090902
289 -4.42163204 0.9203003886
290 -5.410914472 0.910061787
291 -6.273956035 0.9004089314
292 -7.030925454 0.8913912257
293 -7.698754564 0.8830131391
294 -8.2915468 0.8752511631
295 -8.821005838 0.8680660301
296 -9.29683535 0.8614109324
297 -9.727089504 0.8552367486
298 -10.1184695 0.8494951853
299 -10.47656918 0.8441405348
300 -10.80607603 0.8391305481
301 -11.11093433 0.8344267631
302 -11.3944775 0.8299945094
303 -11.65953501 0.8258027324
304 -11.90851915 0.8218237263
305 -12.14349541 0.8180328275
306 -12.36623978 0.8144081045
307 -12.57828559 0.8109300578
308 -12.78096193 0.8075813426
309 -12.97542522 0.8043465164
310 -13.16268539 0.8012118131
311 -13.34362759 0.7981649414
312 -13.5190303 0.795194908
313 -13.68958053 0.792291861
314 -13.85588664 0.789446952
315 -14.01848915 0.7866522156
316 -14.17786997 0.7839004626
317 -14.33446025 0.781185187
318 -14.4886471 0.7785004834
319 -14.64077936 0.775840975
320 -14.79117261 0.7732017492
321 -14.94011344 0.7705783018
322 -15.0878632 0.7679664871
323 -15.23466127 0.765362474
324 -15.38072785 0.762762707
325 -15.52626647 0.7601638718
326 -15.67146615 0.7575628643
327 -15.81650333 0.7549567636
328 -15.96154358 0.7523428067
329 -16.10674306 0.7497183675
330 -16.25224992 0.7470809358
