0 -81.21773318 0.0442891413
1 -77.62379971 0.05275993687
2 -72.9127068 0.06761218325
3 -66.31019803 0.09394911849
4 -41.11673828 0.2349301456
5 39.79749423 0.9988000237
6 38.73154485 0.9999448196
7 37.17429177 0.9999274233
8 34.62555575 0.999885116
9 31.22376025 0.9997863534
10 27.34470892 0.9995653276
11 23.35393601 0.9991000561
12 19.49054455 0.9981937256
13 15.87845256 0.9965734957
14 12.57236643 0.9939225261
15 9.591957894 0.9899514657
16 6.938762484 0.9844911121
17 4.60273025 0.9775632348
18 2.56492006 0.9693890761
19 0.7997306281 0.9603307896
20 -0.7224412207 0.9507996986
21 -2.032466853 0.9411745282
22 -3.160237478 0.9317537909
23 -4.133185161 0.922742688
24 -4.975547252 0.914262409
25 -5.708186525 0.9063688872
26 -6.348754089 0.8990724281
27 -6.91202476 0.892354195
28 -7.410292143 0.8861784926
29 -7.853758857 0.880501226
30 -8.250890327 0.8752753762
31 -8.608720437 0.8704543433
32 -8.933108113 0.8659938516
33 -9.228949036 0.8618529234
34 -9.500348566 0.8579942737
35 -9.750762278 0.8543843569
36 -9.983109923 0.8509932185
37 -10.19986788 0.8477942417
38 -10.4031443 0.8447638517
39 -10.59474029 0.8418812071
40 -10.77620002 0.8391279015
41 -10.94885175 0.8364876844
42 -11.11384176 0.8339462053
43 -11.27216228 0.8314907841
44 -11.42467482 0.8291102066
45 -11.57212958 0.8267945429
46 -11.71518166 0.8245349887
47 -11.85440475 0.8223237245
48 -11.99030266 0.8201537937
49 -12.12331903 0.8180189954
50 -12.25384564 0.8159137902
51 -12.38222946 0.8138332187
52 -12.50877865 0.8117728294
53 -12.63376774 0.8097286165
54 -12.75744207 0.8076969647
55 -12.88002159 0.8056746012
56 -13.00170416 0.8036585531
57 -13.12266843 0.8016461107
58 -13.2430763 0.7996347948
59 -13.36307509 0.7976223275
60 -13.48279943 0.795606607
61 -13.60237289 0.7935856851
62 -13.72190945 0.7915577473
63 -13.84151477 0.7895210944
64 -13.96128728 0.7874741276
65 -14.08131924 0.7854153335
66 -14.20169756 0.7833432718
67 -14.32250465 0.7812565636
68 -14.44381905 0.7791538811
69 -14.56571615 0.7770339384
70 -14.68826871 0.7748954824
71 -14.81154739 0.7727372854
72 -14.93562125 0.7705581375
73 -15.06055813 0.7683568397
74 -15.18642515 0.766132198
75 -15.313289 0.7638830171
76 -15.44121634 0.7616080946
77 -15.57027413 0.7593062159
78 -15.70052993 0.7569761488
79 -15.83205227 0.7546166383
80 -15.96491086 0.7522264017
81 -16.09917697 0.7498041237
82 -16.23492369 0.7473484514
83 -16.3722262 0.7448579894
84 -16.51116209 0.742331295
85 -16.65181167 0.7397668728
86 -16.79425821 0.7371631699
87 -16.93858835 0.7345185704
88 -17.08489231 0.7318313901
89 -17.23326431 0.7290998709
90 -17.38380285 0.7263221749
91 -17.53661114 0.7234963784
92 -17.6917974 0.7206204655
93 -17.84947532 0.7176923218
94 -18.00976444 0.7147097272
95 -18.17279062 0.7116703491
96 -18.33868648 0.7085717346
97 -18.50759193 0.7054113031
98 -18.67965463 0.7021863378
99 -18.85503062 0.6988939775
100 -19.03388484 0.6955312081
101 -19.21639177 0.6920948529
102 -19.4027361 0.6885815641
103 -19.59311338 0.6849878128
104 -19.78773077 0.6813098795
105 -19.98680777 0.6775438444
106 -20.19057703 0.6736855779
107 -20.3992852 0.6697307306
108 -20.6131937 0.6656747245
109 -20.8325797 0.6615127441
110 -21.05773694 0.6572397288
111 -21.2889767 0.6528503655
112 -21.52662868 0.648339084
113 -21.7710419 0.6437000529
114 -22.02258561 0.6389271785
115 -22.2816501 0.6340141074
116 -22.54864746 0.6289542312
117 -22.82401223 0.6237406972
118 -23.10820197 0.618366424
119 -23.40169755 0.6128241235
120 -23.70500327 0.6071063306
121 -24.01864674 0.6012054421
122 -24.34317828 0.595113766
123 -24.67917005 0.5888235823
124 -25.0272145 0.5823272174
125 -25.38792238 0.5756171336
126 -25.76191993 0.5686860343
127 -26.14984532 0.5615269875
128 -26.55234419 0.5541335671
129 -26.97006415 0.5465000136
130 -27.40364822 0.5386214134
131 -27.85372711 0.5304938955
132 -28.32091022 0.5221148445
133 -28.80577554 0.5134831258
134 -29.30885826 0.5045993178
135 -29.83063836 0.4954659463
136 -30.37152732 0.4860877113
137 -30.93185414 0.4764716986
138 -31.51185115 0.4666275631
139 -32.11163986 0.4565676736
140 -32.73121762 0.446307207
141 -33.37044543 0.4358641783
142 -34.02903773 0.4252593974
143 -34.70655471 0.4145163447
144 -35.40239779 0.403660959
145 -36.11580882 0.3927213393
146 -36.84587339 0.3817273631
147 -37.59152846 0.3707102313
148 -38.35157441 0.3597019551
149 -39.12469118 0.3487348017
150 -39.90945816 0.3378407229
151 -40.70437714 0.3270507891
152 -41.50789738 0.3163946525
153 -42.31844202 0.3059000613
154 -43.13443459 0.2955924439
155 -43.95432481 0.2854945757
156 -44.77661259 0.2756263388
157 -45.59986959 0.2660045755
158 -46.42275754 0.2566430354
159 -47.24404306 0.2475524074
160 -48.06260874 0.2387404282
161 -48.87746029 0.2302120528
162 -49.68773012 0.2219696747
163 -50.49267737 0.2140133812
164 -51.29168493 0.2063412299
165 -52.0842537 0.1989495362
166 -52.86999454 0.1918331596
167 -53.64861838 0.1849857827
168 -54.41992485 0.1784001739
169 -55.18378978 0.1720684324
170 -55.94015189 0.1659822092
171 -56.68899908 0.1601329049
172 -57.43035449 0.1545118417
173 -58.16426256 0.1491104112
174 -58.89077548 0.1439201969
175 -59.60994012 0.1389330733
176 -60.32178571 0.1341412828
177 -61.02631261 0.1295374912
178 -61.72348223 0.1251148233
179 -62.41320844 0.1208668808
180 -63.09535073 0.1167877433
181 -63.7697092 0.1128719549
182 -64.4360216 0.1091144979
183 -65.09396255 0.1055107559
184 -65.74314493 0.1020564689
185 -66.38312348 0.09874768208
186 -67.01340044 0.09558069153
187 -67.63343306 0.09255198825
188 -68.24264282 0.08965820377
189 -68.8404258 0.08689605874
190 -69.42616413 0.08426231651
191 -69.99923786 0.08175374293
192 -70.55903691 0.07936707348
193 -71.10497282 0.07709898817
194 -71.63648971 0.07494609434
195 -72.15307431 0.07290491712
196 -72.6542647 0.07097189697
197 -73.13965758 0.06914339342
198 -73.60891403 0.06741569412
199 -74.06176352 0.06578502796
200 -74.49800644 0.06424758134
201 -74.91751505 0.06279951634
202 -75.32023291 0.06143699007
203 -75.70617318 0.06015617401
204 -76.07541576 0.05895327302
205 -76.42810347 0.05782454313
206 -76.76443758 0.05676630789
207 -77.08467278 0.05577497295
208 -77.38911177 0.05484703866
209 -77.67809967 0.05397911065
210 -77.95201837 0.05316790842
211 -78.21128088 0.05241027198
212 -78.45632597 0.05170316671
213 -78.6876129 0.05104368648
214 -78.90561655 0.05042905539
215 -79.11082287 0.0498566281
216 -79.30372469 0.04932388905
217 -79.48481796 0.04882845076
218 -79.65459837 0.04836805121
219 -79.81355832 0.04794055073
220 -79.96218437 0.04754392822
221 -80.10095495 0.04717627706
222 -80.23033849 0.04683580073
223 -80.35079185 0.04652080819
224 -80.46275899 0.04622970914
225 -80.56667001 0.04596100933
226 -77.09867347 0.05433788593
227 -72.52003631 0.06910177193
228 -66.09737806 0.09511699653
229 -42.94877473 0.2240513279
230 39.69965596 0.9983268688
231 38.53641743 0.9999428711
232 36.75418862 0.9999218705
233 33.85960079 0.9998684242
234 30.02720044 0.9997357165
235 25.69078975 0.9994173063
236 21.2646362 0.9987015513
237 17.01875276 0.9972322847
238 13.09420681 0.9945168658
239 9.553473463 0.9900231907
240 6.41613049 0.9833602669
241 3.676101135 0.9744557199
242 1.309562104 0.9636121393
243 -0.7194020801 0.9514035554
244 -2.453088807 0.9384890892
245 -3.934949116 0.9254533323
246 -5.205799355 0.9127274658
247 -6.301746815 0.900581662
248 -7.25349751 0.8891548938
249 -8.086524768 0.8784941538
250 -8.821657947 0.8685888031
251 -9.475806401 0.8593958065
252 -10.06266619 0.8508564378
253 -10.59334299 0.8429065336
254 -11.07687225 0.8354823674
255 -11.52064046 0.8285237459
256 -11.93072058 0.8219754274
257 -12.31213678 0.8157875732
258 -12.66907254 0.809915668
259 -13.00503428 0.8043201737
260 -13.32298033 0.7989660641
261 -13.62542287 0.7938223294
262 -13.91450895 0.7888614917
263 -14.19208532 0.7840591569
264 -14.45975041 0.7793936092
265 -14.71889651 0.7748454524
266 -14.97074394 0.7703972942
267 -15.21636917 0.7660334707
268 -15.45672789 0.761739807
269 -15.69267423 0.7575034088
270 -15.92497667 0.7533124812
271 -16.15433153 0.7491561709
272 -16.38137429 0.7450244287
273 -16.60668921 0.7409078887
274 -16.83081765 0.7367977622
275 -17.05426513 0.7326857446
276 -17.27750755 0.7285639317
277 -17.5009966 0.7244247464
278 -17.72516452 0.7202608718
279 -17.95042839 0.7160651917
280 -18.17719388 0.7118307366
281 -18.4058588 0.7075506335
282 -18.63681617 0.7032180614
283 -18.87045718 0.6988262092
284 -19.10717391 0.694368237
285 -19.34736186 0.689837241
286 -19.59142238 0.6852262198
287 -19.83976494 0.6805280447
288 -20.09280935 0.675735431
289 -20.35098786 0.6708409135
290 -20.61474719 0.6658368237
291 -20.88455046 0.660715271
292 -21.16087906 0.6554681268
293 -21.44423438 0.6500870139
294 -21.73513945 0.6445633002
295 -22.03414038 0.6388880988
296 -22.34180767 0.6330522753
297 -22.65873726 0.6270464633
298 -22.98555121 0.6208610908
299 -23.32289809 0.6144864176
300 -23.67145292 0.6079125866
301 -24.03191647 0.6011296917
302 -24.40501395 0.5941278628
303 -24.7914929 0.5868973719
304 -25.19212015 0.5794287611
305 -25.60767766 0.5717129959
306 -26.03895718 0.5637416436
307 -26.4867535 0.5555070795
308 -26.95185625 0.5470027197
309 -27.43504 0.538223279
310 -27.93705276 0.529165053
311 -28.45860273 0.5198262168
312 -29.00034343 0.5102071352
313 -29.56285739 0.5003106743
314 -30.1466386 0.4901425026
315 -30.7520742 0.4797113659
316 -31.37942587 0.4690293212
317 -32.02881167 0.458111911
318 -32.70018909 0.4469782592
319 -33.39334021 0.435651073
320 -34.10785984 0.4241565358
321 -34.84314772 0.4125240811
322 -35.59840543 0.4007860445
323 -36.37263877 0.3889771964
324 -37.16466605 0.3771341672
325 -37.97313234 0.3652947842
326 -38.79652954 0.3534973465
327 -39.63322156 0.3417798691
328 -40.48147383 0.3301793322
329 -41.33948578 0.3187309685
330 -42.20542505 0.3074676217
331 -43.07746183 0.2964192035
332 -43.95380197 0.285612268
333 -44.83271748 0.275069715
334 -45.71257333 0.264810626
335 -46.59184977 0.2548502265
336 -47.46915959 0.2451999647
337 -48.34326009 0.2358676888
338 -49.21305988 0.2268579041
339 -50.07762069 0.2181720894
340 -50.93615467 0.2098090519
341 -51.7880177 0.2017653032
342 -52.63269937 0.1940354391
343 -53.46981018 0.1866125109
344 -54.29906658 0.1794883774
345 -55.12027446 0.1726540304
346 -55.93331162 0.1660998884
347 -56.73810958 0.159816056
348 -57.53463536 0.1537925466
349 -58.32287351 0.1480194699
350 -59.10280881 0.142487184
351 -59.87441005 0.137186413
352 -60.63761528 0.1321083341
353 -61.39231871 0.1272446339
354 -62.13835995 0.1225875389
355 -62.87551543 0.1181298209
356 -63.60349275 0.113864782
357 -64.32192768 0.1097862217
358 -65.03038433 0.10588839
359 -65.72835818 0.1021659292
360 -66.41528197 0.09861381015
361 -67.09053433 0.0952272638
362 -67.75345059 0.09200171433
363 -68.40333547 0.0889327149
364 -69.03947712 0.08601588973
365 -69.6611619 0.08324688418
366 -70.26768933 0.08062132438
367 -70.8583867 0.07813478716
368 -71.4326227 0.07578278035
369 -71.98981982 0.07356073316
370 -72.52946491 0.07146399553
371 -73.05111792 0.06948784546
372 -73.55441846 0.06762750264
373 -74.03909029 0.06587814699
374 -74.50494365 0.06423494055
375 -74.95187566 0.06269305121
376 -75.37986895 0.06124767711
377 -75.78898864 0.05989407057
378 -76.17937811 0.0586275607
379 -76.55125364 0.05744357413
380 -76.90489826 0.05633765331
381 -77.24065507 0.05530547217
382 -77.55892024 0.0543428491
383 -77.86013583 0.05344575714
384 -78.14478274 0.05261033162
385 -78.41337376 0.05183287536
386 -78.66644698 0.0511098616
387 -78.90455959 0.05043793508
388 -79.1282821 0.04981391132
389 -79.33819311 0.04923477454
390 -79.53487453 0.04869767431
391 -79.71890737 0.04819992126
392 -79.89086804 0.04773898201
393 -80.05132514 0.04731247352
394 -80.20083673 0.04691815706
395 -80.33994804 0.0465539318
396 -80.46918958 0.04621782833
397 -80.58907569 0.04590800208
398 -80.70010329 0.04562272676
399 -80.80275113 0.04536038791
400 -80.8974791 0.04511947652
401 -80.98472796 0.04489858293
402 -81.06491912 0.04469639082
403 -81.13845469 0.04451167157
404 -81.20571766 0.04434327875
405 -81.26707217 0.04419014292
406 -81.3228639 0.04405126667
407 -81.37342057 0.04392571998
408 -81.41905246 0.04381263572
409 -81.46005298 0.04371120554
410 -81.49669931 0.04362067591
411 -81.52925306 0.04354034442
412 -81.55796091 0.04346955636
413 -81.58305528 0.04340770143
414 -81.60475499 0.04335421074
415 -81.62326597 0.04330855396
416 -81.63878184 0.04327023667
417 -81.6514846 0.04323879791
418 -81.66154524 0.04321380785
419 -81.66912431 0.04319486563
420 -81.67437255 0.04318159741
421 -81.6774314 0.04317365447
422 -81.67843356 0.04317071148
423 -81.6775035 0.04317246488
424 -81.67475791 0.0431786314
425 -81.67030623 0.04318894665
426 -81.66425101 0.04320316382
427 -81.6566884 0.04322105248
428 -81.64770848 0.04324239745
429 -81.63739568 0.04326699777
430 -81.62582909 0.04329466572
431 -81.61308284 0.04332522592
432 -81.59922636 0.04335851448
433 -81.58432471 0.04339437825
434 -81.56843882 0.04343267409
435 -81.5516258 0.04347326816
436 -81.53393913 0.04351603535
437 -81.51542892 0.04356085865
438 -81.49614212 0.04360762864
439 -81.47612271 0.04365624297
440 -81.45541188 0.04370660591
441 -81.43404824 0.0437586279
442 -81.41206795 0.04381222515
443 -81.3895049 0.04386731925
444 -81.36639081 0.04392383685
445 -81.34275543 0.04398170931
446 -81.31862663 0.04404087239
447 -81.29403049 0.04410126599
448 -81.26899146 0.04416283388
449 -81.24353246 0.04422552345
450 -81.21767492 0.04428928546
451 -77.623741 0.0527601059
452 -72.91264345 0.06761240881
453 -66.31011565 0.09394949618
454 -41.11636293 0.2349328909
455 39.7974951 0.9988000727
456 38.73154111 0.9999448196
457 37.17428598 0.9999274233
458 34.62555072 0.9998851159
459 31.22376053 0.9997863534
460 27.34471848 0.9995653283
461 23.35395686 0.9991000593
462 19.49057688 0.9981937354
463 15.87849541 0.9965735203
464 12.57241821 0.9939225779
465 9.592016717 0.9899515606
466 6.93882647 0.9844912666
467 4.602797678 0.9775634626
468 2.5649895 0.9693893848
469 0.7998010023 0.9603311804
470 -0.7223706399 0.9508001673
471 -2.032396495 0.9411750673
472 -3.160167545 0.931754392
473 -4.133115696 0.9227433431
474 -4.975478196 0.9142631112
475 -5.708117761 0.9063696308
476 -6.348685474 0.8990732089
477 -6.911956143 0.8923550097
478 -7.410223375 0.8861793388
479 -7.853689799 0.8805021022
480 -8.250820856 0.875276281
481 -8.608650441 0.8704552759
482 -8.933037499 0.8659948114
483 -9.22887772 0.86185391
484 -9.50027648 0.8579952866
485 -9.750689363 0.854385396
486 -9.983036132 0.8509942835
487 -10.19979318 0.8477953326
488 -10.40306864 0.8447649682
489 -10.59466366 0.841882349
490 -10.77612239 0.8391290688
491 -10.94877311 0.836488877
492 -11.11376209 0.833947423
493 -11.27208157 0.8314920269
494 -11.42459307 0.8291114744
495 -11.57204677 0.8267958357
496 -11.71509779 0.8245363062
497 -11.85431982 0.8223250669
498 -11.99021665 0.820155161
499 -12.12323195 0.8180203875
500 -12.25375748 0.8159152071
501 -12.38214022 0.8138346604
502 -12.50868832 0.811774296
503 -12.63367632 0.8097301082
504 -12.75734955 0.8076984815
505 -12.87992795 0.8056761432
506 -13.0016094 0.8036601206
507 -13.12257254 0.8016477039
508 -13.24297927 0.7996364138
509 -13.36297691 0.7976239725
510 -13.48270008 0.7956082785
511 -13.60227236 0.7935873833
512 -13.72180772 0.7915594725
513 -13.84141181 0.7895228471
514 -13.96118309 0.7874759081
515 -14.08121378 0.7854171423
516 -14.20159081 0.7833451094
517 -14.32239658 0.7812584305
518 -14.44370964 0.7791557779
519 -14.56560536 0.7770358657
520 -14.68815651 0.7748974409
521 -14.81143375 0.7727392758
522 -14.93550612 0.7705601604
523 -15.06044148 0.768358896
524 -15.18630693 0.7661342886
525 -15.31316917 0.7638851427
526 -15.44109485 0.7616102563
527 -15.57015092 0.7593084147
528 -15.70040496 0.7569783857
529 -15.83192546 0.7546189145
530 -15.96478216 0.7522287184
531 -16.09904632 0.7498064821
532 -16.23479101 0.747350853
533 -16.37209142 0.7448604355
534 -16.51102514 0.7423337871
535 -16.65167245 0.7397694126
536 -16.79411665 0.7371657589
537 -16.93844434 0.7345212105
538 -17.08474576 0.7318340832
539 -17.23311511 0.729102619
540 -17.3836509 0.7263249801
541 -17.53645631 0.7234992429
542 -17.69163957 0.7206233917
543 -17.84931435 0.7176953121
544 -18.0096002 0.7147127844
545 -18.17262295 0.7116734759
546 -18.33851523 0.7085749341
547 -18.50741693 0.7054145784
548 -18.6794757 0.7021896922
549 -18.85484757 0.6988974146
550 -19.03369746 0.6955347316
551 -19.21619985 0.6920984668
552 -19.40253942 0.6885852725
553 -19.59291168 0.6849916202
554 -19.78752379 0.6813137906
555 -19.98659524 0.6775478642
556 -20.19035867 0.6736897116
557 -20.39906068 0.6697349838
558 -20.6129627 0.665679103
559 -20.83234186 0.6615172542
560 -21.05749189 0.6572443769
561 -21.28872405 0.6528551586
562 -21.52636799 0.6483440293
563 -21.77077273 0.6437051579
564 -22.02230749 0.6389324512
565 -22.28136251 0.6340195561
566 -22.54834988 0.6289598645
567 -22.8237041 0.6237465243
568 -23.10788268 0.6183724541
569 -23.40136648 0.6128303662
570 -23.70465976 0.6071127959
571 -24.0182901 0.6012121401
572 -24.3428078 0.595120707
573 -24.67878497 0.5888307765
574 -25.02681404 0.5823346752
575 -25.38750575 0.5756248651
576 -25.76148629 0.5686940494
577 -26.14939384 0.5615352956
578 -26.55187401 0.554142177
579 -26.96957441 0.5465089334
580 -27.40313807 0.5386306498
581 -27.85319571 0.5305034542
582 -28.32035676 0.5221247294
583 -28.80519926 0.5134933389
584 -29.30825843 0.5046098589
585 -29.83001435 0.4954768127
586 -30.37087857 0.4860988976
587 -30.93118022 0.4764831961
588 -31.51115172 0.4666393598
589 -32.11091475 0.4565797542
590 -32.73046682 0.4463195526
591 -33.36966909 0.4358767661
592 -34.02823621 0.4252722013
593 -34.70572855 0.414529335
594 -35.40154774 0.4036741031
595 -36.11493584 0.3927346019
596 -36.84497863 0.3817407065
597 -37.59061326 0.3707236165
598 -38.35064028 0.359715342
599 -39.12373978 0.3487481498
600 -39.90849127 0.3378539926
601 -40.70339664 0.3270639416
602 -41.50690521 0.3164076511
603 -42.31744014 0.3059128716
604 -43.13342496 0.2956050345
605 -43.95330935 0.2855069186
606 -44.77559317 0.2756384094
607 -45.59884797 0.2660163532
608 -46.42173537 0.2566545033
609 -47.24302186 0.2475635523
610 -48.06158988 0.2387512406
611 -48.876445 0.2302225265
612 -49.68671946 0.2219798067
613 -50.49167225 0.2140231711
614 -51.29068612 0.2063506798
615 -52.08326181 0.1989586503
616 -52.86901005 0.1918419439
617 -53.64764167 0.1849942443
618 -54.41895619 0.1784083214
619 -55.18282932 0.1720762749
620 -55.93919974 0.1659897563
621 -56.6880553 0.1601401665
622 -57.42941908 0.1545188279
623 -58.16333552 0.149117132
624 -58.8898568 0.1439266618
625 -59.60902979 0.1389392917
626 -60.32088378 0.1341472636
627 -61.02541915 0.1295432427
628 -61.72259736 0.1251203533
629 -62.41233236 0.1208721965
630 -63.09448371 0.1167928515
631 -63.76885159 0.1128768616
632 -64.43517382 0.1091192088
633 -65.0931251 0.1055152761
634 -65.7423184 0.1020608033
635 -66.38230852 0.09875183517
636 -67.01259777 0.0955846675
637 -67.63264345 0.09255579113
638 -68.24186706 0.08966183748
639 -68.83966473 0.08689952715
640 -69.4254186 0.08426562349
641 -69.99850869 0.08175689239
642 -70.55832491 0.07937006941
643 -71.10427877 0.07710183468
644 -71.63581434 0.07494879564
645 -72.15241829 0.07290747756
646 -72.65362861 0.07097432103
647 -73.13904194 0.06914568571
648 -73.60831925 0.06741785932
649 -74.06118993 0.06578707086
650 -74.49745429 0.06424950676
651 -74.91698447 0.06280132917
652 -75.31972395 0.06143869517
653 -75.7056858 0.06015777625
654 -76.07494983 0.0589547772
655 -76.42765878 0.05782595398
656 -76.76401385 0.05676763007
657 -77.08426966 0.05577621101
658 -77.38872885 0.05484819703
659 -77.67773649 0.0539801936
660 -77.95167442 0.0531689201
661 -78.21095562 0.05241121637
662 -78.45601882 0.05170404762
663 -78.68732327 0.05104450758
664 -78.90534381 0.05042982018
665 -79.11056639 0.0498573399
666 -79.30348383 0.04932455103
667 -79.48459209 0.04882906591
668 -79.65438685 0.04836862238
669 -79.81336051 0.0479410806
670 -79.96199965 0.04754441933
671 -80.10078271 0.04717673182
672 -80.23017814 0.04683622138
673 -80.35064279 0.04652119684
674 -80.46262067 0.04623006781
675 -80.56654187 0.04596133987
