0 -73.20033163 0.0689162111
1 -73.66311997 0.06721730889
2 -74.1102063 0.06561163655
3 -74.5413601 0.06409573545
4 -74.95642246 0.06266609438
5 -75.35530536 0.06131917162
6 -75.73798969 0.0600514168
7 -76.10452236 0.05885929176
8 -76.45501256 0.05773929004
9 -76.78962736 0.05668795457
10 -77.1085869 0.05570189347
11 -77.41215915 0.05477779361
12 -77.7006546 0.05391243218
13 -77.97442085 0.0531026861
14 -78.23383724 0.05234553943
15 -78.4793097 0.05163808898
16 -78.71126574 0.05097754823
17 -78.93014976 0.05036124966
18 -79.13641867 0.04978664587
19 -79.33053787 0.04925130946
20 -79.51297753 0.04875293192
21 -79.68420934 0.04828932179
22 -79.84470352 0.04785840206
23 -79.99492625 0.04745820706
24 -80.13533741 0.04708687894
25 -80.26638864 0.04674266386
26 -80.38852175 0.04642390784
27 -80.50216733 0.04612905265
28 -80.60774367 0.04585663144
29 -80.70565591 0.04560526447
30 -80.7962954 0.04537365479
31 -80.88003918 0.04516058401
32 -80.95724973 0.04496490812
33 -81.02827479 0.04478555351
34 -81.09344732 0.04462151298
35 -81.1530856 0.04447184202
36 -81.20749335 0.04433565516
37 -81.25696002 0.04421212251
38 -81.30176103 0.04410046645
39 -81.34215821 0.04399995848
40 -81.37840008 0.04390991622
41 -81.41072237 0.04382970064
42 -81.43934816 0.04375871383
43 -81.46448636 0.04369640048
44 -81.48631445 0.04364228118
45 -81.50482048 0.04359626846
46 -81.51839075 0.04356149987
47 -81.51121802 0.04356961094
48 -81.34110129 0.04390724158
49 -79.74129828 0.04724358297
50 -65.56997357 0.08766538684
51 25.89797295 0.9056079248
52 38.52245516 0.9999230182
53 37.91381968 0.9999359835
54 35.97499489 0.9999098164
55 33.08061187 0.9998475661
56 29.52269603 0.999707842
57 25.64286006 0.9994063218
58 21.71436921 0.998789614
59 17.91391476 0.997611994
60 14.34469998 0.9955354645
61 11.06402956 0.9921771367
62 8.100536045 0.98720957
63 5.462536656 0.9804790972
64 3.142400641 0.9720777806
65 1.120286335 0.9623251911
66 -0.6317039957 0.9516746376
67 -2.145361247 0.9405993747
68 -3.452925647 0.9295078869
69 -4.58474903 0.918704958
70 -5.568029166 0.9083894701
71 -6.42635284 0.8986718073
72 -7.179746478 0.8895970734
73 -7.844992665 0.8811665263
74 -8.43605227 0.8733544114
75 -8.964499714 0.8661199735
76 -9.439925143 0.859415473
77 -9.87028498 0.8531912441
78 -10.26219735 0.8473987085
79 -10.62118608 0.8419920412
80 -10.95187995 0.8369289795
81 -11.25817426 0.8321711081
82 -11.54336161 0.8276838348
83 -11.81023759 0.8234361967
84 -12.06118637 0.8194005806
85 -12.2982502 0.8155524104
86 -12.52318593 0.8118698322
87 -12.73751118 0.8083334124
88 -12.9425422 0.8049258599
89 -13.13942504 0.8016317735
90 -13.32916131 0.7984374159
91 -13.51262956 0.7953305143
92 -13.69060321 0.792300083
93 -13.86376544 0.789336268
94 -14.03272189 0.7864302109
95 -14.19801128 0.7835739279
96 -14.36011454 0.7807602047
97 -14.51946252 0.7779825038
98 -14.67644265 0.7752348826
99 -14.83140463 0.7725119214
100 -14.98466537 0.7698086603
101 -15.13651321 0.7671205432
102 -15.28721164 0.7644433681
103 -15.4370025 0.7617732438
104 -15.58610881 0.759106551
105 -15.73473718 0.7564399075
106 -15.88308003 0.7537701382
107 -16.03131745 0.751094247
108 -16.1796189 0.7484093928
109 -16.32814475 0.7457128673
110 -16.47704756 0.7430020747
111 -16.62647334 0.7402745141
112 -16.77656263 0.737527763
113 -16.92745146 0.7347594619
114 -17.07927228 0.7319673006
115 -17.23215482 0.7291490057
116 -17.38622678 0.7263023282
117 -17.54161465 0.7234250322
118 -17.69844429 0.7205148851
119 -17.85684164 0.7175696466
120 -18.01693331 0.7145870599
121 -18.17884714 0.711564842
122 -18.34271282 0.7085006753
123 -18.50866242 0.7053921984
124 -18.67683092 0.7022369981
125 -18.84735679 0.6990326008
126 -19.02038253 0.6957764647
127 -19.19605517 0.6924659716
128 -19.37452687 0.6890984185
129 -19.55595545 0.6856710103
130 -19.74050496 0.6821808518
131 -19.92834624 0.6786249397
132 -20.11965754 0.6750001549
133 -20.3146251 0.6713032556
134 -20.51344373 0.667530869
135 -20.7163175 0.6636794851
136 -20.92346035 0.6597454492
137 -21.13509672 0.6557249559
138 -21.35146224 0.6516140436
139 -21.57280436 0.6474085889
140 -21.79938305 0.6431043027
141 -22.03147142 0.6386967272
142 -22.26935639 0.6341812346
143 -22.5133393 0.6295530267
144 -22.76373645 0.6248071376
145 -23.02087968 0.6199384382
146 -23.28511683 0.6149416439
147 -23.55681203 0.6098113263
148 -23.83634603 0.604541928
149 -24.12411625 0.5991277833
150 -24.4205367 0.5935631436
151 -24.72603772 0.5878422101
152 -25.04106534 0.5819591723
153 -25.36608045 0.575908256
154 -25.70155757 0.5696837793
155 -26.04798311 0.5632802183
156 -26.4058533 0.5566922837
157 -26.77567145 0.5499150083
158 -27.15794463 0.5429438459
159 -27.55317977 0.5357747818
160 -27.96187894 0.5284044542
161 -28.38453392 0.5208302874
162 -28.82162004 0.5130506322
163 -29.27358918 0.5050649152
164 -29.74086208 0.4968737912
165 -30.22381994 0.4884792969
166 -30.72279546 0.4798849996
167 -31.23806347 0.4710961373
168 -31.76983136 0.4621197428
169 -32.31822945 0.452964745
170 -32.88330186 0.4436420417
171 -33.46499789 0.4341645348
172 -34.06316452 0.4245471237
173 -34.67754038 0.4148066503
174 -35.30775143 0.404961792
175 -35.95330887 0.3950329007
176 -36.61360939 0.3850417896
177 -37.28793819 0.3750114696
178 -37.97547462 0.3649658422
179 -38.67530067 0.3549293582
180 -39.3864119 0.3449266523
181 -40.10773089 0.3349821662
182 -40.83812241 0.3251197745
183 -41.57641019 0.3153624262
184 -42.32139454 0.3057318148
185 -43.07187027 0.2962480879
186 -43.82664432 0.2869296047
187 -44.58455263 0.2777927484
188 -45.34447555 0.2688517953
189 -46.1053516 0.2601188428
190 -46.86618917 0.2516037913
191 -47.6260759 0.2433143783
192 -48.38418569 0.2352562573
193 -49.13978332 0.2274331136
194 -49.89222675 0.2198468109
195 -50.64096717 0.2124975599
196 -51.38554699 0.2053841012
197 -52.12559605 0.1985038976
198 -52.86082608 0.1918533265
199 -53.59102383 0.1854278716
200 -54.31604297 0.1792223063
201 -55.03579493 0.1732308675
202 -55.75023898 0.1674474177
203 -56.45937166 0.1618655917
204 -57.1632158 0.1564789295
205 -57.86180924 0.151280993
206 -58.55519353 0.1462654657
207 -59.24340277 0.1414262375
208 -59.92645277 0.1367574718
209 -60.60433084 0.1322536579
210 -61.2769864 0.1279096466
211 -61.94432263 0.1237206716
212 -62.60618953 0.1196823557
213 -63.26237845 0.1157907047
214 -63.91261844 0.1120420881
215 -64.55657448 0.10843321
216 -65.1938478 0.1049610705
217 -65.82397819 0.1016229208
218 -66.44644847 0.09841621292
219 -67.06069078 0.09533854784
220 -67.66609459 0.09238762254
221 -68.26201626 0.0895611795
222 -68.84778966 0.08685695984
223 -69.42273756 0.08427266186
224 -69.98618342 0.08180590631
225 -70.53746311 0.07945420908
226 -71.07593631 0.07721496171
227 -71.60099706 0.07508541978
228 -72.11208341 0.07306269876
229 -72.60868568 0.07114377659
230 -73.09035344 0.0693255022
231 -73.55670082 0.06760460881
232 -74.00741038 0.06597773106
233 -74.44223543 0.06444142477
234 -74.86100086 0.06299218825
235 -75.26360267 0.0616264844
236 -75.65000631 0.06034076263
237 -76.02024393 0.05913147998
238 -76.37441085 0.05799512095
239 -76.71266132 0.05692821565
240 -77.03520372 0.05592735598
241 -77.34229548 0.05498920976
242 -77.63423774 0.05411053269
243 -77.91136997 0.05328817824
244 -78.17406459 0.05251910555
245 -78.42272174 0.05180038537
246 -78.65776427 0.05112920437
247 -78.87963294 0.05050286784
248 -79.08878202 0.04991880101
249 -79.28567513 0.04937454922
250 -79.4707815 0.04886777704
251 -79.64457259 0.04839626656
252 -79.80751904 0.04795791494
253 -79.96008803 0.04755073142
254 -80.10274091 0.04717283392
255 -80.23593125 0.04682244517
256 -80.36010311 0.04649788879
257 -80.47568964 0.04619758503
258 -80.58311195 0.04592004655
259 -80.68277816 0.04566387406
260 -80.77508273 0.04542775202
261 -80.86040595 0.04521044442
262 -80.93911359 0.04501079059
263 -81.01155672 0.04482770109
264 -81.07807164 0.04466015384
265 -81.13897994 0.04450719024
266 -81.19458862 0.04436791157
267 -81.24519036 0.04424147546
268 -81.29106374 0.04412709253
269 -81.33247366 0.04402402324
270 -81.36967164 0.04393157483
271 -81.4028963 0.04384909854
272 -81.4323735 0.0437759873
273 -81.45831486 0.04371167723
274 -81.48090048 0.04365568082
275 -81.50012112 0.04360790264
276 -81.51436804 0.04357146872
277 -81.50786205 0.04357796171
278 -81.3386597 0.04391353905
279 -79.74252918 0.04724216977
280 -65.60166274 0.08755311824
281 25.83011725 0.9048736988
282 38.52039716 0.9999228287
283 37.91356174 0.9999359797
284 35.97454064 0.9999098096
285 33.07925486 0.9998475311
286 29.5198854 0.9997077001
287 25.63828059 0.9994058494
288 21.70794742 0.9987882691
289 17.90575636 0.9976086639
290 14.33502273 0.9955282202
291 11.05311025 0.9921631752
292 8.088668146 0.9871855228
293 5.449995174 0.9804416825
294 3.129415848 0.9720245131
295 1.107029961 0.9622547918
296 -0.6451197639 0.9515870061
297 -2.158875465 0.9404952543
298 -3.466516095 0.929388452
299 -4.59841962 0.9185714836
300 -5.581799497 0.9082431329
301 -6.440250541 0.8985135993
302 -7.193802086 0.8894277859
303 -7.859236465 0.8809867699
304 -8.450512518 0.8731646492
305 -8.979201769 0.8659205544
306 -9.454891161 0.8592066611
307 -9.885533942 0.8529732417
308 -10.27774527 0.8471716738
309 -10.6370463 0.841756101
310 -10.96806348 0.8366842385
311 -11.27469009 0.8319176545
312 -11.56021702 0.8274217452
313 -11.82743842 0.8231655384
314 -12.07873732 0.8191214136
315 -12.31615502 0.8152647882
316 -12.5414476 0.8115738024
317 -12.75613213 0.808029017
318 -12.96152442 0.804613135
319 -13.15877022 0.8013107491
320 -13.34887097 0.7981081161
321 -13.53270515 0.7949929563
322 -13.71104615 0.7919542772
323 -13.88457726 0.7889822177
324 -14.05390424 0.7860679117
325 -14.21956601 0.7832033675
326 -14.38204376 0.7803813628
327 -14.54176863 0.7775953515
328 -14.69912837 0.7748393821
329 -14.85447307 0.7721080259
330 -15.00812002 0.7693963137
331 -15.160358 0.7666996795
332 -15.31145096 0.7640139116
333 -15.46164124 0.7613351086
334 -15.61115234 0.7586596403
335 -15.76019145 0.7559841139
336 -15.90895153 0.753305343
337 -16.05761326 0.7506203199
338 -16.20634674 0.7479261917
339 -16.35531296 0.7452202374
340 -16.50466519 0.7424998488
341 -16.65455012 0.7397625115
342 -16.80510904 0.7370057894
343 -16.95647875 0.7342273086
344 -17.10879252 0.7314247443
345 -17.2621809 0.7285958075
