0 -81.4478368 0.0437272666
1 -77.8727079 0.05205350161
2 -73.2037556 0.0665925589
3 -66.72244671 0.09209362672
4 -43.17025295 0.2203663839
5 39.77885792 0.9984672661
6 38.72017336 0.9999446758
7 37.13727536 0.999926968
8 34.52767115 0.9998831675
9 31.02585889 0.9997788641
10 27.02053634 0.9995399711
11 22.89613667 0.9990253312
12 18.9068717 0.9980026167
13 15.18584006 0.996147213
14 11.79236424 0.9930858391
15 8.747552634 0.9884912819
16 6.051911215 0.9821986679
17 3.69239536 0.97428278
18 1.645802838 0.9650486852
19 -0.1181133913 0.9549427526
20 -1.633199139 0.9444371547
21 -2.933696423 0.9339405781
22 -4.051870995 0.9237559881
23 -5.016641214 0.9140776497
24 -5.853047613 0.9050094094
25 -6.582283355 0.896589231
26 -7.222030216 0.8888116846
27 -7.786920108 0.8816453731
28 -8.289015009 0.8750451496
29 -8.738250773 0.868960093
30 -9.142822831 0.8633384048
31 -9.509509555 0.8581302227
32 -9.843937641 0.8532890925
33 -10.15079726 0.8487726108
34 -10.43401535 0.8445425746
35 -10.6968948 0.8405648537
36 -10.94222627 0.8368091189
37 -11.17237818 0.8332485049
38 -11.38936938 0.8298592561
39 -11.59492791 0.8266203813
40 -11.790539 0.82351333
41 -11.9774841 0.8205216984
42 -12.15687308 0.8176309648
43 -12.32967072 0.8148282554
44 -12.49671871 0.8121021376
45 -12.65875388 0.8094424388
46 -12.81642356 0.8068400881
47 -12.97029837 0.8042869778
48 -13.12088306 0.8017758424
49 -13.26862568 0.7993001536
50 -13.41392536 0.7968540282
51 -13.55713889 0.7944321474
52 -13.69858649 0.7920296868
53 -13.83855659 0.789642255
54 -13.97731008 0.7872658388
55 -14.11508393 0.7848967565
56 -14.25209432 0.7825316154
57 -14.3885394 0.7801672751
58 -14.52460164 0.7778008149
59 -14.66044999 0.7754295043
60 -14.79624167 0.7730507772
61 -14.93212382 0.7706622091
62 -15.06823491 0.7682614958
63 -15.2047061 0.7658464352
64 -15.3416623 0.7634149097
65 -15.47922327 0.7609648714
66 -15.61750454 0.7584943278
67 -15.75661824 0.7560013286
68 -15.8966739 0.7534839539
69 -16.03777918 0.7509403032
70 -16.1800405 0.7483684846
71 -16.32356372 0.7457666048
72 -16.4684547 0.74313276
73 -16.61481986 0.7404650266
74 -16.76276674 0.7377614524
75 -16.91240452 0.735020048
76 -17.06384454 0.7322387785
77 -17.2172008 0.7294155552
78 -17.37259047 0.7265482271
79 -17.53013442 0.7236345725
80 -17.68995768 0.720672291
81 -17.85219003 0.7176589947
82 -18.01696648 0.7145921995
83 -18.18442785 0.7114693166
84 -18.35472133 0.7082876432
85 -18.52800105 0.7050443532
86 -18.70442873 0.7017364882
87 -18.8841743 0.6983609472
88 -19.06741654 0.694914477
89 -19.25434383 0.6913936622
90 -19.44515483 0.6877949145
91 -19.64005926 0.6841144624
92 -19.83927869 0.6803483407
93 -20.04304739 0.6764923802
94 -20.25161315 0.6725421967
95 -20.46523817 0.6684931816
96 -20.68420003 0.6643404919
97 -20.90879256 0.6600790414
98 -21.13932682 0.6557034924
99 -21.37613206 0.65120825
100 -21.61955669 0.6465874561
101 -21.86996916 0.6418349878
102 -22.12775892 0.6369444569
103 -22.39333719 0.6319092139
104 -22.66713774 0.6267223562
105 -22.94961747 0.621376741
106 -23.24125691 0.615865005
107 -23.5425604 0.6101795911
108 -23.85405608 0.6043127846
109 -24.17629552 0.5982567581
110 -24.50985292 0.5920036295
111 -24.85532387 0.5855455324
112 -25.21332348 0.5788747012
113 -25.5844838 0.5719835732
114 -25.96945056 0.5648649074
115 -26.3688789 0.5575119226
116 -26.78342819 0.5499184554
117 -27.21375567 0.5420791366
118 -27.66050901 0.5339895875
119 -28.12431753 0.5256466329
120 -28.60578226 0.5170485281
121 -29.10546469 0.508195196
122 -29.6238744 0.4990884681
123 -30.16145572 0.4897323208
124 -30.71857358 0.4801330997
125 -31.29549897 0.4702997185
126 -31.89239441 0.4602438223
127 -32.5092999 0.4499799027
128 -33.14612002 0.4395253498
129 -33.80261274 0.4289004337
130 -34.4783807 0.4181282016
131 -35.17286557 0.4072342883
132 -35.88534602 0.3962466357
133 -36.61493989 0.3851951246
134 -37.36061074 0.3741111287
135 -38.12117898 0.3630270019
136 -38.89533724 0.351975519
137 -39.68166984 0.3409892922
138 -40.4786755 0.3301001854
139 -41.28479262 0.3193387538
140 -42.09842601 0.3087337294
141 -42.91797418 0.2983115754
142 -43.74185601 0.2880961217
143 -44.56853586 0.278108295
144 -45.39654627 0.2683659458
145 -46.22450757 0.2588837721
146 -47.05114386 0.2496733337
147 -47.87529517 0.2407431465
148 -48.69592567 0.2320988455
149 -49.51212802 0.2237434005
150 -50.32312413 0.2156773721
151 -51.12826265 0.2078991919
152 -51.92701357 0.2004054564
153 -52.71896036 0.1931912212
154 -53.50379015 0.1862502894
155 -54.28128224 0.1795754849
156 -55.05129549 0.1731589064
157 -55.81375477 0.1669921591
158 -56.56863691 0.1610665611
159 -57.31595644 0.1553733244
160 -58.05575131 0.1499037096
161 -58.78806894 0.144649155
162 -59.51295274 0.1396013822
163 -60.23042946 0.1347524767
164 -60.94049755 0.1300949476
165 -61.64311673 0.1256217664
166 -62.33819918 0.1213263864
167 -63.02560234 0.1172027459
168 -63.7051237 0.1132452552
169 -64.3764977 0.1094487705
170 -65.03939484 0.1058085575
171 -65.69342301 0.102320245
172 -66.33813112 0.09897977364
173 -66.97301481 0.09578334027
174 -67.59752408 0.092727341
175 -68.2110727 0.08980831577
176 -68.8130488 0.08702289588
177 -69.40282652 0.08436775672
178 -69.97977816 0.08183957687
179 -70.54328634 0.07943500472
180 -71.09275601 0.0771506331
181 -71.6276256 0.07498298192
182 -72.14737722 0.07292848881
183 -72.65154551 0.07098350683
184 -73.13972506 0.0691443086
185 -73.61157616 0.06740709577
186 -74.06682885 0.06576801267
187 -74.50528541 0.06422316303
188 -74.92682123 0.06276862868
189 -75.33138417 0.06140048926
190 -75.71899276 0.06011484206
191 -76.08973315 0.05890782123
192 -76.44375519 0.05777561587
193 -76.78126785 0.05671448658
194 -77.10253398 0.05572078006
195 -77.40786482 0.05479094178
196 -77.69761422 0.05392152653
197 -77.97217293 0.05310920694
198 -78.23196283 0.05235077999
199 -78.47743142 0.05164317172
200 -78.70904655 0.05098344018
201 -78.9272914 0.05036877698
202 -79.13265996 0.04979650738
203 -79.32565272 0.04926408938
204 -79.50677293 0.04876911168
205 -79.67652313 0.04830929103
206 -79.83540221 0.04788246872
207 -79.98390274 0.04748660677
208 -80.12250877 0.04711978357
209 -80.2516939 0.04678018933
210 -80.37191976 0.04646612132
211 -80.48363468 0.04617597899
212 -80.58727275 0.04590825906
213 -80.68325301 0.04566155067
214 -80.77197895 0.04543453047
215 -80.85383814 0.04522595797
216 -80.92920204 0.04503467088
217 -80.99842601 0.04485958063
218 -81.06184931 0.04469966813
219 -81.11979538 0.04455397959
220 -81.17257203 0.04442162262
221 -81.22047186 0.0443017624
222 -81.26377261 0.04419361818
223 -81.30273766 0.04409645988
224 -81.33761646 0.04400960483
225 -81.36864506 0.04393241479
226 -81.39604665 0.04386429311
227 -81.42003207 0.04380468199
228 -81.44080038 0.04375306
229 -81.45853936 0.04370893967
230 -81.47342605 0.04367186531
231 -81.48562732 0.04364141088
232 -81.49530031 0.04361717808
233 -81.50259299 0.04359879446
234 -81.50764459 0.04358591178
235 -81.51058613 0.04357820436
236 -81.51154081 0.04357536762
237 -81.51062449 0.04357711664
238 -81.50794604 0.04358318492
239 -81.50360783 0.04359332311
240 -81.49770601 0.04360729791
241 -81.49033092 0.04362489098
242 -81.48156744 0.04364589798
243 -81.47149525 0.04367012764
244 -81.46018923 0.04369740091
245 -81.44771964 0.04372755012
246 -77.87257749 0.05205386835
247 -73.20359876 0.06659310299
248 -66.72221852 0.09209464203
249 -43.16908622 0.2203744691
250 39.77887047 0.9984674925
251 38.72018276 0.9999446759
252 37.13730296 0.9999269683
253 34.52773937 0.9998831689
254 31.02599209 0.9997788693
255 27.02075058 0.9995399883
256 22.89643614 0.9990253821
257 18.90725111 0.9980027471
258 15.18628835 0.9961475047
259 11.79286741 0.9930864124
260 8.748095833 0.9884922814
261 6.05248035 0.9822002326
262 3.69297842 0.9742850094
263 1.646390694 0.9650516207
264 -0.1175267929 0.9549463793
265 -1.632617111 0.9444414197
266 -2.93312016 0.9339454113
267 -4.051300238 0.9237613191
268 -5.016074828 0.9140834169
269 -5.852484017 0.9050155635
270 -6.581720807 0.8965957347
271 -7.221466993 0.8888185106
272 -7.786354603 0.8816525023
273 -8.288445778 0.8750525685
274 -8.737676551 0.8689677926
275 -9.14224253 0.8633463787
276 -9.508922249 0.8581384667
277 -9.843342555 0.8532976037
278 -10.15019375 0.8487813869
279 -10.43340288 0.8445516138
280 -10.69627292 0.8405741548
281 -10.94159462 0.8368186807
282 -11.17173648 0.8332583264
283 -11.38871738 0.8298693365
284 -11.59426543 0.8266307197
285 -11.78986586 0.8235239257
286 -11.97680018 0.8205325508
287 -12.15617828 0.8176420734
288 -12.32896495 0.8148396198
289 -12.49600187 0.8121137576
290 -12.65802591 0.8094543144
291 -12.81568439 0.8068522194
292 -12.96954792 0.8042993652
293 -13.12012126 0.8017884864
294 -13.26785246 0.7993130552
295 -13.41314062 0.7968671883
296 -13.55634255 0.7944455674
297 -13.69777843 0.7920433685
298 -13.83773671 0.7896562002
299 -13.97647825 0.7872800498
300 -14.11424 0.7849112358
301 -14.25123814 0.782546366
302 -14.38767078 0.7801823003
303 -14.52372041 0.7778161183
304 -14.65955593 0.7754450898
305 -14.79533455 0.7730666493
306 -14.93120338 0.7706783725
307 -15.0673009 0.7682779558
308 -15.20375821 0.7658631973
309 -15.34070023 0.7634319801
310 -15.47824668 0.7609822567
311 -15.61651305 0.7585120349
312 -15.75561146 0.7560193652
313 -15.89565142 0.7535023281
314 -16.03674054 0.7509590236
315 -16.17898522 0.7483875605
316 -16.32249129 0.745786046
317 -16.46736456 0.743152577
318 -16.61371143 0.7404852306
319 -16.7616394 0.7377820553
320 -16.9112576 0.7350410625
321 -17.06267734 0.732260218
322 -17.21601256 0.729437434
323 -17.37138039 0.7265705603
324 -17.52890164 0.7236573763
325 -17.68870131 0.7206955824
326 -17.85090909 0.7176827918
327 -18.01565995 0.7146165216
328 -18.18309464 0.711494184
329 -18.35336027 0.7083130775
330 -18.52661091 0.7050703774
331 -18.7030082 0.7017631265
332 -18.88272197 0.6983882253
333 -19.06593093 0.6949424223
334 -19.25282336 0.6914223034
335 -19.44359781 0.6878242822
336 -19.6384639 0.684144589
337 -19.8376431 0.6803792605
338 -20.04136953 0.6765241292
339 -20.24989086 0.6725748132
340 -20.46346917 0.6685267061
341 -20.68238188 0.6643749669
342 -20.90692266 0.6601145117
343 -21.13740242 0.6557400054
344 -21.37415025 0.6512458553
345 -21.61751436 0.6466262059
346 -21.86786303 0.6418749367
347 -22.12558551 0.6369856619
348 -22.39109281 0.6319517346
349 -22.66481849 0.6267662544
350 -22.94721926 0.6214220808
351 -23.23877541 0.6159118524
352 -23.53999106 0.6102280141
353 -23.85139415 0.6043628523
354 -24.17353602 0.5983085408
355 -24.50699068 0.592057198
356 -24.85235352 0.5856009571
357 -25.21023945 0.5789320516
358 -25.58128041 0.5720429167
359 -25.96612199 0.5649263083
360 -26.36541927 0.5575754409
361 -26.77983156 0.5499841452
362 -27.21001616 0.5421470445
363 -27.65662083 0.5340597508
364 -28.12027507 0.5257190776
365 -28.6015802 0.5171232669
366 -29.10109807 0.5082722263
367 -29.61933878 0.4991677694
368 -30.15674726 0.4898138532
369 -30.71368918 0.4802168015
370 -31.2904364 0.4703855045
371 -31.88715246 0.4603315831
372 -32.50387848 0.450069503
373 -33.14052027 0.439616629
374 -33.79683713 0.4289932053
375 -34.4724331 0.4182222554
376 -35.16675128 0.4073293918
377 -35.87907178 0.3963425368
378 -36.60851386 0.3852915556
379 -37.3540424 0.3742078099
380 -38.11447904 0.3631236467
381 -38.88851748 0.3520718389
382 -39.67474293 0.3410850018
383 -40.47165481 0.3301950076
384 -41.27769193 0.3194324246
385 -42.09125934 0.3088260023
386 -42.91075551 0.2984022249
387 -43.73459907 0.2881849464
388 -44.56125391 0.2781951194
389 -45.3892519 0.2684506219
390 -46.21721254 0.2589661793
391 -47.043859 0.2497533786
392 -47.86803025 0.2408207619
393 -48.68868936 0.2321739888
394 -49.50492785 0.2238160515
395 -50.31596653 0.2157475308
396 -51.12115293 0.207966876
397 -51.91995602 0.2004706987
398 -52.71195831 0.193254067
399 -53.49684605 0.1863107941
400 -54.27439781 0.1796337116
401 -55.04447177 0.1732149238
402 -55.80699228 0.1670460395
403 -56.56193579 0.1611183788
404 -57.30931655 0.1554231539
405 -58.04917237 0.1499516247
406 -58.78155065 0.1446952277
407 -59.50649489 0.1396456816
408 -60.22403205 0.1347950684
409 -60.93416089 0.1301358936
410 -61.63684153 0.1256611243
411 -62.33198662 0.1213642098
412 -63.01945411 0.1172390842
413 -63.69904206 0.1132801537
414 -64.37048552 0.1094822709
415 -65.03345555 0.1058406979
416 -65.68756061 0.1023510607
417 -66.33235013 0.09900929746
418 -66.9673202 0.0958116031
419 -67.59192122 0.0927543723
420 -68.20556725 0.08983414403
421 -68.80764661 0.08704754912
422 -69.39753352 0.08439126285
423 -69.97460025 0.08186196406
424 -70.53822928 0.07945630165
425 -71.08782531 0.07717086914
426 -71.62282643 0.07500218731
427 -72.14271429 0.07294669465
428 -72.64702306 0.07100074508
429 -73.13534673 0.06916061205
430 -73.60734496 0.0674224979
431 -74.06274716 0.06578254751
432 -74.50135495 0.06423686501
433 -74.92304302 0.06278153243
434 -75.32775859 0.06141262945
435 -75.71551955 0.06012625318
436 -76.08641143 0.05891853746
437 -76.44058352 0.05778567089
438 -76.77824427 0.05672391342
439 -77.09965604 0.05572961098
440 -77.40512964 0.05479920814
441 -77.69501856 0.05392925874
442 -77.96971323 0.05311643434
443 -78.22963525 0.05235753083
444 -78.47523191 0.05164947309
445 -78.70697086 0.05098931801
446 -78.9253352 0.05037425601
447 -79.13081878 0.04980161119
448 -79.32392208 0.04926884035
449 -79.5051483 0.04877353106
450 -79.67500002 0.04831339893
451 -79.83397615 0.04788628416
452 -79.98256932 0.04749014771
453 -80.12126367 0.04712306695
454 -80.2505329 0.0467832311
455 -80.37083873 0.04646893648
456 -80.48262963 0.04617858166
457 -80.5863398 0.04591066251
458 -80.68238844 0.04566376733
459 -80.77117917 0.04543657203
460 -80.85309969 0.04522783539
461 -80.92852162 0.0450363944
462 -80.99780046 0.04486115989
463 -81.06127561 0.04470111213
464 -81.11927064 0.04455529677
465 -81.17209352 0.04442282086
466 -81.22003697 0.0443028491
467 -81.26337889 0.04419460026
468 -81.30238275 0.04409734379
469 -81.33729813 0.04401039662
470 -81.36836122 0.04393312013
471 -81.39579532 0.04386491729
472 -81.41981137 0.04380522995
473 -81.44060853 0.04375353637
474 -81.45837469 0.04370934879
475 -81.47328699 0.04367221123
476 -81.48551238 0.04364169739
477 -81.49520809 0.04361740871
478 -81.50252216 0.04359897254
479 -81.50759392 0.0435860404
480 -81.51055444 0.04357828643
481 -81.51152701 0.04357540584
482 -81.51062753 0.04357711357
483 -81.50796497 0.04358314293
484 -81.50364172 0.04359324442
485 -81.497754 0.04360718461
486 -81.49039222 0.04362474502
487 -81.48164126 0.04364572119
488 -81.4715809 0.04366992173
489 -81.46028603 0.04369716748
490 -81.44782697 0.04372729068
491 -77.87269811 0.05205352951
492 -73.2037452 0.06659259553
493 -66.7224335 0.09209368648
494 -43.17019684 0.220366781
495 39.77885797 0.9984672762
496 38.72017249 0.9999446758
497 37.13727386 0.999926968
498 34.52766935 0.9998831674
499 31.02585746 0.9997788641
500 27.02053595 0.999539971
501 22.89613772 0.9990253314
502 18.90687428 0.9980026176
503 15.18584411 0.9961472156
504 11.79236955 0.993085845
505 8.747558966 0.9884912934
506 6.051918319 0.9821986873
507 3.692403003 0.974282809
508 1.645810824 0.9650487249
509 -0.1181052084 0.954942803
510 -1.63319086 0.9444372152
511 -2.93368811 0.9339406477
512 -4.051862679 0.9237560657
513 -5.016632903 0.9140777343
514 -5.853039304 0.9050095001
515 -6.582275037 0.8965893272
516 -7.222021872 0.8888117858
517 -7.786911721 0.8816454789
518 -8.289006561 0.8750452598
519 -8.738242247 0.8689602074
520 -9.142814212 0.8633385233
521 -9.509500827 0.8581303452
522 -9.843928793 0.8532892191
523 -10.15078828 0.8487727415
524 -10.43400623 0.8445427092
525 -10.69688553 0.8405649924
526 -10.94221683 0.8368092617
527 -11.17236859 0.8332486518
528 -11.38935961 0.8298594072
529 -11.59491797 0.8266205365
530 -11.79052887 0.8235134894
531 -11.97747378 0.820521862
532 -12.15686258 0.8176311327
533 -12.32966003 0.8148284276
534 -12.49670782 0.8121023141
535 -12.6587428 0.8094426196
536 -12.81641227 0.8068402734
537 -12.97028687 0.8042871674
538 -13.12087136 0.8017760365
539 -13.26861378 0.7993003523
540 -13.41391324 0.7968542314
541 -13.55712656 0.7944323552
542 -13.69857394 0.7920298993
543 -13.83854381 0.7896424722
544 -13.97729708 0.7872660608
545 -14.1150707 0.7848969834
546 -14.25208086 0.7825318472
547 -14.3885257 0.7801675121
548 -14.5245877 0.777801057
549 -14.66043581 0.7754297515
550 -14.79622723 0.7730510298
551 -14.93210912 0.7706624671
552 -15.06821995 0.7682617595
553 -15.20469086 0.7658467045
554 -15.34164679 0.7634151848
555 -15.47920748 0.7609651525
556 -15.61748845 0.758494615
557 -15.75660185 0.7560016221
558 -15.8966572 0.753484254
559 -16.03776215 0.75094061
560 -16.18002315 0.7483687982
561 -16.32354603 0.7457669255
562 -16.46843665 0.743133088
563 -16.61480144 0.7404653621
564 -16.76274794 0.7377617957
565 -16.91238533 0.7350203994
566 -17.06382494 0.7322391383
567 -17.21718077 0.7294159237
568 -17.37257001 0.7265486046
569 -17.53011349 0.7236349594
570 -17.68993628 0.7206726876
571 -17.85216813 0.7176594014
572 -18.01694406 0.7145926168
573 -18.18440488 0.7114697449
574 -18.35469779 0.7082880829
575 -18.52797691 0.7050448049
576 -18.70440397 0.7017369523
577 -18.88414888 0.6983614243
578 -19.06739044 0.6949149678
579 -19.25431701 0.6913941672
580 -19.44512724 0.6877954344
581 -19.64003088 0.6841149979
582 -19.83924948 0.6803488927
583 -20.04301729 0.6764929493
584 -20.25158212 0.6725427839
585 -20.46520617 0.6684937877
586 -20.684167 0.6643411179
587 -20.90875844 0.6600796881
588 -21.13929155 0.6557041611
589 -21.37609558 0.6512089417
590 -21.61951893 0.646588172
591 -21.86993005 0.6418357291
592 -22.12771838 0.6369452249
593 -22.39329514 0.63191001
594 -22.6670941 0.6267231817
595 -22.94957215 0.6213775973
596 -23.2412098 0.6158658937
597 -23.54251141 0.6101805138
598 -23.85400509 0.6043137428
599 -24.17624243 0.5982577535
600 -24.50979762 0.5920046637
601 -24.85526623 0.5855466071
602 -25.21326337 0.5788758181
603 -25.5844211 0.5719847338
604 -25.96938514 0.5648661133
605 -26.36881062 0.5575131753
606 -26.78335691 0.5499197562
607 -27.21368127 0.5420804868
608 -27.66043134 0.5339909881
609 -28.12423646 0.5256480847
610 -28.60569767 0.5170500316
611 -29.10537646 0.5081967514
612 -29.62378242 0.4990900752
613 -30.1613599 0.4897339791
614 -30.71847383 0.4801348081
615 -31.29539523 0.4703014753
616 -31.89228664 0.4602456255
617 -32.50918809 0.4499817495
618 -33.14600417 0.4395272371
619 -33.8024929 0.4289023575
620 -34.47825695 0.4181301576
621 -35.17273799 0.4072362717
622 -35.88521476 0.396248641
623 -36.6148051 0.3851971463
624 -37.36047263 0.3741131606
625 -38.12103777 0.3630290379
626 -38.89519318 0.3519775528
627 -39.68152319 0.3409913176
628 -40.47852656 0.3301021962
629 -41.28464168 0.3193407441
630 -42.09827337 0.3087356939
631 -42.91782015 0.2983135089
632 -43.74170089 0.2880980196
633 -44.56837994 0.2781101533
634 -45.39638984 0.268367761
635 -46.22435088 0.2588855415
636 -47.05098716 0.2496750549
637 -47.87513868 0.2407448179
638 -48.69576958 0.2321004659
639 -49.5119725 0.2237449692
640 -50.32296934 0.2156788889
641 -51.12810871 0.207900657
642 -51.92686058 0.2004068702
643 -52.71880841 0.1931925846
644 -53.50363929 0.1862516035
645 -54.28113253 0.1795767508
646 -55.05114695 0.1731601255
647 -55.81360742 0.1669933328
648 -56.56849076 0.161067691
649 -57.3158115 0.1553744119
650 -58.05560758 0.1499047561
651 -58.78792642 0.1446501622
652 -59.51281143 0.1396023514
653 -60.23028937 0.1347534092
654 -60.94035868 0.1300958448
655 -61.64297912 0.1256226293
656 -62.33806285 0.1213272162
657 -63.02546733 0.1172035437
658 -63.70499006 0.1132460219
659 -64.37636551 0.109449507
660 -65.03926417 0.1058092644
661 -65.69329396 0.1023209232
662 -66.3380038 0.09898042379
663 -66.97288931 0.09578396299
664 -67.59740054 0.0927279369
665 -68.21095125 0.08980888543
666 -68.81292957 0.0870234399
667 -69.40270965 0.08436827567
668 -69.97966377 0.08184007134
669 -70.54317458 0.07943547533
670 -71.09264699 0.07715108045
671 -71.62751945 0.07498340666
672 -72.14727404 0.07292889161
673 -72.6514454 0.07098388837
674 -73.13962811 0.06914466958
675 -73.61148243 0.06740743692
676 -74.0667384 0.06576833473
677 -74.50519828 0.06422346673
678 -74.92673745 0.06276891478
679 -75.33130375 0.06140075851
680 -75.7189157 0.06011509521
681 -76.08965943 0.05890805903
682 -76.44368478 0.05777583906
683 -76.78120072 0.05671469588
684 -77.10247007 0.05572097617
685 -77.40780406 0.05479112539
686 -77.69755655 0.05392169831
687 -77.97211827 0.05310936753
688 -78.2319111 0.05235093002
689 -78.47738254 0.05164331177
690 -78.70900041 0.05098357083
691 -78.92724792 0.05036889877
692 -79.13261903 0.04979662084
693 -79.32561425 0.049264195
694 -79.50673681 0.04876920993
695 -79.67648927 0.04830938234
696 -79.83537051 0.04788255353
697 -79.98387311 0.04748668547
698 -80.1224811 0.04711985653
699 -80.25166811 0.04678025691
700 -80.37189575 0.04646618385
701 -80.48361237 0.04617603677
702 -80.58725204 0.0459083124
703 -80.68323383 0.04566159984
704 -80.77196122 0.04543457573
705 -80.85382178 0.04522599957
706 -80.92918698 0.04503470903
707 -80.99841218 0.04485961556
708 -81.06183664 0.04469970003
709 -81.1197838 0.04455400866
710 -81.17256149 0.04442164901
711 -81.22046229 0.0443017863
712 -81.26376397 0.04419363974
713 -81.30272989 0.04409647923
714 -81.33760951 0.04400962212
715 -81.36863888 0.04393243014
716 -81.3960412 0.04386430664
717 -81.42002732 0.0438046938
718 -81.44079627 0.0437530702
719 -81.45853586 0.04370894836
720 -81.47342314 0.04367187258
721 -81.48562495 0.04364141682
722 -81.49529845 0.04361718275
723 -81.50259161 0.04359879795
724 -81.50764366 0.04358591416
725 -81.51058563 0.04357820569
726 -81.51154072 0.04357536795
727 -81.51062477 0.04357711604
728 -81.50794669 0.04358318344
729 -81.50360881 0.04359332081
730 -81.49770731 0.04360729482
731 -81.49033253 0.04362488715
732 -81.48156932 0.04364589345
733 -81.47149741 0.04367012246
734 -81.46019163 0.0436973951
735 -81.44772229 0.04372754372
