0 -81.47589805 0.0436642131
1 -81.31922156 0.04400100351
2 -81.12161187 0.04447856255
3 -80.8784831 0.04507383644
4 -80.58369183 0.04580603163
5 -80.22422157 0.04671128461
6 -79.8551588 0.04764627718
7 -77.9486255 0.05198115693
8 -60.23768194 0.1097941783
9 30.7736095 0.96408734
10 38.5751072 0.9999355659
11 37.75508502 0.9999342205
12 35.72076214 0.9999055527
13 32.78442215 0.999838958
14 29.2470398 0.9996922867
15 25.43689928 0.9993824526
16 21.60532493 0.9987628126
17 17.91054743 0.9976046256
18 14.44347017 0.995599806
19 11.25412897 0.992404041
20 8.367513094 0.9877237036
21 5.790988059 0.9814174389
22 3.517941302 0.9735598053
23 1.530774881 0.9644297026
24 -0.1956756977 0.9544327736
25 -1.690555648 0.9440022731
26 -2.983878071 0.9335210787
27 -4.104294846 0.9232822209
28 -5.077798651 0.9134826831
29 -5.9271721 0.9042364968
30 -6.671934061 0.895594748
31 -7.328565725 0.887565086
32 -7.910863225 0.8801276013
33 -8.430323199 0.8732464837
34 -8.896511055 0.8668779988
35 -9.317389175 0.8609756478
36 -9.699598025 0.8554933273
37 -10.04869124 0.8503871406
38 -10.36932943 0.8456163336
39 -10.66543863 0.8411436823
40 -10.94033928 0.8369355498
41 -11.19685115 0.8329617537
42 -11.43737853 0.8291953336
43 -11.66397977 0.825612273
44 -11.87842397 0.8221912094
45 -12.08223749 0.8189131522
46 -12.27674216 0.8157612165
47 -12.46308681 0.8127203809
48 -12.64227348 0.809777267
49 -12.81517911 0.8069199446
50 -12.98257377 0.8041377572
51 -13.14513587 0.8014211692
52 -13.30346504 0.7987616305
53 -13.45809297 0.7961514586
54 -13.60949261 0.793583734
55 -13.75808605 0.791052209
56 -13.90425119 0.7885512278
57 -14.04832751 0.7860756557
58 -14.19062104 0.7836208171
59 -14.33140858 0.7811824413
60 -14.47094146 0.7787566136
61 -14.60944872 0.7763397338
62 -14.74713994 0.7739284773
63 -14.88420766 0.7715197626
64 -15.02082957 0.769110721
65 -15.15717039 0.7666986702
66 -15.29338353 0.7642810907
67 -15.42961258 0.7618556043
68 -15.56599266 0.7594199552
69 -15.70265157 0.7569719923
70 -15.83971083 0.754509654
71 -15.97728671 0.7520309537
72 -16.11549099 0.7495339666
73 -16.25443185 0.7470168181
74 -16.39421451 0.7444776724
75 -16.53494194 0.7419147223
76 -16.67671545 0.7393261798
77 -16.81963529 0.7367102666
78 -16.96380117 0.7340652063
79 -17.10931276 0.7313892154
80 -17.25627022 0.7286804963
81 -17.40477463 0.725937229
82 -17.55492847 0.7231575647
83 -17.70683604 0.7203396177
84 -17.86060393 0.7174814589
85 -18.01634144 0.7145811089
86 -18.17416103 0.7116365306
87 -18.33417871 0.7086456225
88 -18.49651456 0.7056062121
89 -18.66129312 0.7025160481
90 -18.82864389 0.6993727939
91 -18.99870178 0.6961740202
92 -19.17160761 0.6929171976
93 -19.34750861 0.6895996894
94 -19.52655896 0.6862187442
95 -19.70892031 0.6827714878
96 -19.89476235 0.6792549162
97 -20.0842634 0.6756658877
98 -20.27761101 0.6720011152
99 -20.47500257 0.6682571584
100 -20.67664598 0.6644304173
101 -20.8827603 0.660517124
102 -21.09357642 0.6565133368
103 -21.3093378 0.6524149336
104 -21.53030109 0.6482176069
105 -21.7567369 0.6439168588
106 -21.98893047 0.6395079986
107 -22.22718235 0.6349861406
108 -22.47180904 0.6303462047
109 -22.7231436 0.6255829193
110 -22.98153621 0.6206908268
111 -23.2473546 0.6156642928
112 -23.52098437 0.6104975198
113 -23.80282925 0.6051845649
114 -24.09331105 0.599719364
115 -24.3928695 0.5940957622
116 -24.70196174 0.5883075517
117 -25.02106156 0.5823485188
118 -25.35065817 0.5762124991
119 -25.69125467 0.5698934448
120 -26.04336582 0.5633855019
121 -26.40751543 0.556683101
122 -26.78423296 0.5497810597
123 -27.17404952 0.5426746984
124 -27.577493 0.5353599697
125 -27.99508249 0.5278335989
126 -28.42732179 0.5200932363
127 -28.87469216 0.512137618
128 -29.33764414 0.5039667327
129 -29.81658875 0.4955819905
130 -30.31188797 0.4869863886
131 -30.82384477 0.4781846684
132 -31.35269292 0.4691834567
133 -31.89858671 0.4599913845
134 -32.4615911 0.4506191744
135 -33.04167252 0.4410796895
136 -33.63869073 0.4313879374
137 -34.25239218 0.4215610215
138 -34.88240535 0.4116180368
139 -35.52823818 0.4015799074
140 -36.18927822 0.3914691657
141 -36.86479547 0.3813096779
142 -37.55394815 0.3711263217
143 -38.25579131 0.3609446251
144 -38.96928818 0.3507903788
145 -39.69332394 0.3406892356
146 -40.42672155 0.3306663115
147 -41.16825907 0.3207458019
148 -41.91668791 0.3109506285
149 -42.67075148 0.301302127
150 -43.42920348 0.2918197857
151 -44.19082539 0.282521042
152 -44.95444259 0.273421139
153 -45.71893866 0.2645330438
154 -46.48326758 0.255867424
155 -47.24646361 0.247432679
156 -48.00764876 0.2392350178
157 -48.76603777 0.2312785777
158 -49.52094074 0.2235655737
159 -50.27176356 0.2160964724
160 -51.0180062 0.2088701804
161 -51.75925925 0.2018842422
162 -52.49519881 0.1951350399
163 -53.22557995 0.1886179893
164 -53.9502291 0.18232773
165 -54.6690354 0.1762583044
166 -55.38194134 0.1704033235
167 -56.08893282 0.1647561194
168 -56.79002882 0.1593098813
169 -57.48527079 0.1540577764
170 -58.17471208 0.1489930541
171 -58.85840735 0.1441091346
172 -59.53640233 0.1393996812
173 -60.208724 0.1348586579
174 -60.87537148 0.1304803716
175 -61.53630773 0.1262595005
176 -62.19145225 0.1221911086
177 -62.84067517 0.1182706477
178 -63.48379268 0.114493948
179 -64.12056401 0.1108571981
180 -64.7506903 0.1073569163
181 -65.37381504 0.1039899139
182 -65.98952651 0.100753254
183 -66.59736188 0.09764420514
184 -67.19681299 0.09466019423
185 -67.78733361 0.09179875887
186 -68.36834797 0.08905750163
187 -68.93926023 0.08643404773
188 -69.49946459 0.08392600731
189 -70.04835579 0.08153094353
190 -70.58533947 0.07924634704
191 -71.10984233 0.07706961717
192 -71.62132154 0.07499804994
193 -72.11927336 0.07302883248
194 -72.60324057 0.07115904339
195 -73.0728188 0.06938565838
196 -73.52766142 0.06770556019
197 -73.96748315 0.06611555199
198 -74.39206227 0.06461237334
199 -74.80124162 0.06319271771
200 -75.19492833 0.06185325099
201 -75.57309251 0.06059062995
202 -75.93576502 0.05940152041
203 -76.28303441 0.05828261435
204 -76.61504327 0.05723064573
205 -76.93198407 0.05624240488
206 -77.23409463 0.05531475101
207 -77.52165342 0.05444462306
208 -77.79497473 0.05362904874
209 -78.05440388 0.05286515183
210 -78.30031244 0.05215015782
211 -78.53309373 0.0514813981
212 -78.75315843 0.05085631268
213 -78.9609305 0.05027245173
214 -79.15684343 0.04972747601
215 -79.34133669 0.04921915639
216 -79.51485264 0.04874537251
217 -79.67783366 0.04830411082
218 -79.83071963 0.04789346212
219 -79.97394576 0.04751161853
220 -80.10794063 0.04715687027
221 -80.23312461 0.04682760208
222 -80.34990845 0.04652228953
223 -80.45869217 0.04623949517
224 -80.55986416 0.04597786467
225 -80.65380046 0.04573612291
226 -80.7408642 0.04551307008
227 -80.82140528 0.04530757791
228 -80.8957601 0.04511858591
229 -80.96425149 0.04494509772
230 -81.02718864 0.0447861776
231 -81.08486726 0.04464094704
232 -81.13756971 0.04450858151
233 -81.18556524 0.0443883073
234 -81.22911027 0.04427939856
235 -81.26844874 0.04418117447
236 -81.30381243 0.04409299652
237 -81.33542139 0.04401426595
238 -81.36348432 0.04394442136
239 -81.38819902 0.04388293636
240 -81.4097528 0.04382931746
241 -81.42832293 0.043783102
242 -81.44407703 0.04374385623
243 -81.45717359 0.04371117352
244 -81.46776229 0.04368467263
245 -81.4759845 0.04366399614
246 -81.31928591 0.04400083966
247 -81.12165513 0.04447844962
248 -80.87850608 0.04507377324
249 -80.58369502 0.04580601803
250 -80.22420491 0.04671132211
251 -79.85511805 0.04764637636
252 -77.94849405 0.05198148057
253 -60.23667758 0.1097985321
254 30.77430398 0.9640943722
255 38.57514616 0.9999355677
256 37.75511101 0.9999342208
257 35.72081611 0.9999055536
258 32.7845284 0.999838961
259 29.24721575 0.9996922962
260 25.43715287 0.9993824801
261 21.60565558 0.9987628838
262 17.91094863 0.9976047906
263 14.44393174 0.9956001478
264 11.25463885 0.9924046766
265 8.368058836 0.9877247702
266 5.791558103 0.981419068
267 3.518526003 0.9735620947
268 1.531367053 0.964432701
269 -0.1950807299 0.954436481
270 -1.689960379 0.9440066546
271 -2.983283335 0.9335260818
272 -4.103700346 0.9232877888
273 -5.077203406 0.9134887631
274 -5.926574785 0.9042430444
275 -6.671333229 0.8956017278
276 -7.327959949 0.8875724703
277 -7.91025118 0.8801353692
278 -8.429703699 0.8732546193
279 -8.895883065 0.8668864901
280 -9.316751813 0.8609844856
281 -9.698950551 0.8555025041
282 -10.04803304 0.8503966506
283 -10.36866001 0.8456261718
284 -10.66475757 0.8411538444
285 -10.93964628 0.836946032
286 -11.19614594 0.8329725527
287 -11.43666092 0.8292064461
288 -11.66324961 0.8256236961
289 -11.87768115 0.8222029406
290 -12.08148194 0.8189251888
291 -12.27597381 0.8157735565
292 -12.46230563 0.812733022
293 -12.64147944 0.8097902074
294 -12.81437219 0.8069331827
295 -12.98175395 0.8041512917
296 -13.14430314 0.8014349988
297 -13.30261938 0.7987757545
298 -13.45723436 0.7961658763
299 -13.60862103 0.7935984451
300 -13.75720145 0.7910672136
301 -13.90335353 0.7885665261
302 -14.04741674 0.7860912483
303 -14.18969707 0.783636705
304 -14.33047134 0.7811986256
305 -14.46999084 0.7787730962
306 -14.60848461 0.7763565165
307 -14.74616221 0.7739455625
308 -14.88321616 0.7715371529
309 -15.01982414 0.7691284195
310 -15.15615083 0.7667166804
311 -15.29234963 0.7642994164
312 -15.42856412 0.7618742498
313 -15.56492938 0.7594389251
314 -15.7015732 0.7569912918
315 -15.83861709 0.7545292887
316 -15.97617726 0.7520509296
317 -16.1143655 0.7495542902
318 -16.25328994 0.7470374964
319 -16.39305578 0.7444987129
320 -16.53376596 0.7419361331
321 -16.67552177 0.7393479694
322 -16.81842342 0.7367324443
323 -16.96257058 0.7340877817
324 -17.1080629 0.7314121991
325 -17.25500049 0.7287038992
326 -17.40348441 0.725961063
327 -17.55361708 0.7231818421
328 -17.70550277 0.7203643518
329 -17.85924802 0.7175066638
330 -18.0149621 0.7146067993
331 -18.17275739 0.7116627223
332 -18.33274987 0.7086723321
333 -18.49505956 0.7056334572
334 -18.65981094 0.7025438472
335 -18.82713345 0.6994011668
336 -18.99716193 0.6962029875
337 -19.17003714 0.6929467813
338 -19.34590623 0.6896299127
339 -19.5249233 0.6862496314
340 -19.70724992 0.6828030648
341 -19.8930557 0.6792872103
342 -20.08251886 0.6756989274
343 -20.27582685 0.6720349307
344 -20.47317696 0.6682917817
345 -20.67477698 0.6644658817
346 -20.88084586 0.6605534648
347 -21.09161438 0.656550591
348 -21.30732584 0.6524531401
349 -21.52823678 0.6482568063
350 -21.75461766 0.6439570938
351 -21.98675357 0.6395493138
352 -22.22494492 0.6350285824
353 -22.46950803 0.6303898216
354 -22.72077583 0.6256277615
355 -22.9790983 0.6207369464
356 -23.24484299 0.6157117438
357 -23.51839536 0.6105463576
358 -23.80015894 0.6052348461
359 -24.09055536 0.5997711465
360 -24.39002419 0.5941491047
361 -24.69902239 0.5883625133
362 -25.01802359 0.5824051583
363 -25.34751687 0.5762708749
364 -25.68800518 0.5699536138
365 -26.04000319 0.5634475191
366 -26.40403463 0.556747018
367 -26.78062892 0.5498469242
368 -27.17031715 0.5427425529
369 -27.57362727 0.5354298501
370 -27.99107847 0.5279055331
371 -28.42317474 0.520167243
372 -28.87039754 0.5122137047
373 -29.33319777 0.5040448945
374 -29.81198684 0.4956622082
375 -30.30712723 0.4870686272
376 -30.81892252 0.4782688757
377 -31.34760717 0.4692695623
378 -31.89333626 0.4600792983
379 -32.45617565 0.450708786
380 -33.03609273 0.4411708682
381 -33.63294828 0.4314805322
382 -34.24648989 0.4216548618
383 -34.87634714 0.4117129335
384 -35.52202914 0.4016756548
385 -36.18292456 0.3915655438
386 -36.85830451 0.3814064553
387 -37.54732823 0.3712232587
388 -38.24905172 0.3610414773
389 -38.96243902 0.3508869009
390 -39.686376 0.3407851852
391 -40.41968615 0.3307614528
392 -41.16114787 0.3208399092
393 -41.90951276 0.3110434896
394 -42.66352423 0.3013935457
395 -43.42193582 0.2919095843
396 -44.18352868 0.2826090628
397 -44.94712771 0.2735072455
398 -45.71161589 0.2646171211
399 -46.47594649 0.2559493792
400 -47.23915299 0.2475124401
401 -48.00035654 0.2393125334
402 -48.75877098 0.2313538152
403 -49.51370552 0.2236385182
404 -50.26456514 0.2161671247
405 -51.01084892 0.2089385555
406 -51.75214664 0.2019503671
407 -52.48813358 0.1951989517
408 -53.21856413 0.1886797336
409 -53.94326406 0.1823873591
410 -54.66212195 0.1763158754
411 -55.37507985 0.1704588971
412 -56.08212328 0.1648097583
413 -56.78327095 0.1593616491
414 -57.47856419 0.1541077364
415 -58.16805625 0.1490412685
416 -58.85180184 0.1441556634
417 -59.52984684 0.1394445822
418 -60.20221846 0.1349019855
419 -60.86891615 0.1305221771
420 -61.52990324 0.1262998314
421 -62.1850997 0.1222300086
422 -62.83437619 0.1183081571
423 -63.47754942 0.1145301033
424 -64.11437923 0.1108920328
425 -64.74456729 0.1073904606
426 -65.36775768 0.1040221957
427 -65.98353921 0.1007842988
428 -66.59144953 0.09767403687
429 -67.1909809 0.09468883556
430 -67.78158743 0.09182623166
431 -68.36269361 0.0890838274
432 -68.93370375 0.08645924803
433 -69.49401212 0.08395010408
434 -70.0430134 0.08155395939
435 -70.58011309 0.07926830547
436 -71.10473764 0.07709054272
437 -71.6163439 0.07501796826
438 -72.11442769 0.07304777037
439 -72.59853132 0.0711770288
440 -73.06824988 0.06940272028
441 -73.52323615 0.06772172849
442 -73.96320423 0.06613085739
443 -74.38793178 0.06462684712
444 -74.79726101 0.06320639164
445 -75.1910984 0.06186615704
446 -75.56941346 0.06060280021
447 -75.93223645 0.05941298683
448 -76.27965538 0.05829340861
449 -76.61181231 0.0572407991
450 -76.92889923 0.05625194806
451 -77.23115353 0.05532371402
452 -77.51885331 0.05445303515
453 -77.79231251 0.0536369383
454 -78.05187615 0.05287254629
455 -78.29791557 0.05215708367
456 -78.53082388 0.05148788079
457 -78.7510116 0.05086237662
458 -78.95890257 0.05027812028
459 -79.15493019 0.04973277147
460 -79.33953389 0.0492241
461 -79.513156 0.04874998447
462 -79.6762389 0.04830841035
463 -79.82922251 0.0478974674
464 -79.97254208 0.04751534681
465 -80.10662625 0.04716033785
466 -80.23189548 0.04683082436
467 -80.34876061 0.04652528106
468 -80.45762178 0.04624226967
469 -80.55886748 0.04598043508
470 -80.65287386 0.04573850139
471 -80.74000419 0.04551526811
472 -80.8206085 0.04530960628
473 -80.89502331 0.04512045475
474 -80.96357157 0.04494681656
475 -81.02656263 0.0447877554
476 -81.08429231 0.04464239222
477 -81.1370431 0.04450990197
478 -81.18508438 0.04438951045
479 -81.2286727 0.04428049137
480 -81.26805209 0.04418216347
481 -81.30345448 0.04409388785
482 -81.33510001 0.04401506536
483 -81.3631975 0.04394513425
484 -81.38794486 0.04388356779
485 -81.40952949 0.04382987219
486 -81.42812875 0.04378358448
487 -81.44391037 0.04374427065
488 -81.45703292 0.04371152379
489 -81.46764616 0.04368496244
490 -81.47589154 0.04366422895
491 -81.31921487 0.04400101989
492 -81.12160499 0.04447857957
493 -80.87847601 0.04507385418
494 -80.5836845 0.04580605024
495 -80.22421394 0.0467113043
496 -79.85515062 0.04764629856
497 -77.9486138 0.05198118823
498 -60.23763455 0.1097943905
499 30.77363492 0.9640876296
500 38.57510775 0.999935566
501 37.7550847 0.9999342205
502 35.72076207 0.9999055527
503 32.78442308 0.999838958
504 29.24704242 0.9996922868
505 25.436904 0.9993824531
506 21.60533186 0.998762814
507 17.91055648 0.9976046293
508 14.44348111 0.995599814
509 11.25414149 0.9924040565
510 8.36752687 0.9877237304
511 5.791002771 0.9814174808
512 3.517956674 0.9735598653
513 1.530790694 0.9644297825
514 -0.1956595974 0.9544328737
515 -1.690539356 0.9440023927
516 -2.983861638 0.9335212167
517 -4.104278288 0.9232823758
518 -5.07778196 0.9134828534
519 -5.927155259 0.9042366812
520 -6.671917043 0.8955949455
521 -7.328548503 0.8875652957
522 -7.910845773 0.8801278226
523 -8.430305491 0.8732467161
524 -8.896493068 0.8668782419
525 -9.31737089 0.8609759013
526 -9.699579426 0.8554935908
527 -10.04867231 0.850387414
528 -10.36931016 0.8456166167
529 -10.66541901 0.841143975
530 -10.94031931 0.8369358519
531 -11.19683081 0.8329620651
532 -11.43735783 0.8291956542
533 -11.6639587 0.8256126026
534 -11.87840253 0.822191548
535 -12.08221568 0.8189134997
536 -12.27671997 0.8157615729
537 -12.46306425 0.812720746
538 -12.64225054 0.8097776409
539 -12.8151558 0.8069203271
540 -12.98255008 0.8041381483
541 -13.1451118 0.8014215689
542 -13.3034406 0.7987620388
543 -13.45806815 0.7961518754
544 -13.60946742 0.7935841593
545 -13.75806048 0.7910526429
546 -13.90422523 0.7885516702
547 -14.04830118 0.7860761066
548 -14.19059432 0.7836212766
549 -14.33138147 0.7811829093
550 -14.47091396 0.7787570904
551 -14.60942083 0.7763402192
552 -14.74711166 0.7739289715
553 -14.88417898 0.7715202657
554 -15.02080049 0.769111233
555 -15.1571409 0.7666991912
556 -15.29335362 0.7642816208
557 -15.42958225 0.7618561437
558 -15.5659619 0.7594205039
559 -15.70262037 0.7569725506
560 -15.83967919 0.754510222
561 -15.97725461 0.7520315315
562 -16.11545844 0.7495345545
563 -16.25439882 0.7470174162
564 -16.39418099 0.744478281
565 -16.53490793 0.7419153416
566 -16.67668093 0.73932681
567 -16.81960025 0.736710908
568 -16.96376558 0.7340658591
569 -17.10927662 0.73138988
570 -17.25623351 0.7286811729
571 -17.40473733 0.7259379181
572 -17.55489056 0.7231582665
573 -17.7067975 0.7203403326
574 -17.86056475 0.7174821874
575 -18.01630159 0.7145818513
576 -18.17412047 0.7116372873
577 -18.33413744 0.7086463941
578 -18.49647254 0.7056069991
579 -18.66125032 0.7025168509
580 -18.82860028 0.6993736131
581 -18.99865733 0.6961748564
582 -19.17156228 0.6929180514
583 -19.34746237 0.6896005616
584 -19.52651177 0.6862196353
585 -19.70887213 0.6827723986
586 -19.89471314 0.6792558475
587 -20.08421311 0.6756668403
588 -20.27755959 0.6720020898
589 -20.47494996 0.6682581561
590 -20.67659214 0.6644314389
591 -20.88270517 0.6605181706
592 -21.09351994 0.6565144093
593 -21.3092799 0.6524160333
594 -21.5302417 0.6482187347
595 -21.75667595 0.6439180161
596 -21.98886788 0.6395091866
597 -22.22711804 0.6349873605
598 -22.47174292 0.630347458
599 -22.7230756 0.6255842073
600 -22.98146622 0.6206921509
601 -23.24728251 0.6156656547
602 -23.5209101 0.610498921
603 -23.80275267 0.605186007
604 -24.09323206 0.5997208486
605 -24.39278796 0.5940972909
606 -24.70187754 0.5883091263
607 -25.02097456 0.5823501408
608 -25.35056825 0.5762141703
609 -25.69116168 0.5698951667
610 -26.04326962 0.5633872761
611 -26.40741588 0.556684929
612 -26.78412992 0.5497829428
613 -27.17394283 0.542676638
614 -27.57738253 0.5353619667
615 -27.99496808 0.5278356542
616 -28.42720332 0.5200953505
617 -28.87456949 0.5121397913
618 -29.33751714 0.5039689652
619 -29.81645731 0.4955842816
620 -30.31175198 0.4869887375
621 -30.82370416 0.4781870738
622 -31.35254761 0.4691859167
623 -31.89843665 0.4599938968
624 -32.46143628 0.450621736
625 -33.04151294 0.441082297
626 -33.6385264 0.4313905866
627 -34.25222319 0.4215637078
628 -34.88223177 0.4116207552
629 -35.52806015 0.4015826521
630 -36.18909589 0.3914719308
631 -36.86460902 0.3813124571
632 -37.5537578 0.3711291084
633 -38.2555973 0.3609474124
634 -38.96909077 0.35079316
635 -39.69312341 0.3406920039
636 -40.42651821 0.3306690604
637 -41.16805323 0.320748525
638 -41.91647989 0.3109533198
639 -42.67054159 0.3013047809
640 -43.42899204 0.2918223972
641 -44.19061271 0.2825236065
642 -44.95422897 0.2734236526
643 -45.71872438 0.264535503
644 -46.4830529 0.2558698261
645 -47.24624878 0.2474350217
646 -48.007434 0.2392372996
647 -48.76582328 0.2312807974
648 -49.52072669 0.2235677307
649 -50.27155009 0.2160985665
650 -51.01779344 0.2088722119
651 -51.7590473 0.2018862117
652 -52.49498775 0.1951369481
653 -53.22536985 0.1886198374
654 -53.95001999 0.1823295194
655 -54.66882731 0.1762600364
656 -55.38173428 0.1704049997
657 -56.0887268 0.1647577414
658 -56.78982383 0.1593114508
659 -57.48506683 0.154059295
660 -58.17450915 0.1489945235
661 -58.85820543 0.1441105562
662 -59.53620142 0.1394010566
663 -60.20852411 0.1348599885
664 -60.87517263 0.1304816588
665 -61.53610994 0.1262607455
666 -62.19125557 0.1221923124
667 -62.84047966 0.1182718114
668 -63.48359841 0.1144950725
669 -64.12037109 0.1108582842
670 -64.75049883 0.1073579647
671 -65.37362516 0.1039909254
672 -65.98933838 0.1007542291
673 -66.59717565 0.0976451444
674 -67.19662884 0.0946610982
675 -67.78715174 0.09179962805
676 -68.36816857 0.08905833654
677 -68.93908351 0.08643484888
678 -69.49929076 0.08392677522
679 -70.04818505 0.08153167878
680 -70.58517203 0.07924705021
681 -71.10967839 0.07707028891
682 -71.62116129 0.07499869092
683 -72.11911697 0.07302944341
684 -72.60308821 0.07115962504
685 -73.07267061 0.06938621156
686 -73.52751753 0.06770608572
687 -73.96734365 0.06611605075
688 -74.39192727 0.06461284622
689 -74.80111118 0.06319316563
690 -75.19480249 0.06185367487
691 -75.57297131 0.06059103074
692 -75.93564845 0.05940189906
693 -76.28292248 0.05828297178
694 -76.61493595 0.05723098289
695 -76.9318813 0.05624272268
696 -77.23399636 0.05531505035
697 -77.52155959 0.05444490483
698 -77.79488525 0.05362931381
699 -78.05431866 0.05286540102
700 -78.30023138 0.05215039195
701 -78.53301672 0.05148161795
702 -78.75308535 0.05085651901
703 -78.96086124 0.05027264526
704 -79.15677785 0.04972765743
705 -79.34127468 0.04921932636
706 -79.51479407 0.04874553166
707 -79.67777839 0.04830425976
708 -79.83066754 0.04789360141
709 -79.97389672 0.04751174872
710 -80.10789451 0.04715699188
711 -80.23308129 0.04682771558
712 -80.3498678 0.04652239539
713 -80.45865408 0.04623959384
714 -80.55982851 0.04597795655
715 -80.65376713 0.04573620839
716 -80.74083309 0.04551314953
717 -80.82137628 0.04530765169
718 -80.89573311 0.04511865433
719 -80.9642264 0.04494516109
720 -81.02716536 0.04478623621
721 -81.0848457 0.04464100117
722 -81.13754978 0.04450863142
723 -81.18554687 0.04438835322
724 -81.22909337 0.04427944073
725 -81.26843323 0.04418121309
726 -81.30379824 0.0440930318
727 -81.33540845 0.04401429809
728 -81.36347256 0.04394445052
729 -81.38818839 0.04388296272
730 -81.40974323 0.04382934117
731 -81.42831436 0.04378312321
732 -81.44406942 0.04374387508
733 -81.45716688 0.04371119015
734 -81.46775643 0.04368468716
735 -81.47597945 0.04366400868
