0 -54.85462747 0.1747493995
1 -55.592502 0.1687357389
2 -56.32497565 0.1629359372
3 -57.05201321 0.15734352
4 -57.77360255 0.1519519296
5 -58.4897424 0.146754645
6 -59.20043016 0.1417452848
7 -59.90564991 0.1369176917
8 -60.60536103 0.132265999
9 -61.29948758 0.1277846789
10 -61.98790877 0.1234685751
11 -62.67045076 0.1193129173
12 -63.34688015 0.1153133223
13 -64.0168993 0.1114657799
14 -64.68014376 0.1077666272
15 -65.33618193 0.1042125121
16 -65.98451699 0.1008003487
17 -66.62459127 0.09752726688
18 -67.25579269 0.09439055803
19 -67.87746328 0.09138762021
20 -68.48890947 0.08851590451
21 -69.08941377 0.08577286506
22 -69.67824731 0.08315591461
23 -70.25468305 0.080662387
24 -70.81800895 0.07828950766
25 -71.36754076 0.07603437256
26 -71.90263403 0.07389393581
27 -72.42269488 0.07186500539
28 -72.9271894 0.06994424646
29 -73.41565135 0.06812819104
30 -73.88768807 0.06641325327
31 -74.34298459 0.06479574852
32 -74.7813059 0.06327191564
33 -75.20249756 0.06183794067
34 -75.60648473 0.06048998139
35 -75.99326978 0.05922419142
36 -76.36292878 0.05803674344
37 -76.71560695 0.05692385068
38 -77.05151345 0.0558817865
39 -77.37091553 0.05490690164
40 -77.67413236 0.05399563909
41 -77.96152876 0.05314454642
42 -78.23350879 0.0523502859
43 -78.49050955 0.05160964218
44 -78.73299513 0.05091952801
45 -78.96145091 0.05027698794
46 -79.17637821 0.04967920042
47 -79.37828933 0.04912347839
48 -79.56770305 0.04860726858
49 -79.74514056 0.04812814978
50 -79.91112186 0.04768383024
51 -80.06616241 0.0472721447
52 -80.21076894 0.04689105358
53 -80.34542523 0.04653866399
54 -80.4704898 0.04621343746
55 -80.58534519 0.04591597127
56 -80.68117176 0.04566411597
57 -80.67915847 0.04562210696
58 -79.89995922 0.04723817499
59 -72.519986 0.06565894753
60 -13.05155142 0.4952954065
61 37.69042602 0.9996613019
62 38.08204661 0.9999374391
63 36.35225375 0.9999157247
64 33.5362487 0.9998599196
65 29.93550219 0.9997298302
66 25.91831094 0.9994375024
67 21.80076442 0.9988137131
68 17.79563303 0.9975737492
69 14.02955006 0.9953104349
70 10.57297874 0.9915504999
71 7.460593606 0.9858862063
72 4.701722915 0.9781334764
73 2.286215115 0.9684231878
74 0.1896268722 0.9571661859
75 -1.621234127 0.9449212115
76 -3.183097883 0.93224821
77 -4.532229195 0.9196100443
78 -5.701950976 0.9073361601
79 -6.721488617 0.8956297906
80 -7.615718741 0.884594696
81 -8.405428827 0.8742649755
82 -9.107806755 0.8646302776
83 -9.736991609 0.8556544023
84 -10.30459857 0.8472879072
85 -10.82018074 0.8394761291
86 -11.29161795 0.8321640031
87 -11.72543603 0.8252987721
88 -12.12706507 0.8188313637
89 -12.50104676 0.8127169565
90 -12.85120031 0.8069150721
91 -13.18075506 0.8013894048
92 -13.49245676 0.7961075183
93 -13.78865279 0.7910404855
94 -14.07136099 0.7861625184
95 -14.34232524 0.7814506105
96 -14.60306075 0.7768842042
97 -14.854891 0.7724448903
98 -15.09897815 0.7681161385
99 -15.33634809 0.763883059
100 -15.56791125 0.7597321926
101 -15.79447994 0.7556513261
102 -16.01678292 0.7516293311
103 -16.23547764 0.7476560224
104 -16.45116065 0.7437220337
105 -16.66437644 0.7398187089
106 -16.87562501 0.7359380063
107 -17.0853684 0.7320724137
108 -17.29403634 0.7282148735
109 -17.50203117 0.7243587164
110 -17.70973217 0.7204976018
111 -17.91749936 0.7166254646
112 -18.12567687 0.7127364673
113 -18.33459598 0.7088249566
114 -18.54457786 0.7048854242
115 -18.75593602 0.7009124703
116 -18.96897861 0.6969007711
117 -19.18401051 0.6928450481
118 -19.40133524 0.6887400396
119 -19.62125687 0.684580475
120 -19.84408167 0.6803610499
121 -20.07011976 0.6760764041
122 -20.29968673 0.6717211
123 -20.53310509 0.6672896035
124 -20.77070573 0.6627762665
125 -21.01282932 0.6581753106
126 -21.25982763 0.6534808136
127 -21.51206482 0.6486866978
128 -21.76991865 0.6437867207
129 -22.03378159 0.6387744694
130 -22.30406187 0.6336433579
131 -22.5811844 0.6283866289
132 -22.86559148 0.6229973609
133 -23.15774345 0.6174684805
134 -23.45811898 0.6117927817
135 -23.76721518 0.6059629539
136 -24.08554733 0.5999716178
137 -24.41364822 0.593811373
138 -24.752067 0.5874748562
139 -25.10136754 0.5809548135
140 -25.46212608 0.5742441866
141 -25.83492821 0.5673362141
142 -26.22036503 0.5602245502
143 -26.61902842 0.5529033985
144 -27.03150542 0.5453676639
145 -27.45837152 0.5376131189
146 -27.90018303 0.5296365843
147 -28.35746841 0.5214361208
148 -28.83071869 0.5130112273
149 -29.32037707 0.5043630404
150 -29.82682785 0.4954945286
151 -30.35038503 0.4864106737
152 -30.8912808 0.4771186295
153 -31.44965424 0.4676278484
154 -32.02554086 0.4579501674
155 -32.61886319 0.4480998426
156 -33.22942306 0.4380935256
157 -33.85689596 0.4279501745
158 -34.50082789 0.4176908979
159 -35.1606351 0.40733873
160 -35.83560685 0.3969183407
161 -36.52491146 0.3864556896
162 -37.22760537 0.3759776313
163 -37.9426453 0.3655114886
164 -38.66890298 0.3550846075
165 -39.405182 0.3447239116
166 -40.15023633 0.3344554716
167 -40.90278974 0.3243041073
168 -41.66155557 0.3142930339
169 -42.42525612 0.3044435643
170 -43.19264103 0.2947748745
171 -43.96250426 0.285303836
172 -44.73369904 0.2760449158
173 -45.50515062 0.2670101405
174 -46.27586656 0.2582091208
175 -47.0449444 0.2496491279
176 -47.81157682 0.2413352148
177 -48.57505424 0.2332703715
178 -49.33476513 0.2254557086
179 -50.09019409 0.2178906564
180 -50.84091803 0.2105731762
181 -51.58660055 0.2034999732
182 -52.32698495 0.1966667083
183 -53.0618859 0.1900682012
184 -53.79118011 0.1836986244
185 -54.51479617 0.1775516822
186 -55.23270387 0.1716207748
187 -55.94490307 0.1658991456
188 -56.65141242 0.1603800101
189 -57.35225813 0.1550566668
190 -58.04746303 0.1499225906
191 -58.73703607 0.1449715065
192 -59.42096259 0.140197447
193 -60.09919553 0.1355947913
194 -60.7716478 0.1311582891
195 -61.43818607 0.1268830681
196 -62.09862609 0.1227646294
197 -62.75272974 0.1187988285
198 -63.40020383 0.114981848
199 -64.04070081 0.1113101608
200 -64.67382121 0.1077804872
201 -65.29911786 0.1043897484
202 -65.91610161 0.1011350186
203 -66.52424845 0.09801347671
204 -67.12300773 0.09502236098
205 -67.71181114 0.0921589277
206 -68.2900822 0.08942041481
207 -68.85724595 0.08680401199
208 -69.41273849 0.08430683743
209 -69.95601609 0.08192592154
210 -70.48656368 0.07965819756
211 -71.00390247 0.07750049832
212 -71.50759649 0.07544955892
213 -71.99725813 0.07350202411
214 -72.47255235 0.07165445969
215 -72.93319986 0.06990336702
216 -73.37897897 0.0682451995
217 -73.80972646 0.06667638045
218 -74.22533735 0.06519332137
219 -74.62576384 0.06379244018
220 -75.01101335 0.06247017862
221 -75.38114602 0.06122301866
222 -75.73627154 0.06004749746
223 -76.07654566 0.05894022068
224 -76.40216636 0.0578978741
225 -76.71336983 0.05691723347
226 -77.01042632 0.05599517261
227 -77.29363606 0.05512866977
228 -77.56332513 0.05431481253
229 -77.8198415 0.05355080117
230 -78.06355126 0.05283395069
231 -78.294835 0.05216169183
232 -78.51408444 0.05153157088
233 -78.72169928 0.05094124874
234 -78.91808438 0.05038849921
235 -79.1036471 0.04987120667
236 -79.27879499 0.04938736327
237 -79.44393368 0.0489350657
238 -79.59946503 0.04851251172
239 -79.74578553 0.04811799641
240 -79.88328491 0.04774990831
241 -80.01234498 0.04740672545
242 -80.13333859 0.04708701137
243 -80.24662887 0.04678941113
244 -80.35256858 0.04651264733
245 -80.45149956 0.04625551625
246 -80.54375239 0.04601688406
247 -80.62964615 0.04579568311
248 -80.70948821 0.04559090838
249 -80.78357421 0.04540161411
250 -80.85218789 0.04522691071
251 -80.91559999 0.04506596419
252 -80.97405748 0.04491801549
253 -81.0276868 0.04478257686
254 -81.0756288 0.04466120229
255 -81.10832831 0.04457326154
256 -81.03888151 0.04469667801
257 -80.09286586 0.04665928965
258 -71.43085529 0.06858235291
259 -1.682301116 0.6189289944
260 38.06806371 0.9998066548
261 38.12500016 0.9999381077
262 36.38633297 0.9999162369
263 33.62104774 0.9998619358
264 30.10990522 0.9997378667
265 26.2041577 0.9994647971
266 22.20284283 0.9988935297
267 18.30596257 0.9977765648
268 14.63223777 0.9957611602
269 11.24822602 0.9924322982
270 8.187970177 0.9874177318
271 5.46283492 0.9805219317
272 3.066538978 0.9718161965
273 0.9792627824 0.9616284493
274 -0.8278139039 0.9504429685
275 -2.387926937 0.9387724912
276 -3.734915157 0.9270612866
277 -4.900634815 0.9156402791
278 -5.913570345 0.9047242864
279 -6.798343786 0.8944315521
280 -7.575781977 0.8848096627
281 -8.263270519 0.8758592429
282 -8.875217234 0.8675523516
283 -9.423524702 0.8598454525
284 -9.918022987 0.8526879596
285 -10.36684392 0.8460275541
286 -10.77673436 0.8398133011
287 -11.15331339 0.8339973349
288 -11.50128111 0.8285356473
289 -11.82458716 0.8233883358
290 -12.12656638 0.8185195386
291 -12.41004813 0.8138972029
292 -12.67744439 0.8094927716
293 -12.93082106 0.8052808426
294 -13.17195578 0.8012388299
295 -13.40238509 0.7973466427
296 -13.62344301 0.7935863912
297 -13.83629274 0.7899421205
298 -14.04195284 0.7863995736
299 -14.24131895 0.7829459822
300 -14.43518192 0.7795698824
301 -14.62424289 0.7762609533
302 -14.80912609 0.773009875
303 -14.99038958 0.7698082051
304 -15.16853434 0.7666482705
305 -15.34401207 0.763523072
306 -15.51723181 0.7604262011
307 -15.68856565 0.7573517672
308 -15.85835366 0.7542943326
309 -16.02690813 0.7512488561
310 -16.19451726 0.7482106424
311 -16.36144843 0.7451752975
312 -16.527951 0.7421386893
313 -16.69425881 0.7390969113
314 -16.86059241 0.7360462519
315 -17.02716101 0.7329831648
316 -17.19416426 0.7299042436
317 -17.36179378 0.7268061983
318 -17.53023466 0.7236858337
319 -17.6996667 0.7205400299
320 -17.87026565 0.7173657242
321 -18.04220426 0.7141598944
322 -18.21565337 0.7109195431
323 -18.3907828 0.7076416831
324 -18.56776228 0.7043233237
325 -18.74676234 0.7009614577
326 -18.92795507 0.6975530489
327 -19.11151495 0.6940950204
328 -19.29761962 0.6905842434
329 -19.48645063 0.687017526
330 -19.67819416 0.683391603
331 -19.87304179 0.6797031254
332 -20.0711912 0.6759486511
333 -20.27284692 0.6721246355
334 -20.47822101 0.6682274221
335 -20.68753386 0.6642532344
336 -20.90101486 0.6601981679
337 -21.11890315 0.6560581824
338 -21.34144838 0.651829096
339 -21.56891139 0.6475065786
340 -21.80156496 0.6430861478
341 -22.03969451 0.6385631653
342 -22.2835988 0.6339328349
343 -22.53359057 0.6291902026
344 -22.78999717 0.624330159
345 -23.05316113 0.6193474437
346 -23.32344062 0.6142366535
347 -23.60120988 0.6089922536
348 -23.88685947 0.6036085938
349 -24.18079641 0.5980799282
350 -24.48344415 0.592400442
351 -24.79524227 0.5865642836
352 -25.11664597 0.5805656041
353 -25.44812525 0.5743986047
354 -25.79016372 0.568057593
355 -26.14325697 0.5615370487
356 -26.50791056 0.5548316996
357 -26.88463732 0.5479366085
358 -27.27395427 0.540847271
359 -27.67637867 0.5335597252
360 -28.09242353 0.526070672
361 -28.52259231 0.5183776056
362 -28.96737284 0.5104789536
363 -29.4272305 0.5023742233
364 -29.90260062 0.4940641534
365 -30.39388017 0.4855508657
366 -30.90141888 0.4768380133
367 -31.42550982 0.4679309207
368 -31.96637974 0.4588367076
369 -32.52417933 0.4495643935
370 -33.09897377 0.4401249716
371 -33.69073372 0.4305314493
372 -34.2993274 0.4207988462
373 -34.92451387 0.4109441446
374 -35.56593807 0.4009861884
375 -36.22312794 0.3909455287
376 -36.89549397 0.3808442146
377 -37.58233135 0.3707055335
378 -38.28282503 0.3605537055
379 -38.99605752 0.3504135402
380 -39.72101959 0.340310067
381 -40.45662337 0.3302681511
382 -41.20171773 0.3203121094
383 -41.95510527 0.3104653391
384 -42.7155605 0.3007499744
385 -43.48184854 0.2911865811
386 -44.25274364 0.2817939011
387 -45.02704704 0.2725886516
388 -45.8036035 0.2635853845
389 -46.58131602 0.2547964067
390 -47.35915844 0.2462317587
391 -48.13618565 0.2378992479
392 -48.9115411 0.2298045301
393 -49.68446187 0.2219512314
394 -50.454281 0.214341103
395 -51.22042743 0.2069741991
396 -51.98242371 0.1998490716
397 -52.73988156 0.1929629729
398 -53.49249567 0.1863120608
399 -54.24003588 0.1798916
400 -54.98233811 0.1736961556
401 -55.71929409 0.1677197754
402 -56.45084034 0.1619561578
403 -57.17694646 0.1563988042
404 -57.89760306 0.1510411547
405 -58.61280949 0.145876705
406 -59.32256169 0.1408991066
407 -60.02684029 0.1361022474
408 -60.72559931 0.1314803155
409 -61.41875574 0.127027845
410 -62.10618021 0.1227397448
411 -62.78768908 0.1186113112
412 -63.46303819 0.114638226
413 -64.13191857 0.1108165404
414 -64.79395421 0.1071426473
415 -65.44870212 0.1036132433
416 -66.09565473 0.100225283
417 -66.73424453 0.09697592732
418 -67.36385095 0.09386248956
419 -67.9838092 0.09088238021
420 -68.5934208 0.08803305393
421 -69.19196545 0.0853119604
422 -69.77871372 0.08271650099
423 -70.35294028 0.08024399254
424 -70.91393704 0.0778916393
425 -71.46102582 0.0756565134
426 -71.99357016 0.07353554382
427 -72.51098593 0.07152551357
428 -73.01275038 0.06962306404
429 -73.49840957 0.06782470589
430 -73.96758399 0.06612683486
431 -74.4199723 0.06452575169
432 -74.85535336 0.06301768454
433 -75.27358652 0.06159881302
434 -75.67461041 0.06026529265
435 -76.05844036 0.0590132789
436 -76.42516464 0.05783895009
437 -76.77493986 0.05673852866
438 -77.10798557 0.05570830027
439 -77.42457837 0.05474463069
440 -77.72504574 0.05384398022
441 -78.00975965 0.05300291566
442 -78.27913029 0.05221811997
443 -78.53359979 0.05148639959
444 -78.7736363 0.05080468983
445 -78.99972829 0.05017005828
446 -79.2123793 0.0495797066
447 -79.41210303 0.0490309709
448 -79.59941895 0.04852132085
449 -79.7748483 0.04804835778
450 -79.93891053 0.04760981192
451 -80.09212005 0.0472035394
452 -80.23498212 0.04682752126
453 -80.36797862 0.04647988459
454 -80.49146523 0.04615911117
455 -80.60481556 0.04586582801
456 -80.69914717 0.04561801165
457 -80.69509433 0.04558093218
458 -79.90827556 0.04721272775
459 -72.46969433 0.06579302654
460 -12.57605118 0.5006116778
461 37.70549058 0.9996702649
462 38.0809894 0.9999374371
463 36.34809147 0.9999156628
464 33.53058544 0.9998597741
465 29.92961236 0.9997295339
466 25.91324465 0.9994369671
467 21.79716019 0.998812901
468 17.79376162 0.9975728491
469 14.02943674 0.9953101438
470 10.5745062 0.9915522925
471 7.46357103 0.9858923767
472 4.705932778 0.9781468072
473 2.291446112 0.9684463618
474 0.1956951135 0.9572012567
475 -1.61447529 0.9449693757
476 -3.175757214 0.9323098854
477 -4.524382502 0.9196851056
478 -5.693648156 0.9074241859
479 -6.71276059 0.8957302485
480 -7.606583222 0.8847070543
481 -8.395894703 0.8743887585
482 -9.097877207 0.8647650851
483 -9.726666251 0.8557999101
484 -10.29387487 0.8474438599
485 -10.8090549 0.8396423294
486 -11.2800855 0.8323403019
487 -11.71349217 0.8254850597
488 -12.11470482 0.8190275628
489 -12.48826508 0.8129230164
490 -12.83799211 0.8071309647
491 -13.16711522 0.8016151217
492 -13.47838005 0.796343068
493 -13.77413387 0.7912858922
494 -14.05639433 0.786417821
495 -14.32690507 0.7817158614
496 -14.587181 0.7771594696
497 -14.83854526 0.7727302496
498 -15.08215958 0.7684116845
499 -15.31904939 0.7641888981
500 -15.55012459 0.7600484448
501 -15.77619691 0.7559781257
502 -15.99799447 0.7519668271
503 -16.21617403 0.7480043789
504 -16.4313314 0.7440814307
505 -16.64401026 0.7401893427
506 -16.85470975 0.7363200905
507 -17.06389098 0.7324661796
508 -17.2719827 0.7286205713
509 -17.47938621 0.7247766157
510 -17.68647966 0.7209279929
511 -17.8936219 0.7170686591
512 -18.10115578 0.7131927993
513 -18.30941126 0.7092947839
514 -18.51870808 0.7053691289
515 -18.72935826 0.7014104607
516 -18.94166834 0.6974134822
517 -19.1559415 0.6933729431
518 -19.37247949 0.6892836113
519 -19.59158447 0.6851402467
520 -19.81356071 0.6809375769
521 -20.03871621 0.6766702748
522 -20.26736433 0.6723329371
523 -20.49982522 0.667920065
524 -20.73642728 0.6634260468
525 -20.97750859 0.6588451413
526 -21.2234182 0.6541714639
527 -21.47451741 0.6493989749
528 -21.73118102 0.64452147
529 -21.99379844 0.6395325736
530 -22.26277473 0.6344257364
531 -22.53853154 0.6291942358
532 -22.82150789 0.6238311828
533 -23.11216077 0.6183295326
534 -23.41096553 0.612682104
535 -23.71841601 0.6068816047
536 -24.03502431 0.6009206669
537 -24.36132021 0.5947918922
538 -24.69785011 0.5884879088
539 -25.04517545 0.582001441
540 -25.40387048 0.5753253936
541 -25.77451934 0.5684529505
542 -26.15771236 0.5613776908
543 -26.5540415 0.5540937205
544 -26.96409477 0.5465958213
545 -27.38844982 0.5388796151
546 -27.82766634 0.5309417427
547 -28.28227762 0.522780054
548 -28.75278105 0.5143938055
549 -29.23962787 0.5057838603
550 -29.74321219 0.4969528838
551 -30.26385959 0.4879055274
552 -30.80181563 0.4786485916
553 -31.35723453 0.4691911585
554 -31.93016846 0.4595446844
555 -32.52055804 0.4497230432
556 -33.12822427 0.4397425121
557 -33.75286258 0.4296216935
558 -34.39403926 0.4193813691
559 -35.05119072 0.4090442857
560 -35.72362582 0.3986348757
561 -36.41053136 0.3881789183
562 -37.11098073 0.3777031527
563 -37.82394556 0.3672348547
564 -38.54831007 0.356801394
565 -39.28288765 0.3464297876
566 -40.02643911 0.3361462661
567 -40.77769205 0.3259758696
568 -41.53536054 0.3159420867
569 -42.29816459 0.3060665472
570 -43.06484878 0.2963687779
571 -43.83419943 0.2868660239
572 -44.60505987 0.2775731379
573 -45.37634357 0.2685025353
574 -46.14704482 0.2596642086
575 -46.91624677 0.2510657968
576 -47.68312702 0.2427126994
577 -48.44696062 0.2346082273
578 -49.20712071 0.2267537815
579 -49.96307693 0.2191490512
580 -50.71439192 0.2117922226
581 -51.46071601 0.2046801922
582 -52.20178037 0.1978087786
583 -52.93738892 0.1911729277
584 -53.66740916 0.1847669078
585 -54.39176218 0.1785844911
586 -55.11041196 0.1726191203
587 -55.82335442 0.1668640585
588 -56.53060608 0.1613125208
589 -57.23219288 0.155957789
590 -57.92813914 0.1507933064
591 -58.61845702 0.1458127558
592 -59.30313662 0.141010119
593 -59.98213708 0.1363797188
594 -60.6553787 0.1319162456
595 -61.32273654 0.1276147674
596 -61.98403544 0.1234707266
597 -62.63904677 0.1194799242
598 -63.28748699 0.1156384932
599 -63.929018 0.1119428631
600 -64.56324929 0.1083897184
