0 -53.92045128 0.1826243186
1 -54.67191323 0.176275016
2 -55.41774783 0.1701532894
3 -56.15787168 0.1642526352
4 -56.89223898 0.1585663042
5 -57.62082956 0.1530874449
6 -58.34363663 0.1478092285
7 -59.06065466 0.1427249552
8 -59.77186745 0.1378281417
9 -60.47723681 0.1331125904
10 -61.176692 0.1285724405
11 -61.87012024 0.1242022016
12 -62.55735858 0.1199967712
13 -63.2381873 0.115951437
14 -63.91232524 0.112061865
15 -64.57942705 0.1083240753
16 -65.23908264 0.104734408
17 -65.8908189 0.1012894803
18 -66.53410361 0.09798613783
19 -67.16835152 0.09482140286
20 -67.79293241 0.09179242059
21 -68.40718078 0.0888964072
22 -69.01040697 0.08613060111
23 -69.60190924 0.08349221925
24 -70.18098634 0.08097842
25 -70.74695022 0.07858627368
26 -71.29913839 0.0763127411
27 -71.83692556 0.07415466038
28 -72.35973416 0.07210874155
29 -72.86704353 0.07017156851
30 -73.35839756 0.06833960724
31 -73.83341061 0.06660921922
32 -74.29177171 0.06497667899
33 -74.73324696 0.06343819457
34 -75.15768045 0.06198992961
35 -75.56499346 0.06062802636
36 -75.95518246 0.05934862836
37 -76.32831586 0.05814790243
38 -76.68452984 0.05702205905
39 -77.02402342 0.05596737103
40 -77.34705294 0.05498018992
41 -77.65392621 0.0540569603
42 -77.94499644 0.05319423161
43 -78.22065614 0.05238866781
44 -78.48133104 0.05163705487
45 -78.72747429 0.05093630618
46 -78.95956085 0.05028346618
47 -79.17808227 0.04967571238
48 -79.38354182 0.04911035588
49 -79.57645002 0.0485848407
50 -79.75732065 0.04809674207
51 -79.92666716 0.04764376382
52 -80.08499945 0.04722373512
53 -80.23282119 0.04683460666
54 -80.37062743 0.04647444636
55 -80.49890257 0.04614143486
56 -80.61811876 0.04583386074
57 -80.72873455 0.04555011562
58 -80.83119381 0.04528868926
59 -80.92592496 0.04504816463
60 -81.0133404 0.04482721301
61 -81.09383612 0.04462458925
62 -81.16779153 0.0444391271
63 -81.2355694 0.04426973467
64 -81.29751594 0.04411539016
65 -81.35396104 0.04397513759
66 -81.40521849 0.04384808291
67 -81.4515864 0.04373339012
68 -81.49334758 0.0436302777
69 -81.53077003 0.04353801516
70 -81.56410743 0.04345591981
71 -81.59359967 0.04338335372
72 -81.61947341 0.04331972079
73 -81.64194263 0.04326446405
74 -81.66120917 0.04321706312
75 -81.67746331 0.04317703182
76 -81.69088424 0.04314391605
77 -81.70164004 0.04311729282
78 -81.70988317 0.04309677826
79 -81.71570662 0.04308211412
80 -81.71875142 0.0430739476
81 -81.71472309 0.04308075918
82 -81.6644569 0.04318049192
83 -81.21895597 0.04407678664
84 -77.28011795 0.0527289884
85 -43.18660033 0.2040564205
86 36.25374378 0.9967373514
87 38.52397192 0.9999412809
88 37.27434112 0.9999284788
89 34.92896177 0.9998910729
90 31.7327009 0.9998050061
91 28.01313353 0.9996148474
92 24.09320915 0.9992128429
93 20.20618925 0.9984124883
94 16.49539065 0.9969319715
95 13.04264207 0.9944105823
96 9.892150349 0.990477644
97 7.063621809 0.9848649614
98 4.558490387 0.9775128873
99 2.363780176 0.9686081951
100 0.4559866655 0.958531873
101 -1.194699585 0.9477519824
102 -2.620470614 0.9367187479
103 -3.852902157 0.9257985341
104 -4.921079146 0.9152513286
105 -5.850694257 0.9052378967
106 -6.663826382 0.8958403113
107 -7.379118097 0.8870846753
108 -8.012145066 0.878960634
109 -8.575847574 0.8714361004
110 -9.080953089 0.8644674958
111 -9.536356579 0.8580064501
112 -9.949447179 0.8520039538
113 -10.32638115 0.8464127768
114 -10.67230627 0.841188762
115 -10.99154456 0.8362914086
116 -11.28774039 0.831684028
117 -11.56398024 0.8273336517
118 -11.82288972 0.8232108043
119 -12.06671209 0.8192892153
120 -12.29737221 0.8155455083
121 -12.51652859 0.8119588949
122 -12.72561609 0.8085108846
123 -12.92588099 0.8051850184
124 -13.11840993 0.8019666284
125 -13.30415396 0.7988426224
126 -13.48394846 0.7958012934
127 -13.65852994 0.7928321514
128 -13.82855002 0.7899257754
129 -13.99458732 0.7870736839
130 -14.15715744 0.7842682206
131 -14.31672151 0.7815024549
132 -14.47369347 0.7787700941
133 -14.62844625 0.7760654064
134 -14.78131719 0.7733831531
135 -14.93261261 0.7707185292
136 -15.08261184 0.7680671104
137 -15.23157068 0.7654248069
138 -15.37972446 0.7627878215
139 -15.52729067 0.7601526135
140 -15.67447132 0.7575158655
141 -15.82145498 0.7548744542
142 -15.96841864 0.752225424
143 -16.11552931 0.7495659636
144 -16.26294548 0.7468933839
145 -16.41081845 0.7442050993
146 -16.55929351 0.7414986093
147 -16.70851098 0.7387714822
148 -16.85860725 0.7360213402
149 -17.00971564 0.7332458452
150 -17.16196728 0.7304426859
151 -17.31549187 0.727609565
152 -17.47041845 0.7247441879
153 -17.62687607 0.7218442515
154 -17.78499449 0.718907433
155 -17.94490484 0.7159313802
156 -18.10674024 0.7129137006
157 -18.27063643 0.709851952
158 -18.43673239 0.7067436324
159 -18.60517098 0.7035861704
160 -18.77609952 0.7003769152
161 -18.94967047 0.6971131271
162 -19.12604204 0.6937919675
163 -19.30537883 0.6904104892
164 -19.48785256 0.6869656261
165 -19.6736427 0.6834541836
166 -19.86293723 0.6798728281
167 -20.05593333 0.676218077
168 -20.25283821 0.6724862882
169 -20.45386983 0.6686736504
170 -20.65925775 0.6647761728
171 -20.86924397 0.6607896754
172 -21.08408376 0.6567097797
173 -21.30404655 0.6525319002
174 -21.52941682 0.6482512362
175 -21.76049496 0.6438627654
176 -21.99759817 0.6393612387
177 -22.24106128 0.6347411769
178 -22.49123759 0.6299968704
179 -22.74849956 0.6251223811
180 -23.01323952 0.6201115489
181 -23.28587014 0.614958003
182 -23.56682479 0.6096551775
183 -23.85655768 0.6041963358
184 -24.15554376 0.5985746004
185 -24.46427821 0.5927829942
186 -24.78327561 0.5868144902
187 -25.11306862 0.5806620744
188 -25.45420603 0.5743188215
189 -25.8072503 0.567777985
190 -26.17277423 0.5610331028
191 -26.55135692 0.5540781195
192 -26.94357875 0.5469075256
193 -27.35001549 0.5395165122
194 -27.77123135 0.5319011426
195 -28.20777103 0.5240585361
196 -28.66015078 0.5159870632
197 -29.1288486 0.5076865461
198 -29.61429355 0.4991584603
199 -30.11685458 0.490406129
200 -30.63682891 0.4814349032
201 -31.17443049 0.4722523184
202 -31.72977873 0.462868217
203 -32.30288807 0.4532948286
204 -32.89365882 0.4435467976
205 -33.50186961 0.4336411514
206 -34.12717217 0.4235972032
207 -34.76908852 0.4134363866
208 -35.42701116 0.4031820219
209 -36.10020636 0.3928590197
210 -36.78782052 0.3824935274
211 -37.48888987 0.3721125311
212 -38.20235287 0.3617434261
213 -38.92706532 0.3514135728
214 -39.66181749 0.3411498524
215 -40.40535275 0.3309782423
216 -41.15638714 0.3209234235
217 -41.91362905 0.3110084348
218 -42.67579854 0.3012543838
219 -43.44164557 0.291680221
220 -44.20996674 0.2823025813
221 -44.97962004 0.2731356921
222 -45.74953723 0.2641913449
223 -46.51873392 0.2554789264
224 -47.28631687 0.2470055006
225 -48.05148893 0.2387759329
226 -48.81355134 0.2307930501
227 -49.57190376 0.2230578242
228 -50.32604214 0.2155695735
229 -51.0755547 0.2083261733
230 -51.82011609 0.2013242689
231 -52.55948021 0.1945594857
232 -53.2934717 0.1880266316
233 -54.02197644 0.1817198889
234 -54.74493127 0.1756329918
235 -55.46231305 0.169759389
236 -56.17412745 0.1640923888
237 -56.88039744 0.1586252863
238 -57.58115192 0.1533514736
239 -58.27641459 0.1482645301
240 -58.96619329 0.1433582959
241 -59.65047011 0.1386269271
242 -60.32919245 0.1340649339
243 -61.00226532 0.1296672021
244 -61.66954497 0.1254290005
245 -62.33083425 0.1213459729
246 -62.9858796 0.1174141192
247 -63.63437 0.1136297652
248 -64.2759377 0.1099895246
249 -64.91016099 0.1064902548
250 -65.53656857 0.1031290084
251 -66.15464567 0.09990298357
252 -66.76384154 0.09680947495
253 -67.36357806 0.09384582695
254 -67.95325923 0.09100939132
255 -68.53228116 0.08829749029
256 -69.1000422 0.08570738617
257 -69.65595296 0.08323625804
258 -70.19944591 0.08088118566
259 -70.72998422 0.07863914035
260 -71.24706976 0.07650698257
261 -71.75024993 0.07448146522
262 -72.23912338 0.07255924211
263 -72.71334443 0.07073688033
264 -73.17262625 0.06901087585
265 -73.61674277 0.06737767116
266 -74.04552945 0.06583367415
267 -74.45888296 0.06437527746
268 -74.85675995 0.06299887761
269 -75.23917486 0.06170089335
270 -75.6061972 0.06047778274
271 -75.95794811 0.05932605882
272 -76.2945966 0.05824230344
273 -76.61635544 0.05722317942
274 -76.9234768 0.05626544067
275 -77.21624782 0.05536594089
276 -77.49498538 0.05452164202
277 -77.76002489 0.05372963583
278 -78.01165626 0.05298728919
279 -78.24960263 0.05229345941
280 -78.4685614 0.05165884041
281 -78.61999331 0.05119401904
282 -78.28619603 0.051867678
283 -73.92720527 0.06290073921
284 -36.96246999 0.2575057207
285 35.61697457 0.9976285363
286 37.9557969 0.9999347353
287 36.46800545 0.9999172784
288 33.73807111 0.999864958
289 30.14894863 0.9997403851
290 26.08795347 0.9994554181
291 21.89301722 0.9988355197
292 17.79583271 0.9975793197
293 13.93582545 0.9952457363
294 10.3911478 0.9913120239
295 7.200699898 0.9853208418
296 4.375583687 0.9770624763
297 1.905559756 0.9666815396
298 -0.2352003323 0.9546359664
299 -2.081943163 0.9415435997
300 -3.673566765 0.9280152123
301 -5.048259581 0.9145467915
302 -6.240873039 0.9014836842
303 -7.281757856 0.8890328043
304 -8.196573931 0.8772946906
305 -9.006630083 0.8662972138
306 -9.729447472 0.8560231031
307 -10.3793694 0.8464296999
308 -10.96812972 0.8374620114
309 -11.50534533 0.829060809
310 -11.9989259 0.821167357
311 -12.45540712 0.8137259743
312 -12.88021809 0.8066852581
313 -13.27789459 0.7999985139
314 -13.65224873 0.793623735
315 -14.00650387 0.7875233426
316 -14.34340228 0.7816638127
317 -14.66529116 0.7760152635
318 -14.97419185 0.7705510442
319 -15.27185562 0.7652473471
320 -15.55980897 0.7600828526
321 -15.83939053 0.7550384101
322 -16.1117814 0.7500967565
323 -16.37803007 0.7452422667
324 -16.63907316 0.7404607367
325 -16.89575269 0.7357391929
326 -17.14883049 0.7310657258
327 -17.39900052 0.7264293453
328 -17.6468991 0.7218198535
329 -17.89311383 0.7172277332
330 -18.13819112 0.712644051
331 -18.38264275 0.7080603706
332 -18.62695154 0.7034686775
333 -18.87157631 0.6988613116
334 -19.11695624 0.694230908
335 -19.36351476 0.6895703435
336 -19.61166297 0.6848726905
337 -19.86180272 0.6801311741
338 -20.1143294 0.6753391352
339 -20.36963449 0.6704899975
340 -20.6281078 0.6655772377
341 -20.89013961 0.6605943606
342 -21.15612261 0.6555348765
343 -21.42645364 0.6503922827
344 -21.70153531 0.645160049
345 -21.98177749 0.6398316056
346 -22.26759864 0.6344003364
347 -22.55942698 0.6288595755
348 -22.85770152 0.6232026085
349 -23.1628729 0.6174226793
350 -23.47540407 0.611513002
351 -23.7957707 0.6054667794
352 -24.12446138 0.5992772281
353 -24.46197748 0.5929376117
354 -24.80883277 0.5864412821
355 -25.16555257 0.5797817306
356 -25.53267248 0.5729526484
357 -25.91073669 0.5659479985
358 -26.30029565 0.558762099
359 -26.70190319 0.5513897177
360 -27.11611293 0.5438261797
361 -27.54347401 0.5360674858
362 -27.98452599 0.5281104431
363 -28.439793 0.519952805
364 -28.90977707 0.5115934194
365 -29.39495057 0.5030323831
366 -29.89574804 0.4942711972
367 -30.41255722 0.485312921
368 -30.94570959 0.4761623181
369 -31.49547055 0.4668259889
370 -32.0620294 0.457312482
371 -32.64548958 0.4476323791
372 -33.24585927 0.4377983443
373 -33.86304299 0.427825131
374 -34.49683426 0.4177295422
375 -35.14691018 0.4075303361
376 -35.8128278 0.3972480774
377 -36.49402316 0.3869049318
378 -37.18981282 0.3765244058
379 -37.8993984 0.3661310385
380 -38.62187404 0.3557500523
381 -39.35623671 0.3454069727
382 -40.10139929 0.3351272321
383 -40.85620587 0.3249357694
384 -41.61944901 0.3148566416
385 -42.38988819 0.3049126613
386 -43.16626907 0.2951250731
387 -43.94734255 0.2855132789
388 -44.73188337 0.276094621
389 -45.51870731 0.2668842264
390 -46.30668673 0.2578949153
391 -47.09476387 0.2491371711
392 -47.88196173 0.2406191673
393 -48.66739228 0.2323468464
394 -49.45026195 0.2243240423
395 -50.22987447 0.2165526361
396 -51.00563117 0.2090327399
397 -51.77702889 0.201762896
398 -52.54365578 0.1947402869
399 -53.30518516 0.1879609473
400 -54.06136782 0.1814199729
401 -54.81202288 0.1751117212
402 -55.55702763 0.1690300002
403 -56.29630643 0.1631682427
404 -57.02981903 0.1575196645
405 -57.75754848 0.1520774039
406 -58.47948892 0.1468346435
407 -59.19563342 0.141784713
408 -59.9059622 0.1369211735
409 -60.61043136 0.1322378827
410 -61.30896254 0.1277290432
411 -62.00143367 0.1233892329
412 -62.68767106 0.119213419
413 -63.36744323 0.1151969581
414 -64.04045653 0.1113355813
415 -64.70635283 0.1076253682
416 -65.36470942 0.1040627108
417 -66.01504113 0.1006442693
418 -66.65680473 0.09736692279
419 -67.28940535 0.09422771634
420 -67.91220492 0.09122380803
421 -68.52453218 0.08835241715
422 -69.12569401 0.08561077634
423 -69.71498764 0.08299608906
424 -70.2917133 0.08050549393
425 -70.85518692 0.07813603676
426 -71.40475233 0.07588465076
427 -71.93979275 0.07374814483
428 -72.45974106 0.0717231998
429 -72.96408871 0.06980637159
430 -73.45239303 0.06799410059
431 -73.92428279 0.066282726
432 -74.37946208 0.06466850404
433 -74.81771241 0.0631476288
434 -75.23889323 0.06171625465
435 -75.64294093 0.06037051922
436 -76.02986656 0.05910656601
437 -76.39975239 0.0579205661
438 -76.75274754 0.05680873825
439 -77.08906295 0.05576736709
440 -77.40896577 0.05479281918
441 -77.71277343 0.05388155675
442 -78.00084757 0.05303014915
443 -78.27358793 0.05223528204
444 -78.53142633 0.05149376442
445 -78.77482086 0.05080253374
446 -79.00425038 0.05015865913
447 -79.22020932 0.04955934311
448 -79.42320293 0.04900192189
449 -79.61374291 0.0484838644
450 -79.79234343 0.04800277047
451 -79.95951766 0.04755636799
452 -80.1157747 0.0471425096
453 -80.26161685 0.04675916866
454 -80.39753739 0.04640443502
455 -80.52401859 0.04607651036
456 -80.64153018 0.04577370338
457 -80.75052803 0.04549442494
458 -80.85145316 0.0452371831
459 -80.94473101 0.04500057821
460 -81.03077089 0.04478329801
461 -81.10996565 0.04458411293
462 -81.18269152 0.04440187142
463 -81.24930811 0.04423549547
464 -81.31015849 0.0440839763
465 -81.36556944 0.04394637026
466 -81.41585171 0.04382179478
467 -81.46130043 0.04370942473
468 -81.50219554 0.04360848872
469 -81.53880223 0.04351826579
470 -81.57137148 0.04343808217
471 -81.60014061 0.04336730827
472 -81.62533378 0.04330535578
473 -81.64716257 0.04325167505
474 -81.66582655 0.04320575253
475 -81.68151383 0.04316710841
476 -81.69440154 0.04313529457
477 -81.70465577 0.04310989359
478 -81.71242709 0.04309052692
479 -81.71780612 0.04307694231
480 -81.7204271 0.04306980161
481 -81.71594745 0.0430776814
482 -81.66478079 0.04317936243
483 -81.2141357 0.04408621742
484 -77.23182928 0.05284322486
485 -42.76538402 0.2069569998
486 36.3188524 0.996876236
487 38.52216571 0.999941294
488 37.26635202 0.9999283779
489 34.91703215 0.9998908364
490 31.71852337 0.9998044968
491 27.99857074 0.999613811
492 24.07965659 0.9992108794
493 20.19444659 0.9984090897
494 16.48581259 0.9969266867
495 13.03531015 0.9944033302
496 9.886988257 0.9904690761
497 7.060462859 0.9848566615
498 4.557120159 0.9775072242
499 2.36396786 0.9686078558
500 0.457508689 0.9585393182
501 -1.192044045 0.9477690719
502 -2.616852158 0.9367466265
503 -3.848460021 0.9258377148
504 -4.915923945 0.915301862
505 -5.844912455 0.9052995428
506 -6.657485059 0.8959126744
507 -7.37226927 0.8871672956
508 -8.004829272 0.8790530428
509 -8.568096701 0.87153785
510 -9.072792539 0.8645781734
511 -9.527806891 0.8581256825
512 -9.940525223 0.8521314066
513 -10.31710101 0.8465481525
514 -10.6626799 0.8413317956
515 -10.98158224 0.8364418642
516 -11.27745105 0.8318416957
517 -11.55337177 0.8274983437
518 -11.81196909 0.8233823533
519 -12.05548552 0.8194674718
520 -12.28584523 0.8157303389
521 -12.50470615 0.8121501808
522 -12.71350261 0.8087085205
523 -12.91348036 0.8053889116
524 -13.10572557 0.8021766978
525 -13.29118882 0.799058798
526 -13.47070505 0.7960235157
527 -13.64501033 0.7930603711
528 -13.81475585 0.790159953
529 -13.98051979 0.7873137894
530 -14.14281734 0.7845142333
531 -14.30210919 0.7817543632
532 -14.45880884 0.7790278955
533 -14.6132888 0.7763291074
534 -14.76588597 0.7736527691
535 -14.91690623 0.7709940846
536 -15.06662845 0.7683486384
537 -15.21530799 0.7657123499
538 -15.3631797 0.763081431
539 -15.51046059 0.7604523502
540 -15.65735219 0.7578217995
541 -15.80404257 0.7551866651
542 -15.9507082 0.7525440014
543 -16.09751556 0.7498910069
544 -16.2446226 0.7472250032
545 -16.39218005 0.7445434149
546 -16.54033259 0.7418437528
547 -16.68921995 0.7391235965
548 -16.83897786 0.73638058
549 -16.989739 0.7336123776
550 -17.14163377 0.7308166906
551 -17.29479116 0.7279912352
552 -17.44933942 0.7251337309
553 -17.6054068 0.7222418889
554 -17.76312222 0.7193134021
555 -17.92261589 0.7163459341
556 -18.08401999 0.7133371096
557 -18.24746925 0.7102845041
558 -18.41310159 0.7071856343
559 -18.58105874 0.7040379486
560 -18.75148682 0.700838817
561 -18.92453703 0.6975855217
562 -19.10036621 0.6942752474
563 -19.27913755 0.6909050711
564 -19.46102122 0.6874719527
565 -19.64619509 0.6839727246
566 -19.8348454 0.6804040816
567 -20.02716752 0.6767625712
568 -20.22336668 0.673044583
569 -20.42365878 0.6692463385
570 -20.62827119 0.6653638817
571 -20.83744357 0.6613930686
572 -21.05142873 0.6573295584
573 -21.27049348 0.6531688045
574 -21.49491954 0.6489060463
575 -21.72500442 0.6445363029
576 -21.96106225 0.6400543671
577 -22.2034247 0.6354548023
578 -22.45244173 0.6307319414
579 -22.70848239 0.6258798882
580 -22.97193544 0.6208925235
581 -23.24320993 0.615763515
582 -23.52273557 0.6104863327
583 -23.8109629 0.6050542713
584 -24.1083632 0.5994604793
585 -24.41542813 0.5936979977
586 -24.73266889 0.587759809
587 -25.06061502 0.5816388973
588 -25.39981258 0.5753283215
589 -25.75082175 0.568821303
590 -26.11421368 0.5621113289
591 -26.49056656 0.555192271
592 -26.88046081 0.5480585218
593 -27.28447329 0.5407051472
594 -27.70317059 0.5331280546
595 -28.13710122 0.5253241751
596 -28.58678686 0.517291657
597 -29.05271266 0.509030065
598 -29.53531677 0.5005405829
599 -30.03497915 0.4918262088
600 -30.55201007 0.482891939
