0 -62.59065073 0.1197659243
1 -63.2336846 0.1159484361
2 -63.87011784 0.1122734961
3 -64.49958145 0.1087378923
4 -65.12165634 0.1053386333
5 -65.73587818 0.1020729021
6 -66.34174374 0.09893800739
7 -66.93871846 0.09593133792
8 -67.52624495 0.09305031886
9 -68.10375211 0.09029237308
10 -68.67066468 0.08765488798
11 -69.22641275 0.08513518861
12 -69.77044111 0.08273051757
13 -70.30221801 0.08043802169
14 -70.82124324 0.07825474518
15 -71.32705526 0.0761776288
16 -71.81923732 0.07420351429
17 -72.29742241 0.07232915329
18 -72.76129703 0.07055121975
19 -73.21060384 0.06886632507
20 -73.64514312 0.06727103495
21 -74.06477319 0.0657618872
22 -74.46940987 0.0643354099
23 -74.85902509 0.06298813914
24 -75.23364473 0.061716636
25 -75.59334589 0.06051750232
26 -75.9382536 0.059387395
27 -76.26853726 0.05832303874
28 -76.58440673 0.05732123703
29 -76.8861083 0.05637888138
30 -77.17392062 0.05549295896
31 -77.44815056 0.05466055856
32 -77.70912925 0.05387887499
33 -77.95720817 0.05314521224
34 -78.19275548 0.05245698527
35 -78.41615249 0.05181172076
36 -78.6277904 0.0512070569
37 -78.82806733 0.05064074236
38 -79.01738552 0.05011063456
39 -79.19614886 0.04961469734
40 -79.36476063 0.04915099827
41 -79.52362154 0.04871770545
42 -79.67312794 0.04831308418
43 -79.81367036 0.04793549331
44 -79.94563216 0.04758338154
45 -80.06938845 0.0472552836
46 -80.18530517 0.04694981637
47 -80.29373834 0.04666567512
48 -80.39503348 0.04640162962
49 -80.48952514 0.0461565205
50 -80.57753661 0.04592925556
51 -80.65937963 0.04571880623
52 -80.73535435 0.04552420418
53 -80.80574926 0.045344538
54 -80.87084123 0.04517895006
55 -80.9308956 0.04502663346
56 -80.98616637 0.04488682916
57 -81.03689637 0.04475882324
58 -81.08331743 0.04464194442
59 -81.12564996 0.04453556304
60 -81.16409696 0.04443910147
61 -81.198788 0.04435214661
62 -81.2292747 0.04427547478
63 -81.25000855 0.04422023983
64 -81.20987429 0.04429029927
65 -80.65065442 0.04543178739
66 -75.49542389 0.0573288253
67 -31.1301734 0.3011867116
68 37.30779126 0.9988878333
69 38.39714536 0.9999405105
70 36.96558261 0.9999244469
71 34.46625212 0.99988155
72 31.15274602 0.9997832433
73 27.363981 0.9995664936
74 23.41458921 0.9991102007
75 19.52477212 0.9982078547
76 15.82791024 0.9965534681
77 12.39974214 0.9937659087
78 9.280706724 0.9894696754
79 6.487722982 0.9834160364
80 4.019802032 0.9755864824
81 1.861843901 0.96621631
82 -0.01133147477 0.9557257032
83 -1.630647867 0.9446033776
84 -3.028865015 0.9333022697
85 -4.237691784 0.9221797003
86 -5.286055566 0.9114815894
87 -6.199328865 0.9013543094
88 -6.999201131 0.8918675816
89 -7.703915283 0.8830379293
90 -8.328669877 0.8748480546
91 -8.886065947 0.8672610916
92 -9.386534422 0.8602303207
93 -9.838715608 0.8537054083
94 -10.24978229 0.8476361966
95 -10.62570809 0.8419748566
96 -10.97148716 0.8366769895
97 -11.29131246 0.8317020797
98 -11.58872003 0.8270135607
99 -11.8667054 0.8225786619
100 -12.12781769 0.8183681436
101 -12.37423592 0.8143559821
102 -12.60783085 0.8105190434
103 -12.83021548 0.8068367671
104 -13.0427864 0.8032908709
105 -13.24675769 0.7998650819
106 -13.44318899 0.7965448944
107 -13.63300871 0.7933173554
108 -13.81703339 0.7901708746
109 -13.9959839 0.7870950574
110 -14.17049897 0.7840805588
111 -14.34114671 0.7811189546
112 -14.5084343 0.7782026296
113 -14.67281623 0.7753246787
114 -14.83470133 0.7724788207
115 -14.99445882 0.7696593228
116 -15.15242351 0.7668609339
117 -15.30890024 0.7640788258
118 -15.46416781 0.7613085417
119 -15.6184823 0.7585459507
120 -15.77208005 0.7557872065
121 -15.92518023 0.7530287123
122 -16.07798713 0.7502670878
123 -16.23069212 0.747499141
124 -16.38347548 0.7447218423
125 -16.53650796 0.741932301
126 -16.68995219 0.7391277447
127 -16.84396398 0.7363054999
128 -16.99869347 0.7334629744
129 -17.15428615 0.730597642
130 -17.31088387 0.7277070271
131 -17.46862571 0.7247886915
132 -17.62764877 0.7218402213
133 -17.78808899 0.7188592154
134 -17.95008181 0.7158432741
135 -18.11376294 0.7127899884
136 -18.27926892 0.7096969299
137 -18.44673781 0.7065616411
138 -18.61630978 0.7033816259
139 -18.78812774 0.7001543409
140 -18.96233785 0.6968771859
141 -19.13909018 0.6935474959
142 -19.31853925 0.6901625323
143 -19.50084463 0.6867194745
144 -19.68617149 0.6832154123
145 -19.87469122 0.679647337
146 -20.06658202 0.6760121346
147 -20.26202949 0.6723065772
148 -20.46122728 0.6685273161
149 -20.66437766 0.6646708747
150 -20.8716922 0.6607336413
151 -21.08339241 0.6567118629
152 -21.29971037 0.6526016394
153 -21.5208894 0.6483989185
154 -21.74718472 0.6440994913
155 -21.97886408 0.6396989891
156 -22.21620842 0.6351928816
157 -22.4595125 0.6305764763
158 -22.70908545 0.6258449204
159 -22.96525136 0.6209932041
160 -23.22834972 0.6160161676
161 -23.49873588 0.6109085106
162 -23.77678133 0.6056648056
163 -24.06287387 0.6002795156
164 -24.35741768 0.594747017
165 -24.66083313 0.589061628
166 -24.97355644 0.5832176429
167 -25.29603894 0.5772093748
168 -25.6287462 0.5710312051
169 -25.97215663 0.5646776429
170 -26.32675971 0.5581433928
171 -26.69305379 0.5514234342
172 -27.07154327 0.54451311
173 -27.46273523 0.537408227
174 -27.86713539 0.530105167
175 -28.28524339 0.5226010086
176 -28.71754731 0.5148936578
177 -29.16451746 0.506981988
178 -29.62659943 0.4988659843
179 -30.10420638 0.4905468924
180 -30.59771072 0.4820273655
181 -31.10743523 0.4733116067
182 -31.63364375 0.4644055004
183 -32.17653173 0.4553167274
184 -32.73621673 0.4460548566
185 -33.31272938 0.4366314067
186 -33.90600489 0.4270598724
187 -34.51587568 0.4173557068
188 -35.14206535 0.4075362574
189 -35.78418451 0.3976206503
190 -36.4417287 0.3876296224
191 -37.11407873 0.3775853013
192 -37.80050367 0.3675109379
193 -38.50016665 0.3574305957
194 -39.21213333 0.3473688082
195 -39.93538305 0.3373502124
196 -40.66882236 0.3273991736
197 -41.41130049 0.3175394133
198 -42.16162631 0.3077936538
199 -42.91858631 0.298183293
200 -43.68096281 0.2887281195
201 -44.44755194 0.2794460769
202 -45.21718074 0.270353084
203 -45.9887229 0.2614629127
204 -46.76111263 0.2527871251
205 -47.5333564 0.2443350662
206 -48.30454227 0.2361139082
207 -49.07384673 0.22812874
208 -49.840539 0.2203826936
209 -50.60398282 0.2128771002
210 -51.36363599 0.2056116685
211 -52.11904762 0.1985846756
212 -52.86985362 0.1917931654
213 -53.61577028 0.1852331479
214 -54.35658655 0.1788997938
215 -55.09215492 0.1727876211
216 -55.82238147 0.1668906703
217 -56.54721498 0.161202665
218 -57.26663551 0.1557171581
219 -57.9806427 0.1504276608
220 -58.68924381 0.1453277546
221 -59.39244191 0.1404111857
222 -60.09022441 0.1356719428
223 -60.78255204 0.1311043166
224 -61.46934883 0.126702943
225 -62.15049301 0.1224628304
226 -62.82580937 0.1183793711
227 -63.49506321 0.1144483387
228 -64.15795616 0.1106658718
229 -64.81412397 0.107028447
230 -65.46313657 0.1035328418
231 -66.1045003 0.1001760896
232 -66.7376624 0.09695542978
233 -67.36201759 0.09386825465
234 -67.97691662 0.0909120556
235 -68.5816764 0.08808437117
236 -69.17559149 0.08538273864
237 -69.75794644 0.08280465122
238 -70.32802861 0.08034752208
239 -70.88514095 0.07800865614
240 -71.42861444 0.07578523015
241 -71.95781961 0.07367428097
242 -72.47217703 0.0716727019
243 -72.97116623 0.06977724603
244 -73.45433315 0.067984536
245 -73.92129578 0.06629107877
246 -74.37174803 0.06469328438
247 -74.80546192 0.06318748749
248 -75.22228807 0.06176997043
249 -75.62215471 0.06043698698
250 -76.00506536 0.0591847858
251 -76.37109539 0.0580096329
252 -76.72038757 0.05690783253
253 -77.05314701 0.05587574624
254 -77.36963549 0.05490980964
255 -77.67016551 0.05400654688
256 -77.95509411 0.05316258281
257 -78.22481674 0.05237465278
258 -78.47976118 0.05163961032
259 -78.72038171 0.05095443273
260 -78.94715354 0.05031622489
261 -79.1605676 0.04972222137
262 -79.36112573 0.04916978713
263 -79.5493363 0.04865641701
264 -79.72571025 0.04817973411
265 -79.89075753 0.04773748737
266 -80.04498407 0.0473275484
267 -80.18888904 0.04694790782
268 -80.32296259 0.04659667111
269 -80.44768391 0.04627205417
270 -80.56351964 0.04597237874
271 -80.67092261 0.04569606756
272 -80.77033082 0.04544163962
273 -80.8621667 0.04520770534
274 -80.94683645 0.04499296206
275 -81.02472868 0.04479619147
276 -81.09620548 0.0446162731
277 -81.16152617 0.04445233577
278 -81.22018587 0.0443051018
279 -81.26515737 0.04418859227
280 -81.23263798 0.04423234751
281 -80.5626365 0.04559555182
282 -74.37050269 0.06024407254
283 -22.73911604 0.3854230397
284 37.59836049 0.9994028114
285 38.27332645 0.9999394098
286 36.69919728 0.9999207915
287 34.04868752 0.9998723062
288 30.59234354 0.9997601426
289 26.68436096 0.9995100646
290 22.64252797 0.9989789442
291 18.68543827 0.9979236429
292 14.94447835 0.995989205
293 11.49358923 0.9927471555
294 8.370828554 0.9878004928
295 5.589561819 0.9809249822
296 3.144217041 0.9721706244
297 1.014810934 0.9618590926
298 -0.8281823734 0.9504829309
299 -2.418957644 0.9385713556
300 -3.792347634 0.9265864957
301 -4.98110706 0.9148743113
302 -6.014468365 0.903660466
303 -6.91764498 0.8930701943
304 -7.711916686 0.8831551684
305 -8.41500981 0.8739181464
306 -9.041586467 0.865332107
307 -9.603738999 0.8573537235
308 -10.11143993 0.8499322264
309 -10.57292924 0.8430149104
310 -10.99503722 0.8365503596
311 -11.38344854 0.8304901926
312 -11.74291606 0.8247898823
313 -12.07743289 0.8194090184
314 -12.39037065 0.8143112496
315 -12.68459056 0.8094640521
316 -12.96253292 0.8048384169
317 -13.22628932 0.8004085058
318 -13.47766121 0.7961513114
319 -13.71820753 0.7920463333
320 -13.94928371 0.7880752813
321 -14.17207363 0.784221808
322 -14.38761605 0.7804712692
323 -14.59682651 0.7768105138
324 -14.80051556 0.773227697
325 -14.99940403 0.7697121175
326 -15.19413587 0.7662540748
327 -15.38528901 0.7628447437
328 -15.57338456 0.7594760643
329 -15.75889463 0.756140646
330 -15.9422491 0.7528316828
331 -16.12384138 0.7495428783
332 -16.3040334 0.7462683803
333 -16.48315997 0.7430027219
334 -16.66153257 0.7397407699
335 -16.83944266 0.7364776785
336 -17.01716465 0.7332088477
337 -17.19495846 0.7299298859
338 -17.37307188 0.7266365765
339 -17.55174262 0.723324847
340 -17.73120024 0.7199907409
341 -17.91166784 0.7166303922
342 -18.09336363 0.7132400017
343 -18.27650243 0.7098158146
344 -18.46129698 0.7063541002
345 -18.64795926 0.7028511321
346 -18.83670165 0.6993031702
347 -19.02773816 0.6957064431
348 -19.22128547 0.6920571313
349 -19.41756406 0.688351351
350 -19.61679925 0.6845851394
351 -19.81922226 0.6807544389
352 -20.0250712 0.6768550838
353 -20.2345921 0.6728827856
354 -20.44803997 0.6688331208
355 -20.66567974 0.6647015178
356 -20.88778729 0.6604832455
357 -21.11465049 0.6561734026
358 -21.34657011 0.651766908
359 -21.58386087 0.6472584929
360 -21.82685233 0.6426426945
361 -22.07588978 0.6379138514
362 -22.33133517 0.6330661028
363 -22.59356779 0.6280933896
364 -22.86298498 0.6229894606
365 -23.14000266 0.6177478825
366 -23.4250557 0.6123620558
367 -23.71859805 0.6068252371
368 -24.02110266 0.6011305694
369 -24.33306103 0.5952711205
370 -24.65498237 0.5892399323
371 -24.98739237 0.5830300804
372 -25.33083139 0.576634747
373 -25.685852 0.5700473073
374 -26.05301594 0.5632614307
375 -26.43289017 0.556271197
376 -26.82604224 0.5490712288
377 -27.23303456 0.5416568393
378 -27.65441793 0.5340241944
379 -28.09072396 0.526170488
380 -28.54245663 0.5180941265
381 -29.01008296 0.5097949194
382 -29.49402289 0.5012742709
383 -29.99463866 0.4925353648
384 -30.51222375 0.4835833372
385 -31.04699181 0.4744254258
386 -31.59906589 0.4650710898
387 -32.16846834 0.4555320889
388 -32.75511189 0.4458225141
389 -33.35879226 0.435958762
390 -33.97918278 0.4259594481
391 -34.61583149 0.4158452553
392 -35.26816083 0.4056387171
393 -35.93547039 0.3953639404
394 -36.61694264 0.3850462729
395 -37.31165169 0.3747119263
396 -38.01857486 0.3643875672
397 -38.73660681 0.3540998913
398 -39.46457571 0.3438751959
399 -40.20126098 0.333738967
400 -40.94541199 0.3237154959
401 -41.69576704 0.3138275374
402 -42.4510721 0.3040960208
403 -43.21009866 0.2945398211
404 -43.97166012 0.2851755926
405 -44.7346265 0.2760176674
406 -45.4979369 0.2670780158
407 -46.26060973 0.2583662638
408 -47.02175041 0.2498897616
409 -47.7805567 0.2416536943
410 -48.53632154 0.2336612281
411 -49.28843374 0.2259136826
412 -50.03637646 0.2184107203
413 -50.77972388 0.2111505477
414 -51.51813617 0.2041301197
415 -52.25135297 0.1973453435
416 -52.97918571 0.1907912752
417 -53.70150878 0.1844623075
418 -54.41825004 0.1783523455
419 -55.12938057 0.1724549669
420 -55.83490403 0.1667635676
421 -56.53484585 0.16127149
422 -57.22924226 0.1559721349
423 -57.91812962 0.1508590552
424 -58.60153396 0.1459260337
425 -59.27946129 0.1411671425
426 -59.95188854 0.1365767874
427 -60.61875568 0.1321497357
428 -61.27995899 0.1278811291
429 -61.93534573 0.1237664837
430 -62.5847105 0.119801677
431 -63.22779315 0.1159829238
432 -63.86427861 0.1123067446
433 -64.49379839 0.108769925
434 -65.11593384 0.1053694725
435 -65.73022103 0.1021025684
436 -66.33615711 0.09896652102
437 -66.93320776 0.09595871854
438 -67.52081578 0.09307658622
439 -68.09841018 0.09031754732
440 -68.6654157 0.08767898986
441 -69.22126237 0.08515823977
442 -69.76539481 0.08275254066
443 -70.29728101 0.08045904048
444 -70.81642046 0.07827478459
445 -71.32235124 0.07619671488
446 -71.81465617 0.07422167417
447 -72.29296773 0.07234641506
448 -72.75697195 0.07056761234
449 -73.20641092 0.06888187811
450 -73.64108439 0.06728577856
451 -74.06085013 0.06577585187
452 -74.46562342 0.06434862628
453 -74.85537566 0.0630006379
454 -75.23013223 0.06172844765
455 -75.58996974 0.06052865704
456 -75.93501278 0.05939792256
457 -76.26543033 0.05833296834
458 -76.58143186 0.0573305972
459 -76.88326334 0.05638769993
460 -77.17120309 0.05550126286
461 -77.44555774 0.05466837389
462 -77.70665818 0.05388622694
463 -77.95485571 0.05315212502
464 -78.19051831 0.05246348214
465 -78.41402716 0.05181782399
466 -78.62577339 0.0512127878
467 -78.82615503 0.05064612125
468 -79.01557429 0.0501156808
469 -79.19443503 0.04961942936
470 -79.36314053 0.04915543356
471 -79.52209151 0.04872186064
472 -79.67168439 0.04831697502
473 -79.81230972 0.04793913471
474 -79.94435093 0.04758678763
475 -80.06818319 0.04725846772
476 -80.18417254 0.04695279115
477 -80.29267508 0.04666845246
478 -80.39403642 0.04640422078
479 -80.48859121 0.04615893609
480 -80.57666284 0.04593150558
481 -80.65856315 0.04572090012
482 -80.73459241 0.04552615082
483 -80.8050392 0.04534634578
484 -80.87018049 0.04518062687
485 -80.93028173 0.04502818674
486 -80.98559704 0.04488826591
487 -81.03636933 0.04476015005
488 -81.08283054 0.04464316749
489 -81.12520117 0.04453668821
490 -81.16368431 0.04444013424
491 -81.19840964 0.04435309217
492 -81.22892883 0.04427633805
493 -81.24969337 0.04422102584
494 -81.20958745 0.04429101554
495 -80.65039036 0.04543246018
496 -75.49517163 0.05732961075
497 -31.13011385 0.301188061
498 37.30769118 0.9988878132
499 38.39708472 0.9999405098
500 36.9654857 0.9999244456
501 34.46609518 0.9998815467
502 31.15251902 0.9997832345
503 27.36368316 0.9995664705
504 23.41422553 0.9991101434
505 19.52435094 0.998207723
506 15.82744186 0.9965531921
507 12.39923789 0.9937653848
508 9.280177989 0.9894687757
509 6.487180207 0.9834146327
510 4.019253777 0.9755844757
511 1.861296302 0.9662136502
512 -0.01187475959 0.9557223902
513 -1.63118531 0.944599448
514 -3.029396675 0.9332977786
515 -4.238218746 0.9221747059
516 -5.286579483 0.9114761441
517 -6.199851624 0.9013484561
518 -6.999724637 0.8918613529
519 -7.70444134 0.8830313492
520 -8.329200118 0.8748411402
521 -8.886601814 0.8672538547
522 -9.387077163 0.8602227693
523 -9.839266288 0.8536975479
524 -10.25034181 0.8476280311
525 -10.62627721 0.8419663884
526 -10.97206651 0.8366682204
527 -11.29190258 0.8316930111
528 -11.58932134 0.8270041935
529 -11.86731827 0.822568997
530 -12.12844243 0.8183581816
531 -12.37487277 0.8143457236
532 -12.60848001 0.8105084888
533 -12.83087714 0.8068259167
534 -13.04346071 0.803279725
535 -13.24744479 0.7998536405
536 -13.44388899 0.7965331575
537 -13.63372173 0.7933053228
538 -13.81775953 0.7901585458
539 -13.99672326 0.7870824319
540 -14.17125165 0.7840676357
541 -14.34191284 0.7811057328
542 -14.50921398 0.7781891078
543 -14.67360958 0.7753108552
544 -14.83550848 0.7724646937
545 -14.99527993 0.76964489
546 -15.15325873 0.7668461927
547 -15.30974974 0.7640637734
548 -15.46503178 0.7612931749
549 -15.61936094 0.7585302658
550 -15.77297359 0.7557711997
551 -15.92608891 0.7530123791
552 -16.07891121 0.7502504234
553 -16.23163189 0.7474821403
554 -16.38443125 0.7447044996
555 -16.53748006 0.7419146102
556 -16.69094097 0.7391096993
557 -16.84496983 0.7362870927
558 -16.99971679 0.7334441979
559 -17.1553274 0.7305784881
560 -17.31194351 0.7276874872
561 -17.46970424 0.7247687562
562 -17.62874673 0.7218198809
563 -17.78920694 0.7188384594
564 -17.95122038 0.7158220913
565 -18.11492275 0.712768367
566 -18.28045068 0.7096748573
567 -18.44794224 0.7065391041
568 -18.61753767 0.7033586105
569 -18.7893799 0.7001308322
570 -18.96361516 0.6968531682
571 -19.14039357 0.6935229526
572 -19.31986971 0.6901374458
573 -19.50220319 0.6866938264
574 -19.68755927 0.6831891829
575 -19.87610939 0.679620506
576 -20.06803181 0.6759846802
577 -20.26351223 0.6722784767
578 -20.46274435 0.6684985456
579 -20.66593053 0.664641409
580 -20.87328244 0.660703454
581 -21.08502166 0.6566809264
582 -21.30138037 0.6525699247
583 -21.52260199 0.6483663953
584 -21.74894184 0.6440661279
585 -21.98066777 0.6396647525
586 -22.21806086 0.6351577374
587 -22.46141596 0.6305403888
588 -22.71104232 0.6258078525
589 -22.96726416 0.6209551176
590 -23.2304211 0.615977023
591 -23.50086861 0.6108682673
592 -23.7789783 0.6056234221
593 -24.06513812 0.6002369496
594 -24.35975237 0.5947032258
595 -24.66324156 0.5890165682
596 -24.976042 0.5831712715
597 -25.29860517 0.5771616489
598 -25.63139672 0.5709820829
599 -25.97489515 0.5646270836
600 -26.32959004 0.5580913579
601 -26.69597978 0.5513698874
602 -27.07456879 0.5444580186
603 -27.46586416 0.5373515624
604 -27.87037158 0.5300469057
605 -28.2885906 0.5225411332
606 -28.72100919 0.5148321582
607 -29.16809749 0.5069188622
608 -29.63030084 0.49880124
609 -30.10803212 0.4904805477
610 -30.60166337 0.4819594504
611 -31.11151693 0.473242164
612 -31.63785614 0.4643345866
613 -32.18087585 0.4552444136
614 -32.74069299 0.4459812289
615 -33.31733744 0.436556567
616 -33.91074364 0.4269839378
617 -34.52074316 0.4172788097
618 -35.14705873 0.4074585445
619 -35.78930007 0.3975422814
620 -36.4469618 0.387550769
621 -37.11942384 0.3775061446
622 -37.80595443 0.3674316665
623 -38.50571588 0.3573514029
624 -39.21777315 0.3472898891
625 -39.94110496 0.3372717613
626 -40.67461736 0.3273213807
627 -41.4171592 0.317462462
628 -42.16753914 0.3077177179
629 -42.92454357 0.2981085345
630 -43.68695486 0.2886546864
631 -44.45356934 0.2793741017
632 -45.22321437 0.2702826824
633 -45.99476407 0.2613941831
634 -46.76715319 0.2527201483
635 -47.53938881 0.2442699055
636 -48.31055969 0.2360506104
637 -49.07984302 0.2280673355
638 -49.84650878 0.2203231981
639 -50.60992145 0.2128195162
640 -51.36953954 0.2055559863
641 -52.12491291 0.1985308752
642 -52.87567809 0.1917412178
643 -53.62155198 0.185183017
644 -54.36232407 0.1788514376
645 -55.09784731 0.1727409934
