0 -16.85352396 0.7360632078
1 -16.99123267 0.7335362937
2 -17.13048738 0.7309752561
3 -17.27136273 0.7283787284
4 -17.41393567 0.7257453009
5 -17.55828576 0.7230735162
6 -17.70449538 0.720361865
7 -17.85265006 0.7176087815
8 -18.00283876 0.7148126389
9 -18.15515414 0.7119717445
10 -18.30969289 0.7090843351
11 -18.46655601 0.7061485717
12 -18.6258492 0.7031625349
13 -18.78768315 0.7001242192
14 -18.95217394 0.6970315273
15 -19.11944338 0.6938822655
16 -19.28961945 0.6906741368
17 -19.46283667 0.6874047356
18 -19.6392366 0.6840715415
19 -19.81896823 0.6806719133
20 -20.00218851 0.6772030822
21 -20.1890628 0.673662146
22 -20.37976547 0.6700460624
23 -20.57448038 0.6663516429
24 -20.77340147 0.6625755462
25 -20.97673335 0.6587142727
26 -21.1846919 0.6547641585
27 -21.3975049 0.6507213702
28 -21.61541264 0.6465819004
29 -21.83866856 0.6423415639
30 -22.06753991 0.637995995
31 -22.30230834 0.6335406458
32 -22.54327052 0.6289707871
33 -22.79073872 0.6242815099
34 -23.04504133 0.6194677307
35 -23.30652329 0.6145241989
36 -23.5755465 0.609445508
37 -23.85249004 0.6042261111
38 -24.1377503 0.5988603403
39 -24.43174092 0.5933424332
40 -24.73489244 0.5876665643
41 -25.04765183 0.5818268846
42 -25.37048154 0.5758175688
43 -25.70385832 0.5696328718
44 -26.04827153 0.563267195
45 -26.40422099 0.5567151633
46 -26.77221427 0.5499717136
47 -27.15276334 0.5430321949
48 -27.54638063 0.5358924803
49 -27.95357423 0.5285490912
50 -28.37484243 0.5209993317
51 -28.81066741 0.5132414333
52 -29.26150814 0.5052747071
53 -29.72779257 0.4970996999
54 -30.209909 0.4887183525
55 -30.70819699 0.4801341529
56 -31.22293773 0.4713522808
57 -31.75434425 0.4623797366
58 -32.30255162 0.4532254467
59 -32.86760747 0.4439003402
60 -33.44946326 0.434417387
61 -34.04796654 0.4247915933
62 -34.66285474 0.415039947
63 -35.29375076 0.4051813102
64 -35.9401608 0.3952362563
65 -36.60147463 0.3852268525
66 -37.27696864 0.3751763917
67 -37.96581164 0.365109079
68 -38.66707348 0.3550496834
69 -39.37973633 0.3450231647
70 -40.10270826 0.3350542886
71 -40.83483883 0.3251672459
72 -41.57493613 0.3153852862
73 -42.3217847 0.3057303827
74 -43.07416373 0.2962229367
75 -43.83086503 0.286881532
76 -44.59070995 0.2777227448
77 -45.35256511 0.2687610129
78 -46.11535622 0.2600085629
79 -46.87807977 0.2514753951
80 -47.63981248 0.2431693187
81 -48.39971826 0.2350960342
82 -49.15705278 0.2272592524
83 -49.91116555 0.2196608447
84 -50.66149996 0.2123010146
85 -51.40759103 0.2051784847
86 -52.14906148 0.1982906912
87 -52.88561605 0.1916339799
88 -53.61703442 0.1852037994
89 -54.343163 0.1789948867
90 -55.0639056 0.173001443
91 -55.77921345 0.1672172954
92 -56.48907451 0.1616360455
93 -57.19350245 0.1562512021
94 -57.8925254 0.1510562969
95 -58.58617467 0.1460449848
96 -59.27447366 0.1412111269
97 -59.95742723 0.1365488573
98 -60.63501164 0.1320526335
99 -61.30716544 0.1277172714
100 -61.97378141 0.1235379647
101 -62.63469999 0.1195102906
102 -63.28970415 0.1156302017
103 -63.93851615 0.1118940066
104 -64.58079617 0.1082983399
105 -65.21614299 0.1048401235
106 -65.84409665 0.1015165218
107 -66.46414319 0.09832489237
108 -67.0757211 0.09526273482
109 -67.67822954 0.09232763942
110 -68.27103783 0.08951723826
111 -68.85349603 0.08682916025
112 -69.42494611 0.08426099176
113 -69.98473347 0.08181024387
114 -70.53221833 0.079474327
115 -71.06678661 0.07725053324
116 -71.58786006 0.07513602628
117 -72.09490537 0.07312783849
118 -72.5874419 0.07122287446
119 -73.06504811 0.06941792011
120 -73.52736642 0.06770965631
121 -73.97410661 0.06609467602
122 -74.40504771 0.0645695037
123 -74.82003853 0.06313061629
124 -75.21899687 0.06177446454
125 -75.60190768 0.06049749419
126 -75.96882017 0.05929616624
127 -76.31984416 0.05816697591
128 -76.65514587 0.05710646979
129 -76.97494312 0.05611126122
130 -77.27950032 0.05517804348
131 -77.56912327 0.05430360101
132 -77.84415386 0.05348481854
133 -78.10496496 0.05271868826
134 -78.35195527 0.05200231529
135 -78.58554454 0.05133292133
136 -78.806169 0.050707847
137 -79.01427709 0.05012455274
138 -79.21032553 0.04958061867
139 -79.39477577 0.04907374344
140 -79.56809075 0.04860174228
141 -79.73073203 0.04816254444
142 -79.88315723 0.0477541902
143 -80.02581728 0.04737482845
144 -80.15914983 0.04702272299
145 -80.28353677 0.04669633563
146 -80.39894624 0.04639507752
147 -80.50182525 0.04612585426
148 -80.55803716 0.04595993484
149 -80.26716498 0.04653271032
150 -77.01577207 0.05388223595
151 -48.7327913 0.1700731398
152 34.45223556 0.9930699902
153 38.35754902 0.9999385409
154 37.14511705 0.9999267575
155 34.71746395 0.9998869091
156 31.38776297 0.9997927235
157 27.50775731 0.9995788456
158 23.4211683 0.999114231
159 19.37687945 0.9981669653
160 15.52839617 0.9963831992
161 11.96335681 0.9933139191
162 8.728137804 0.9885152478
163 5.841328089 0.9817012096
164 3.300499503 0.9728700255
165 1.087107662 0.9623229578
166 -0.8283319185 0.9505670518
167 -2.480944749 0.938168266
168 -3.907005786 0.9256309123
169 -5.140851038 0.9133370394
170 -6.213200341 0.9015379609
171 -7.150550783 0.8903745843
172 -7.975233728 0.8799066765
173 -8.705809932 0.8701400837
174 -9.357591226 0.8610479055
175 -9.943170748 0.8525853621
176 -10.47290552 0.8446995225
177 -10.95533089 0.8373353088
178 -11.39750499 0.8304389851
179 -11.80528946 0.823960026
180 -12.18357594 0.8178519813
181 -12.5364676 0.8120727427
182 -12.86742462 0.8065844685
183 -13.17938056 0.8013533283
184 -13.47483587 0.796349162
185 -13.75593309 0.7915451122
186 -14.02451772 0.7869172597
187 -14.28218753 0.782444281
188 -14.53033288 0.7781071347
189 -14.77016969 0.7738887792
190 -15.00276665 0.7697739223
191 -15.22906769 0.7657488005
192 -15.4499107 0.7618009847
193 -15.6660432 0.7579192104
194 -15.87813545 0.7540932287
195 -16.08679157 0.7503136769
196 -16.29255894 0.7465719639
197 -16.49593623 0.7428601707
198 -16.69738025 0.7391709623
199 -16.89731191 0.7354975112
200 -17.0961213 0.7318334279
201 -17.29417218 0.7281727016
202 -17.49180584 0.7245096454
203 -17.68934456 0.7208388492
204 -17.88709462 0.7171551358
205 -18.08534902 0.7134535228
206 -18.28438987 0.7097291873
207 -18.48449061 0.7059774341
208 -18.68591796 0.7021936669
209 -18.88893373 0.6983733615
210 -19.09379652 0.6945120417
211 -19.30076326 0.6906052563
212 -19.51009066 0.6866485587
213 -19.72203654 0.6826374871
214 -19.93686119 0.6785675467
215 -20.15482857 0.674434193
216 -20.37620749 0.6702328163
217 -20.60127276 0.665958727
218 -20.8303063 0.6616071433
219 -21.0635982 0.6571731787
220 -21.30144774 0.6526518322
221 -21.5441644 0.6480379793
222 -21.79206882 0.643326365
223 -22.04549371 0.6385115987
224 -22.3047847 0.6335881515
225 -22.57030113 0.6285503567
226 -22.84241679 0.623392412
227 -23.12152052 0.618108387
228 -23.40801669 0.6126922341
229 -23.70232559 0.6071378037
230 -24.00488355 0.6014388665
231 -24.31614294 0.5955891406
232 -24.63657181 0.5895823266
233 -24.96665335 0.5834121513
234 -25.30688483 0.5770724191
235 -25.65777629 0.5705570743
236 -26.01984863 0.5638602744
237 -26.39363121 0.5569764738
238 -26.77965884 0.5499005206
239 -27.17846807 0.5426277654
240 -27.59059279 0.5351541821
241 -28.016559 0.527476501
242 -28.45687885 0.5195923523
243 -28.91204373 0.5115004185
244 -29.38251665 0.503200593
245 -29.86872381 0.4946941417
246 -30.37104549 0.4859838627
247 -30.8898064 0.4770742392
248 -31.42526567 0.4679715786
249 -31.97760674 0.4586841323
250 -32.54692739 0.4492221868
251 -33.13323035 0.4395981199
252 -33.73641477 0.4298264146
253 -34.35626906 0.4199236239
254 -34.99246535 0.4099082817
255 -35.64455622 0.3998007573
256 -36.31197376 0.3896230519
257 -36.99403144 0.3793985413
258 -37.68992883 0.369151668
259 -38.39875927 0.3589075922
260 -39.1195204 0.3486918131
261 -39.85112732 0.3385297722
262 -40.59242794 0.3284464539
263 -41.34222014 0.3184659979
264 -42.09927015 0.3086113372
265 -42.86233138 0.298903875
266 -43.63016332 0.2893632108
267 -44.40154963 0.2800069224
268 -45.17531499 0.2708504094
269 -45.95034026 0.2619067991
270 -46.72557541 0.2531869127
271 -47.50005013 0.244699288
272 -48.27288188 0.2364502527
273 -49.04328133 0.2284440396
274 -49.81055527 0.2206829364
275 -50.57410707 0.2131674612
276 -51.33343491 0.2058965554
277 -52.08812796 0.1988677866
278 -52.83786076 0.1920775547
279 -53.58238604 0.1855212952
280 -54.3215262 0.1791936761
281 -55.05516373 0.1730887835
282 -55.78323074 0.1672002941
283 -56.50569786 0.1615216325
284 -57.22256273 0.1560461115
285 -57.93383822 0.150767056
286 -58.63954064 0.1456779078
287 -59.33967824 0.1407723138
288 -60.03424012 0.1360441962
289 -60.72318578 0.1314878047
290 -61.40643576 0.1270977536
291 -62.0838634 0.122869041
292 -62.75528807 0.1187970545
293 -63.42047012 0.1148775623
294 -64.07910773 0.111106692
295 -64.73083577 0.1074808992
296 -65.3752268 0.1039969268
297 -66.01179419 0.100651759
298 -66.63999731 0.09744256964
299 -67.25924865 0.09436666984
300 -67.86892259 0.09142145603
301 -68.46836556 0.08860436026
302 -69.0569072 0.08591280535
303 -69.63387212 0.08334416588
304 -70.19859195 0.08089573642
305 -70.75041709 0.07856470742
306 -71.28872797 0.0763481492
307 -71.81294532 0.07424300367
308 -72.32253934 0.07224608336
309 -72.81703748 0.07035407691
310 -73.29603059 0.06856356008
311 -73.75917763 0.06687101111
312 -74.20620864 0.06527282933
313 -74.6369263 0.06376535594
314 -75.05120594 0.06234489588
315 -75.44899431 0.06100773999
316 -75.83030717 0.05975018658
317 -76.19522597 0.05856856192
318 -76.54389369 0.05745923916
319 -76.87651011 0.05641865528
320 -77.19332666 0.05544332603
321 -77.494641 0.05452985865
322 -77.78079145 0.05367496243
323 -78.05215147 0.05287545716
324 -78.30912419 0.05212827956
325 -78.55213718 0.051430488
326 -78.78163746 0.05077926539
327 -78.99808682 0.05017192075
328 -79.20195747 0.04960588942
329 -79.39372812 0.04907873218
330 -79.57388034 0.04858813352
331 -79.74289542 0.04813189902
332 -79.90125149 0.04770795226
333 -80.04942109 0.04731433111
334 -80.18786904 0.04694918379
335 -80.31705063 0.04661076452
336 -80.43741012 0.04629742917
337 -80.54937955 0.04600763062
338 -80.65337771 0.04573991423
339 -80.74980947 0.04549291324
340 -80.83906515 0.04526534427
341 -80.92152025 0.04505600285
342 -80.99753513 0.04486375915
343 -81.06745505 0.04468755374
344 -81.13161012 0.04452639361
345 -81.1903155 0.04437934825
346 -81.2438716 0.04424554598
347 -81.29256439 0.04412417038
348 -81.33666574 0.04401445694
349 -81.37643383 0.04391568987
350 -81.41211357 0.04382719908
351 -81.44393704 0.04374835729
352 -81.47212402 0.04367857736
353 -81.49688241 0.04361730974
354 -81.5184088 0.04356404006
355 -81.53688888 0.04351828691
356 -81.55249801 0.04347959968
357 -81.56540164 0.04344755659
358 -81.57575586 0.04342176286
359 -81.58370778 0.04340184892
360 -81.58939608 0.0433874688
361 -81.59295136 0.04337829858
362 -81.59449664 0.04337403499
363 -81.5941477 0.04337439404
364 -81.59201353 0.04337910978
365 -81.58819669 0.04338793312
366 -81.58279364 0.04340063075
367 -81.57589512 0.04341698411
368 -81.56758647 0.04343678844
369 -81.5579479 0.04345985188
370 -81.54705486 0.04348599463
371 -81.53497823 0.04351504822
372 -81.52178462 0.04354685481
373 -81.50753623 0.04358126724
374 -81.49228788 0.04361815483
375 -81.47605842 0.04365746078
376 -81.4585693 0.04369972791
377 -81.43687494 0.04375087105
378 -81.38389475 0.04386550477
379 -81.05399858 0.04454386311
380 -78.22699757 0.05067280769
381 -53.28003215 0.1426639348
382 33.94121177 0.989038658
383 38.62464626 0.9999408248
384 37.62857418 0.999932789
385 35.52024159 0.9999020391
386 32.55670674 0.9998319877
387 29.03887436 0.9996799579
388 25.28169854 0.9993638009
389 21.52023176 0.9987415562
390 17.90089343 0.9975960524
391 14.50778373 0.9956399936
392 11.38742086 0.9925577646
393 8.563075581 0.9880852442
394 6.041424532 0.9821003537
395 3.815889811 0.9746780648
396 1.869467909 0.9660784486
397 0.1779634691 0.9566767254
398 -1.286638367 0.9468742728
399 -2.553245191 0.9370279047
400 -3.649547125 0.9274130889
401 -4.600768288 0.9182170678
402 -5.429115901 0.9095498477
403 -6.153700537 0.9014620257
404 -6.790727378 0.8939626229
405 -7.353815092 0.887033875
406 -7.854352899 0.8806422716
407 -8.301846609 0.8747462262
408 -8.704230342 0.8693011164
409 -9.068135825 0.8642624224
410 -9.399119286 0.8595875645
411 -9.701849694 0.855236882
412 -9.980263555 0.851174067
413 -10.23769159 0.8473662626
414 -10.47696217 0.8437839647
415 -10.70048583 0.8404008169
416 -10.91032435 0.8371933534
417 -11.10824739 0.8341407253
418 -11.29577902 0.8312244293
419 -11.47423615 0.8284280503
420 -11.64476027 0.8257370244
421 -11.80834385 0.8231384231
422 -11.96585238 0.8206207603
423 -12.11804274 0.8181738201
424 -12.26557876 0.8157885046
425 -12.40904416 0.8134566998
426 -12.54895371 0.8111711573
427 -12.68576249 0.8089253905
428 -12.81987398 0.8067135832
429 -12.95164682 0.8045305099
430 -13.08140067 0.8023714653
431 -13.20942126 0.8002322027
432 -13.33596471 0.7981088793
433 -13.46126127 0.7959980087
434 -13.5855186 0.7938964187
435 -13.70892457 0.7918012142
436 -13.83164971 0.7897097441
437 -13.9538494 0.7876195725
438 -14.07566571 0.7855284526
439 -14.19722909 0.7834343042
440 -14.3186598 0.7813351928
441 -14.4400692 0.7792293122
442 -14.56156089 0.7771149673
443 -14.68323172 0.7749905603
444 -14.80517268 0.7728545774
445 -14.92746973 0.7707055767
446 -15.05020447 0.768542178
447 -15.17345483 0.766363053
448 -15.29729564 0.7641669161
449 -15.42179915 0.761952517
450 -15.54703553 0.7597186327
451 -15.67307329 0.757464061
452 -15.79997971 0.7551876142
453 -15.92782121 0.7528881126
454 -16.05666369 0.7505643798
455 -16.18657288 0.7482152365
456 -16.31761464 0.7458394964
457 -16.44985527 0.7434359605
458 -16.58336176 0.7410034132
459 -16.71820213 0.7385406171
460 -16.85444564 0.7360463091
461 -16.9921631 0.733519196
462 -17.13142708 0.7309579498
463 -17.27231225 0.7283612037
464 -17.41489557 0.7257275477
465 -17.55925659 0.7230555242
466 -17.70547773 0.7203436236
467 -17.85364453 0.7175902798
468 -18.00384597 0.7147938657
469 -18.15617472 0.7119526882
470 -18.31072751 0.7090649836
471 -18.46760536 0.7061289127
472 -18.62691399 0.7031425554
473 -18.78876413 0.7001039056
474 -18.95327189 0.6970108659
475 -19.12055911 0.6938612414
476 -19.29075381 0.6906527349
477 -19.46399056 0.6873829401
478 -19.64041095 0.6840493358
479 -19.82016403 0.68064928
480 -20.00340678 0.6771800033
481 -20.19030464 0.6736386026
482 -20.38103201 0.6700220347
483 -20.57577282 0.6663271103
484 -20.77472107 0.6625504871
485 -20.97808143 0.6586886646
486 -21.18606987 0.6547379779
487 -21.39891423 0.6506945926
488 -21.61685486 0.6465545003
489 -21.84014532 0.6423135146
490 -22.06905292 0.6379672689
491 -22.30385939 0.6335112142
492 -22.54486152 0.6289406202
493 -22.79237166 0.624250577
494 -23.04671828 0.6194360001
495 -23.30824644 0.614491638
496 -23.57731813 0.6094120835
497 -23.85431254 0.6041917888
498 -24.13962616 0.5988250856
499 -24.43367271 0.5933062112
500 -24.73688286 0.58762934
501 -25.04970364 0.5817886231
502 -25.3725976 0.5757782357
503 -25.70604156 0.5695924337
504 -26.05052495 0.5632256197
505 -26.40654762 0.5566724205
506 -26.77461717 0.5499277756
507 -27.1552456 0.5429870369
508 -27.54894528 0.5358460815
509 -27.95622426 0.5285014353
510 -28.37758075 0.5209504079
511 -28.81349677 0.5131912374
512 -29.26443115 0.5052232419
513 -29.73081159 0.4970469766
514 -30.2130261 0.4886643914
515 -30.71141392 0.4800789844
516 -31.22625585 0.4712959462
517 -31.75776446 0.4623222885
518 -32.30607429 0.4531669501
519 -32.87123244 0.443840872
520 -33.45318972 0.4343570366
521 -34.05179306 0.4247304623
522 -34.6667792 0.4149781485
523 -35.29777034 0.405118968
524 -35.94427196 0.3951735036
525 -36.60567317 0.3851638304
526 -37.28124968 0.3751132473
527 -37.9701697 0.3650459636
528 -38.67150252 0.3549867502
529 -39.38422984 0.3449605662
530 -40.10725933 0.3349921746
531 -40.83944027 0.3251057611
532 -41.57958058 0.3153245681
533 -42.32646472 0.3056705597
534 -43.07887194 0.2961641265
535 -43.83559416 0.2868238403
536 -44.59545299 0.2776662647
537 -45.35731538 0.2687058237
538 -46.12010744 0.2599547304
539 -46.88282612 0.2514229714
540 -47.64454867 0.243118343
541 -48.40443955 0.235046533
542 -49.16175497 0.2272112406
543 -49.91584505 0.2196143266
544 -50.6661537 0.2122559849
545 -51.41221652 0.2051349299
546 -52.15365672 0.1982485905
547 -52.89017953 0.1915933066
548 -53.62156505 0.1851645219
549 -54.34766005 0.1789569701
550 -55.06836868 0.1729648492
551 -55.78364241 0.1671819849
552 -56.49346938 0.1616019779
553 -57.19786339 0.1562183367
554 -57.89685262 0.1510245936
555 -58.59046836 0.1460144045
556 -59.27873394 0.1411816322
557 -59.96165407 0.1365204124
558 -60.63920481 0.1320252049
559 -61.31132444 0.1276908277
560 -61.97790548 0.123512477
561 -62.63878802 0.1194857321
562 -63.29375468 0.115606548
563 -63.94252734 0.1118712355
564 -64.58476582 0.1082764308
565 -65.22006853 0.1048190575
566 -65.84797518 0.1014962815
567 -66.46797148 0.09830546125
568 -67.07949567 0.09524409717
569 -67.68194671 0.09230977994
570 -68.27469375 0.0895001418
571 -68.85708676 0.08681281157
572 -69.4284677 0.08424537532
573 -69.98818202 0.08179534363
574 -70.53559004 0.0794601263
575 -71.07007787 0.07723701473
576 -71.5910675 0.07512317187
577 -72.09802589 0.07311562936
578 -72.59047273 0.07121129109
579 -73.06798686 0.06940694234
580 -73.53021107 0.06769926345
581 -73.97685556 0.06608484692
582 -74.40769977 0.06456021693
583 -74.82259292 0.06312185019
584 -75.22145323 0.06176619739
585 -75.60426602 0.06048970433
586 -75.9710809 0.05928883218
587 -76.32200804 0.05816007642
588 -76.65721398 0.05709998402
589 -76.97691684 0.05610516877
590 -77.28138131 0.05517232448
591 -77.5709134 0.05429823616
592 -77.84585525 0.05347978916
593 -78.10657986 0.05271397638
594 -78.35348611 0.05199790358
595 -78.58699387 0.05132879322
596 -78.80753945 0.05070398661
597 -79.01557136 0.05012094492
598 -79.21154636 0.04957724899
599 -79.39592594 0.04907059817
600 -79.56917304 0.0485988084
601 -79.73174921 0.04815980961
602 -79.88411204 0.04775164271
603 -80.02671243 0.04737245726
604 -80.159988 0.04702051765
605 -80.28432057 0.04669428622
606 -80.39967843 0.04639317427
607 -80.50251014 0.04612408418
608 -80.55869278 0.04595825417
609 -80.26792637 0.04653080638
610 -77.01776119 0.05387711779
611 -48.74487512 0.1699984541
612 34.44945287 0.9930600879
613 38.35771774 0.9999385409
614 37.14557971 0.9999267635
615 34.71817567 0.9998869237
616 31.38867809 0.999792758
617 27.50880575 0.9995789258
618 23.42228706 0.9991144093
619 19.37802262 0.9981673363
620 15.52953184 0.9963839103
621 11.96446221 0.993315163
622 8.729196623 0.9885172257
623 5.842329686 0.9817040759
624 3.301438767 0.9728738413
625 1.087984498 0.962327682
626 -0.8275136826 0.9505725693
627 -2.480178764 0.938174431
628 -3.906284487 0.9256375855
629 -5.140166636 0.9133441072
630 -6.212545437 0.9015453418
631 -7.149918688 0.8903822252
632 -7.974618579 0.8799145472
633 -8.705206687 0.87014817
634 -9.356995599 0.8610562042
635 -9.942579118 0.8525938768
636 -10.47231483 0.8447082608
637 -10.95473857 0.8373442805
638 -11.39690886 0.830448201
639 -11.80468768 0.823969497
640 -12.18296692 0.8178617183
641 -12.53585001 0.8120827559
642 -12.86679727 0.806594768
643 -13.17874244 0.8013639232
644 -13.47418608 0.7963600614
645 -13.75527083 0.7915563244
646 -14.02384227 0.7869287928
647 -14.28149824 0.7824561429
648 -14.52962914 0.7781193329
649 -14.76945094 0.7739013212
650 -15.00203234 0.7697868156
651 -15.2283173 0.7657620526
652 -15.44914373 0.7618146032
653 -15.66525915 0.7579332029
654 -15.87733382 0.7541076032
655 -16.08597186 0.7503284416
656 -16.29172064 0.7465871272
657 -16.49507881 0.7428757415
658 -16.69650318 0.73918695
659 -16.89641462 0.7355139253
660 -17.09520321 0.7318502789
661 -17.29323267 0.7281900001
662 -17.49084427 0.7245274029
663 -17.68836026 0.7208570776
664 -17.88608687 0.7171738478
665 -18.08431708 0.7134727318
666 -18.28333294 0.7097489074
667 -18.48340784 0.7059976804
668 -18.68480846 0.7022144551
669 -18.88779656 0.6983947084
670 -19.09263069 0.6945339649
671 -19.2995677 0.6906277745
672 -19.50886424 0.6866716915
673 -19.72077807 0.6826612553
674 -19.93556942 0.6785919723
675 -20.15350214 0.6744592991
676 -20.37484499 0.670258627
677 -20.59987268 0.665985268
678 -20.82886705 0.6616344413
679 -21.06211808 0.6572012619
680 -21.29992496 0.6526807302
681 -21.54259708 0.6480677228
682 -21.79045496 0.6433569863
683 -22.04383119 0.6385431313
684 -22.30307129 0.6336206305
685 -22.56853449 0.6285838181
686 -22.84059445 0.6234268934
687 -23.11963988 0.6181439271
688 -23.40607503 0.6127288723
689 -23.70032006 0.6071755807
690 -24.00281117 0.6014778234
