0 -81.49903798 0.0436083353
1 -81.50701272 0.04358829347
2 -81.51274858 0.0435737463
3 -81.51637305 0.04356437628
4 -81.51800628 0.04355988593
5 -81.51776148 0.04355999646
6 -81.51574528 0.04356444661
7 -81.51205807 0.04357299153
8 -81.50679436 0.04358540169
9 -81.50004311 0.04360146196
10 -81.49188801 0.0436209707
11 -81.48240781 0.04364373887
12 -81.47167654 0.04366958929
13 -81.45976382 0.04369835589
14 -81.44673508 0.04372988303
15 -81.43265177 0.04376402493
16 -81.41757155 0.04380064512
17 -81.40154794 0.04383961702
18 -81.38462566 0.04388083327
19 -81.36679608 0.04392429549
20 -81.34759032 0.04397093713
21 -81.32237495 0.04403012346
22 -81.2486662 0.04418805029
23 -80.74003361 0.04524026714
24 -76.29544421 0.05531912588
25 -37.33180488 0.2475640894
26 36.99284308 0.9981500291
27 38.54973296 0.9999418886
28 37.28753764 0.9999286294
29 34.99902393 0.9998923213
30 31.91645047 0.9998110393
31 28.35239949 0.9996368788
32 24.60661356 0.9992800938
33 20.89201396 0.998589839
34 17.33803499 0.9973421109
35 14.01831839 0.9952503157
36 10.97327474 0.9920123534
37 8.222398691 0.9873911153
38 5.769851361 0.9812981806
39 3.607417527 0.9738370576
40 1.717229799 0.9652816501
41 0.0749093869 0.9560041952
42 -1.347223103 0.9463909937
43 -2.577418991 0.9367788335
44 -3.642570628 0.9274239401
45 -4.567091901 0.9184980892
46 -5.372442939 0.9101003231
47 -6.077084423 0.902274261
48 -6.696676448 0.8950249782
49 -7.244390737 0.8883328578
50 -7.731254933 0.8821638765
51 -8.166484366 0.8764767339
52 -8.557780341 0.8712275308
53 -8.911587802 0.8663726794
54 -9.233312591 0.8618706019
55 -9.527501936 0.8576826316
56 -9.797993112 0.8537734036
57 -10.0480353 0.8501109343
58 -10.28038931 0.8466665166
59 -10.49740914 0.8434145156
60 -10.70110882 0.8403321165
61 -10.89321729 0.8373990566
62 -11.07522355 0.8345973612
63 -11.24841403 0.8319110925
64 -11.41390348 0.8293261189
65 -11.57266071 0.826829905
66 -11.72553009 0.8244113225
67 -11.87324952 0.8220604836
68 -12.01646564 0.8197685914
69 -12.1557465 0.8175278095
70 -12.2915925 0.8153311464
71 -12.42444547 0.813172354
72 -12.5546966 0.8110458386
73 -12.68269308 0.8089465829
74 -12.80874386 0.8068700767
75 -12.9331246 0.8048122573
76 -13.05608191 0.802769456
77 -13.17783703 0.8007383514
78 -13.29858906 0.7987159283
79 -13.41851768 0.7966994418
80 -13.53778559 0.7946863847
81 -13.65654061 0.7926744595
82 -13.77491753 0.7906615535
83 -13.89303974 0.788645716
84 -14.01102062 0.7866251392
85 -14.1289648 0.78459814
86 -14.24696932 0.7825631447
87 -14.36512453 0.7805186747
88 -14.48351502 0.7784633343
89 -14.60222037 0.7763957988
90 -14.72131585 0.7743148048
91 -14.84087306 0.7722191407
92 -14.96096045 0.7701076385
93 -15.08164386 0.767979166
94 -15.20298697 0.7658326199
95 -15.3250517 0.7636669196
96 -15.44789864 0.7614810007
97 -15.57158734 0.75927381
98 -15.69617668 0.7570443004
99 -15.82172517 0.7547914257
100 -15.94829122 0.7525141361
101 -16.07593343 0.7502113741
102 -16.20471082 0.7478820702
103 -16.33468311 0.7455251385
104 -16.46591095 0.7431394736
105 -16.59845615 0.7407239458
106 -16.73238189 0.738277398
107 -16.86775299 0.7357986417
108 -17.0046361 0.7332864532
109 -17.14309993 0.7307395699
110 -17.28321553 0.7281566864
111 -17.42505644 0.725536451
112 -17.56869901 0.722877461
113 -17.71422259 0.7201782597
114 -17.86170982 0.7174373312
115 -18.01124688 0.7146530971
116 -18.16292375 0.7118239115
117 -18.31683453 0.7089480567
118 -18.47307771 0.7060237386
119 -18.63175648 0.7030490815
120 -18.79297909 0.7000221238
121 -18.95685916 0.696940812
122 -19.12351607 0.6938029961
123 -19.29307531 0.6906064234
124 -19.46566893 0.6873487334
125 -19.6414359 0.6840274518
126 -19.82052259 0.6806399844
127 -20.00308324 0.6771836113
128 -20.18928041 0.6736554806
129 -20.37928553 0.6700526025
130 -20.57327939 0.6663718427
131 -20.77145271 0.6626099172
132 -20.97400673 0.6587633859
133 -21.18115375 0.6548286472
134 -21.39311777 0.6508019334
135 -21.61013508 0.6466793057
136 -21.83245489 0.6424566508
137 -22.06033996 0.6381296783
138 -22.29406717 0.6336939194
139 -22.53392816 0.6291447268
140 -22.78022986 0.6244772771
141 -23.03329502 0.6196865754
142 -23.29346265 0.6147674623
143 -23.56108841 0.6097146247
144 -23.83654484 0.6045226102
145 -24.12022152 0.5991858467
146 -24.41252503 0.5936986666
147 -24.71387864 0.5880553372
148 -25.02472189 0.5822500986
149 -25.34550971 0.5762772088
150 -25.67671133 0.5701309974
151 -26.0188087 0.5638059297
152 -26.37229445 0.5572966798
153 -26.73766939 0.5505982155
154 -27.11543931 0.5437058942
155 -27.50611122 0.5366155711
156 -27.91018887 0.5293237175
157 -28.32816749 0.5218275517
158 -28.76052779 0.5141251778
159 -29.20772919 0.5062157337
160 -29.67020222 0.4980995436
161 -30.14834034 0.4897782723
162 -30.64249103 0.4812550765
163 -31.15294645 0.4725347494
164 -31.67993382 0.4636238499
165 -32.22360581 0.454530812
166 -32.78403101 0.4452660271
167 -33.3611852 0.4358418907
168 -33.95494336 0.4262728086
169 -34.56507313 0.4165751557
170 -35.19122993 0.4067671837
171 -35.83295418 0.396868875
172 -36.48967083 0.3869017427
173 -37.16069162 0.3768885795
174 -37.84521995 0.3668531607
175 -38.54235864 0.3568199097
176 -39.25112028 0.3468135361
177 -39.97044004 0.3368586592
178 -40.69919051 0.3269794297
179 -41.43619821 0.317199164
180 -42.18026106 0.3075400038
181 -42.93016643 0.2980226125
182 -43.68470897 0.288665918
183 -44.44270782 0.2794869093
184 -45.20302255 0.2705004899
185 -45.96456745 0.2617193894
186 -46.72632381 0.2531541327
187 -47.48734996 0.2448130603
188 -48.24678895 0.2367023975
189 -49.00387373 0.2288263614
190 -49.75793003 0.2211873019
191 -50.50837693 0.2137858655
192 -51.25472532 0.2066211771
193 -51.99657445 0.1996910304
194 -52.73360678 0.1929920825
195 -53.46558135 0.1865200464
196 -54.19232591 0.1802698774
197 -54.91372795 0.1742359501
198 -55.62972496 0.1684122235
199 -56.34029398 0.1627923917
200 -57.04544074 0.1573700202
201 -57.74518845 0.1521386658
202 -58.43956666 0.1470919803
203 -59.12860013 0.1422237977
204 -59.81229804 0.1375282053
205 -60.49064391 0.1329995983
206 -61.16358613 0.1286327186
207 -61.83102972 0.124422679
208 -62.49282925 0.1203649725
209 -63.14878337 0.1164554678
210 -63.79863095 0.112690394
211 -64.44204923 0.1090663129
212 -65.07865385 0.1055800834
213 -65.70800093 0.1022288189
214 -66.3295912 0.09900983897
215 -66.94287595 0.09592061898
216 -67.54726473 0.09295873918
217 -68.14213444 0.0901218351
218 -68.72683967 0.08740755155
219 -69.30072364 0.08481350171
220 -69.86312972 0.08233723249
221 -70.4134128 0.07997619708
222 -70.95095042 0.07772773502
223 -71.47515314 0.07558905998
224 -71.98547392 0.07355725472
225 -72.48141636 0.07162927278
226 -72.96254147 0.06980194597
227 -73.42847305 0.06807199666
228 -73.87890148 0.06643605393
229 -74.31358609 0.06489067235
230 -74.73235607 0.06343235244
231 -75.13511003 0.062057562
232 -75.52181447 0.06076275731
233 -75.89250117 0.05954440367
234 -76.24726376 0.05839899479
235 -76.58625358 0.05732307046
236 -76.90967506 0.05631323246
237 -77.21778078 0.05536615841
238 -77.51086622 0.05447861356
239 -77.78926451 0.05364746054
240 -78.05334123 0.05286966714
241 -78.30348923 0.05214231225
242 -78.54012375 0.05146259005
243 -78.76367775 0.05082781276
244 -78.97459754 0.05023541193
245 -79.17333877 0.04968293865
246 -79.36036271 0.04916806264
247 -79.53613294 0.04868857063
248 -79.70111241 0.04824236387
249 -79.85576076 0.04782745522
250 -80.0005321 0.04744196574
251 -80.13587299 0.04708412089
252 -80.26222079 0.04675224657
253 -80.38000229 0.04644476496
254 -80.48963256 0.04616019028
255 -80.59151404 0.04589712445
256 -80.68603587 0.04565425284
257 -80.77357337 0.04543034004
258 -80.85448771 0.04522422569
259 -80.92912568 0.04503482044
260 -80.9978197 0.04486110199
261 -81.06088777 0.04470211136
262 -81.11863366 0.04455694918
263 -81.17134711 0.04442477224
264 -81.2193041 0.04430479017
265 -81.26276716 0.04419626221
266 -81.30198579 0.04409849426
267 -81.33719682 0.04401083599
268 -81.36862484 0.04393267813
269 -81.39648268 0.04386344992
270 -81.42097184 0.04380261673
271 -81.44228294 0.04374967773
272 -81.46059625 0.04370416381
273 -81.47608207 0.04366563554
274 -81.48890124 0.04363368127
275 -81.49920558 0.04360791539
276 -81.50713835 0.04358797663
277 -81.51283462 0.04357352656
278 -81.51642176 0.04356424805
279 -81.51801979 0.04355984395
280 -81.51774179 0.04356003583
281 -81.51569426 0.04356456272
282 -81.5119775 0.04357318005
283 -81.50668591 0.04358565859
284 -81.49990835 0.04360178345
285 -81.49172843 0.04362135322
286 -81.48222479 0.04364417908
287 -81.4714714 0.04367008406
288 -81.45953778 0.04369890229
289 -81.4464893 0.04373047832
290 -81.43238734 0.04376466651
291 -81.41728949 0.04380133058
292 -81.40124923 0.04384034409
293 -81.38431119 0.04388159982
294 -81.36646669 0.04392509955
295 -81.34724668 0.04397177711
296 -81.32201653 0.04403100036
297 -81.2482814 0.04418898911
298 -80.73950479 0.04524152841
299 -76.2936464 0.05532375573
300 -37.31880145 0.2476674684
301 36.99404481 0.9981522123
302 38.54969464 0.9999418888
303 37.28738428 0.9999286275
304 34.99883139 0.9998923175
305 31.91628541 0.9998110333
306 28.35232231 0.9996368728
307 24.60666168 0.9992800979
308 20.89220159 0.9985898816
309 17.33836 0.9973422535
310 14.01876878 0.9952506668
311 10.97383327 0.9920130725
312 8.223046085 0.9873923978
313 5.770568654 0.9813002245
314 3.608187837 0.9738400251
315 1.718039359 0.9652856421
316 0.07574787553 0.9560092462
317 -1.346362802 0.9463970849
318 -2.576541352 0.9367859121
319 -3.641678141 0.927431938
320 -4.56618568 0.9185069358
321 -5.371523218 0.9101099529
322 -6.076150917 0.9022846167
323 -6.695728608 0.8950360112
324 -7.243427915 0.8883445278
325 -7.730276485 0.8821761498
326 -8.16548971 0.8764895824
327 -8.556768985 0.8712409307
328 -8.910559358 0.8663866101
329 -9.232266772 0.8618850457
330 -9.526438553 0.8576975726
331 -9.796912061 0.8537888275
332 -10.04693655 0.8501268281
333 -10.2792729 0.8466828683
334 -10.49627515 0.8434313143
335 -10.69995738 0.8403493517
336 -10.89204855 0.8374167188
337 -11.0740377 0.8346154414
338 -11.24721127 0.8319295823
339 -11.41268401 0.8293450107
340 -11.57142474 0.8268491914
341 -11.72427783 0.8244309971
342 -11.87198118 0.8220805401
343 -12.01518141 0.8197890243
344 -12.15444658 0.8175486137
345 -12.29027705 0.8153523174
346 -12.42311466 0.8131938877
347 -12.55335056 0.8110677316
348 -12.68133194 0.8089688321
349 -12.80736772 0.8068926797
350 -12.93173354 0.804835212
351 -13.054676 0.8027927609
352 -13.17641632 0.8007620053
353 -13.29715356 0.7987399307
354 -13.41706739 0.7967237926
355 -13.53632049 0.7947110841
356 -13.65506065 0.7926995084
357 -13.77342266 0.790686953
358 -13.89152986 0.7886714679
359 -14.00949561 0.7866512455
360 -14.12742454 0.7846246034
361 -14.24541364 0.7825899681
362 -14.36355326 0.7805458617
363 -14.48192794 0.7784908887
364 -14.60061726 0.7764237251
365 -14.71969647 0.7743431077
366 -14.83923711 0.7722478256
367 -14.95930764 0.7701367112
368 -15.07997386 0.7680086326
369 -15.20129943 0.7658624873
370 -15.32334624 0.7636971949
371 -15.44617485 0.7615116917
372 -15.56984478 0.759304925
373 -15.69441489 0.7570758482
374 -15.81994365 0.7548234156
375 -15.94648944 0.7525465781
376 -16.07411083 0.7502442787
377 -16.20286682 0.7479154485
378 -16.33281708 0.7455590025
379 -16.46402223 0.7431738356
380 -16.59654403 0.740758819
381 -16.73044564 0.7383127963
382 -16.86579181 0.7358345797
383 -17.00264917 0.7333229463
384 -17.14108639 0.7307766344
385 -17.28117444 0.7281943396
386 -17.42298685 0.7255747107
387 -17.56659988 0.7229163463
388 -17.71209284 0.7202177905
389 -17.85954832 0.7174775286
390 -18.00905242 0.7146939832
391 -18.16069507 0.7118655096
392 -18.31457028 0.7089903914
393 -18.47077648 0.7060668355
394 -18.62941678 0.703092968
395 -18.79059935 0.7000668283
396 -18.95443771 0.6969863646
397 -19.12105116 0.6938494282
398 -19.29056509 0.6906537684
399 -19.46311144 0.6873970263
400 -19.63882907 0.6840767293
401 -19.81786424 0.6806902852
402 -20.00037106 0.677234976
403 -20.18651196 0.6737079519
404 -20.37645823 0.6701062251
405 -20.57039052 0.6664266638
406 -20.7684994 0.6626659861
407 -20.97098593 0.6588207544
408 -21.17806225 0.6548873696
409 -21.38995218 0.6508620666
410 -21.60689181 0.646740909
411 -21.82913016 0.6425197863
412 -22.05692978 0.6381944108
413 -22.29056734 0.6337603164
414 -22.53033425 0.6292128584
415 -22.77653721 0.6245472162
416 -23.02949871 0.6197583972
417 -23.28955753 0.6148412446
418 -23.55706908 0.6097904473
419 -23.83240564 0.6046005552
420 -24.11595654 0.5992659976
421 -24.4081281 0.5937811082
422 -24.70934334 0.5881401551
423 -25.02004157 0.5823373785
424 -25.34067749 0.5763670358
425 -25.67172014 0.5702234552
426 -26.01365127 0.5639010993
427 -26.36696338 0.5573946387
428 -26.73215717 0.5506990361
429 -27.10973839 0.5438096425
430 -27.50021405 0.5367223047
431 -27.90408799 0.5294334841
432 -28.3218556 0.5219403868
433 -28.75399787 0.5142411027
434 -29.20097455 0.5063347533
435 -29.6632167 0.4982216439
436 -30.14111838 0.4899034183
437 -30.6350278 0.48138321
438 -31.14523802 0.4726657866
439 -31.67197733 0.46375768
440 -32.21539953 0.4546672957
441 -32.77557457 0.4454049953
442 -33.35247964 0.4359831444
443 -33.94599129 0.4264161189
444 -34.55587879 0.4167202649
445 -35.18179927 0.4069138071
446 -35.82329486 0.3970167034
447 -36.47979224 0.3870504458
448 -37.15060479 0.3770378098
449 -37.83493748 0.3670025584
450 -38.53189457 0.3569691079
451 -39.2404899 0.3469621664
452 -39.9596597 0.3370063571
453 -40.68827737 0.3271258404
454 -41.42516999 0.3173439477
455 -42.16913579 0.3076828404
456 -42.91896215 0.2981632058
457 -43.67344351 0.2888039994
458 -44.43139851 0.2796222403
459 -45.19168602 0.2706328636
460 -45.9532194 0.2618486319
461 -46.71497889 0.2532801026
462 -47.4760216 0.2449356488
463 -48.23548927 0.2368215261
464 -48.99261349 0.228941981
465 -49.74671861 0.2212993897
466 -50.49722231 0.2138944232
467 -51.24363413 0.2067262274
468 -51.98555204 0.1997926145
469 -52.72265731 0.1930902573
470 -53.4547079 0.1866148813
471 -54.18153058 0.1803614518
472 -54.90301203 0.174324351
473 -55.61908908 0.1684975428
474 -56.32973824 0.1628747243
475 -57.0349649 0.1574494619
476 -57.73479211 0.1522153119
477 -58.42924939 0.1471659239
478 -59.11836165 0.1422951287
479 -59.8021384 0.1375970094
480 -60.48056359 0.1330659562
481 -61.15358623 0.1286967057
482 -61.82111202 0.124484365
483 -62.48299635 0.1204244214
484 -63.13903871 0.1165127383
485 -63.78897891 0.1127455394
486 -64.43249511 0.1091193818
487 -65.06920385 0.1056311205
488 -65.69866214 0.1022778651
489 -66.32037148 0.09905693264
490 -66.93378386 0.0959657966
491 -67.53830938 0.09300203599
492 -68.13332537 0.0901632859
493 -68.71818665 0.08744719132
494 -69.29223656 0.08485136619
495 -69.85481836 0.08237335866
496 -70.4052867 0.08001062348
497 -70.94301869 0.07776050205
498 -71.46742433 0.07562020997
499 -71.97795589 0.07358683198
500 -72.47411615 0.07165732353
501 -72.95546522 0.06982851819
502 -73.42162593 0.06809713987
503 -73.87228764 0.06645981894
504 -74.30720865 0.06491311093
505 -74.72621708 0.06345351704
506 -75.12921053 0.06207750541
507 -75.5161545 0.06078153236
508 -75.88707981 0.05956206293
509 -76.24207919 0.05841559026
510 -76.58130315 0.05733865335
511 -76.90495537 0.05632785296
512 -77.21328774 0.05537986548
513 -77.50659513 0.0544914548
514 -77.78521017 0.05365948203
515 -78.04949795 0.05288091335
516 -78.29985099 0.05215282595
517 -78.5366842 0.05147241228
518 -78.76043033 0.05083698278
519 -78.97153551 0.05024396722
520 -79.17045527 0.0496909149
521 -79.35765082 0.04917549381
522 -79.53358574 0.04869548891
523 -79.69872301 0.04824879979
524 -79.85352233 0.04783343767
525 -79.9984379 0.04744752199
526 -80.13391642 0.04708927671
527 -80.26039539 0.04675702625
528 -80.37830177 0.0464491914
529 -80.48805081 0.046164285
530 -80.59004514 0.04590090772
531 -80.68467411 0.04565774371
532 -80.77231325 0.04543355641
533 -80.85332393 0.04522718436
534 -80.92805318 0.04503753717
535 -80.99683361 0.0448635916
536 -81.05998344 0.04470438772
537 -81.11780667 0.0445590253
538 -81.17059322 0.04442666034
539 -81.21861929 0.04430650167
540 -81.26214761 0.04419780783
541 -81.30142786 0.04409988405
542 -81.33669706 0.04401207935
543 -81.36817999 0.04393378387
544 -81.39608965 0.0438644263
545 -81.42062769 0.04380347148
546 -81.44198491 0.04375041811
547 -81.46034171 0.04370479659
548 -81.47586855 0.04366616708
549 -81.4887264 0.04363411753
550 -81.49906723 0.04360826194
551 -81.5070344 0.0435882387
552 -81.51276312 0.04357370904
553 -81.51638085 0.04356435553
554 -81.51800774 0.04355988074
555 -81.51775695 0.04356000594
556 -81.5157351 0.04356446994
557 -81.51204255 0.04357302792
558 -81.50677382 0.04358545042
559 -81.50001782 0.04360152235
560 -81.49185824 0.0436210421
561 -81.48237381 0.04364382069
562 -81.47163855 0.04366968095
563 -81.45972206 0.04369845687
564 -81.44668975 0.04372999284
565 -81.43260307 0.0437641431
566 -81.41751967 0.04380077121
567 -81.40149306 0.04383975063
568 -81.38456793 0.04388097401
569 -81.36673566 0.043924443
570 -81.34752732 0.04397109113
571 -81.3223093 0.04403028411
572 -81.2485959 0.04418822188
573 -80.73993839 0.04524049474
574 -76.29512968 0.05531993742
575 -37.32954957 0.2475820208
576 36.99305165 0.998150408
577 38.54972668 0.9999418887
578 37.28751189 0.9999286291
579 34.99899214 0.9998923207
580 31.91642447 0.9998110383
581 28.35238987 0.999636878
582 24.60662683 0.9992800952
583 20.89205251 0.9985898478
584 17.33809832 0.9973421388
585 14.01840426 0.9952503828
586 10.97337998 0.9920124891
587 8.222519785 0.9873913555
588 5.769984857 0.9812985613
589 3.607560368 0.9738376082
590 1.717379501 0.9652823887
591 0.0750641015 0.9560051276
592 -1.347064641 0.9463921161
593 -2.577257567 0.9367801358
594 -3.642406667 0.9274254098
595 -4.566925581 0.9184997131
596 -5.372274282 0.9101020894
597 -6.076913358 0.902276159
598 -6.696502858 0.8950269991
599 -7.244214492 0.8883349943
600 -7.731075904 0.8821661224
601 -8.166302438 0.8764790842
602 -8.557595415 0.8712299812
603 -8.911399803 0.8663752261
604 -9.233121459 0.8618732418
605 -9.527307633 0.8576853618
606 -9.797795614 0.8537762216
607 -10.0478346 0.8501138377
608 -10.28018541 0.8466695032
609 -10.49720205 0.8434175835
610 -10.70089856 0.8403352638
611 -10.89300389 0.8374022817
612 -11.07500705 0.8346006623
613 -11.24819445 0.8319144682
614 -11.41368086 0.8293295678
615 -11.57243509 0.8268334257
616 -11.7253015 0.824414914
617 -11.87301802 0.8220641446
618 -12.01623124 0.819772321
619 -12.15550925 0.8175316068
620 -12.29135241 0.8153350105
621 -12.42420259 0.8131762842
622 -12.55445095 0.8110498343
623 -12.68244467 0.8089506435
624 -12.80849272 0.8068742018
625 -12.93287074 0.8048164465
626 -13.05582534 0.802773709
627 -13.17757777 0.8007426681
628 -13.2983271 0.7987203086
629 -13.41825303 0.7967038856
630 -13.53751823 0.794690892
631 -13.65627054 0.7926790306
632 -13.77464475 0.7906661885
633 -13.89276422 0.7886504153
634 -14.01074234 0.7866299031
635 -14.12868374 0.784602969
636 -14.24668545 0.7825680393
637 -14.36483782 0.7805236357
638 -14.48322542 0.7784683623
639 -14.60192785 0.7764008946
640 -14.72102037 0.7743199693
641 -14.84057455 0.7722243748
642 -14.96065887 0.7701129433
643 -15.08133914 0.7679845427
644 -15.20267905 0.7658380697
645 -15.32474052 0.7636724437
646 -15.44758412 0.7614866006
647 -15.5712694 0.7592794873
648 -15.69585524 0.7570500566
649 -15.82140013 0.7547972624
650 -15.94796249 0.7525200553
651 -16.0756009 0.7502173776
652 -16.20437439 0.74788816
653 -16.33434267 0.7455313169
654 -16.46556637 0.7431457427
655 -16.59810731 0.7407303081
656 -16.73202865 0.738283856
657 -16.86739521 0.7358051981
658 -17.00427362 0.7332931108
659 -17.14273261 0.7307463316
660 -17.28284318 0.7281635554
661 -17.4246789 0.7255434305
662 -17.56831609 0.7228845545
663 -17.71383409 0.7201854708
664 -17.86131554 0.7174446638
665 -18.01084659 0.7146605551
666 -18.16251724 0.7118314992
667 -18.31642154 0.7089557786
668 -18.47265798 0.7060315993
669 -18.63132975 0.7030570861
670 -18.79254506 0.7000302773
671 -18.95641754 0.69694912
672 -19.12306653 0.6938114642
673 -19.29261753 0.6906150577
674 -19.46520254 0.6873575403
675 -19.64096053 0.6840364379
676 -19.82003785 0.6806491568
677 -20.0025887 0.6771929774
678 -20.18877563 0.6736650481
679 -20.37877004 0.6700623795
680 -20.57275269 0.6663818378
681 -20.77091429 0.6626201393
682 -20.97345603 0.6587738445
683 -21.18059019 0.6548393521
684 -21.39254073 0.6508128949
685 -21.60954391 0.6466905346
686 -21.83184891 0.6424681583
687 -22.05971843 0.6381414762
688 -22.29342935 0.6337060199
689 -22.53327323 0.6291571426
690 -22.77955699 0.6244900215
691 -23.03260331 0.619699662
692 -23.29275116 0.6147809051
693 -23.56035616 0.6097284382
694 -23.83579081 0.6045368093
695 -24.11944465 0.5992004465
696 -24.41172418 0.5937136823
697 -24.71305267 0.5880707844
698 -25.02386958 0.5822659928
699 -25.34462982 0.5762935652
700 -25.67580258 0.5701478313
701 -26.01786977 0.5638232556
702 -26.37132401 0.5573145116
703 -26.73666608 0.5506165663
704 -27.11440176 0.5437247758
705 -27.50503808 0.5366349938
706 -27.90907878 0.5293436899
707 -28.32701914 0.52184808
708 -28.75933991 0.5141462657
709 -29.20650057 0.506237382
710 -29.66893176 0.4981217495
711 -30.14702704 0.4898010292
712 -30.64113402 0.4812783738
713 -31.15154502 0.4725585716
714 -31.67848748 0.4636481767
715 -32.22211424 0.454555618
716 -32.78249416 0.4452912814
717 -33.35960327 0.4358675571
718 -33.95331683 0.4262988454
719 -34.56340278 0.4166015161
720 -35.18951685 0.4067938159
721 -35.83119976 0.3968957229
722 -36.48787678 0.3869287463
723 -37.15885995 0.3769156758
724 -37.84335295 0.3668802845
725 -38.54045885 0.3568469944
726 -39.24919048 0.3468405151
727 -39.96848319 0.3368854664
728 -40.69720972 0.3270060008
729 -41.43419669 0.3172254377
730 -42.17824208 0.3075659221
731 -42.92813324 0.2980481219
732 -43.68266481 0.28869097
733 -44.44065582 0.2795114608
734 -45.20096572 0.2705245035
735 -45.96250863 0.2617428338
736 -46.72426564 0.2531769824
737 -47.48529487 0.2448352958
738 -48.24473913 0.2367240047
739 -49.00183112 0.2288473315
740 -49.75589633 0.2212076308
741 -50.50635357 0.2138055538
742 -51.25271351 0.2066402289
743 -51.99457514 0.1997094533
744 -52.73162072 0.1930098869
745 -53.46360909 0.1865372449
746 -54.19036783 0.1802864845
747 -54.91178428 0.1742519817
748 -55.62779582 0.1684276961
749 -56.33837938 0.1628073227
750 -57.04354062 0.157384427
751 -57.74330275 0.1521525656
752 -58.4376953 0.14710539
753 -59.12674305 0.1422367337
754 -59.81045525 0.1375406831
755 -60.4888155 0.1330116325
756 -61.16177229 0.1286443229
757 -61.82923077 0.1244338661
758 -62.49104567 0.120375754
759 -63.14701577 0.1164658544
760 -63.79688013 0.1127003953
761 -64.44031614 0.1090759377
762 -65.07693961 0.10558934
763 -65.70630683 0.1022377146
764 -66.32791865 0.09901838075
765 -66.94122651 0.09592881348
766 -67.54564003 0.09296659282
767 -68.14053622 0.0901293542
768 -68.72526969 0.08741474247
769 -69.29918369 0.08482037094
770 -69.86162156 0.08234378675
771 -70.41193817 0.07998244335
772 -70.94951097 0.07773368063
773 -71.47375041 0.07559471261
774 -71.98410933 0.0735626224
775 -72.48009119 0.07163436389
776 -72.96125684 0.06980676919
777 -73.42722989 0.06807656097
778 -73.87770055 0.06644036853
779 -74.31242796 0.0648947466
780 -74.7312411 0.06343619584
781 -75.13403842 0.06206118411
782 -75.52078624 0.06076616768
783 -75.89151615 0.05954761183
784 -76.24632162 0.05840201014
785 -76.58535385 0.05732590227
786 -76.90881714 0.05631588981
787 -77.21696392 0.05536865016
788 -77.51008958 0.05448094832
789 -77.78852715 0.05364964666
790 -78.05264212 0.05287171266
791 -78.30282729 0.05214422492
792 -78.53949783 0.05146437729
793 -78.76308667 0.05082948168
794 -78.97404009 0.05023696932
795 -79.1728137 0.04968439096
796 -79.35986877 0.04916941603
797 -79.53566888 0.04868983092
798 -79.70067699 0.04824353659
799 -79.85535274 0.04782854562
800 -80.00015026 0.04744297874
801 -80.13551614 0.04708506116
802 -80.26188776 0.04675311852
803 -80.37969194 0.04644557274
804 -80.48934378 0.04616093778
805 -80.59124577 0.04589781535
806 -80.68578707 0.04565489059
807 -80.77334304 0.04543092789
808 -80.85427489 0.04522476669
809 -80.92892946 0.04503531744
810 -80.99763919 0.04486155768
811 -81.06072213 0.04470252826
812 -81.11848209 0.04455732964
813 -81.17120885 0.04442511849
814 -81.2191784 0.04430510428
815 -81.26265335 0.04419654612
816 -81.30188319 0.0440987498
817 -81.33710481 0.04401106486
818 -81.36854283 0.04393288194
819 -81.39641011 0.04386363017
820 -81.42090817 0.04380277481
821 -81.44222768 0.04374981497
822 -81.46054892 0.04370428144
823 -81.47604221 0.04366573471
824 -81.48886843 0.04363376307
825 -81.49917943 0.04360798083
