0 -75.9406331 0.0593876871
1 -76.29293881 0.05825284778
2 -76.62953835 0.05718686579
3 -76.95063937 0.05618637264
4 -77.25649706 0.05524807551
5 -77.54740896 0.05436876885
6 -77.82370971 0.05354534393
7 -78.08576585 0.05277479648
8 -78.33397073 0.05205423249
9 -78.56873963 0.05138087238
10 -78.79050513 0.05075205357
11 -78.99971281 0.0501652318
12 -79.19681724 0.04961798125
13 -79.38227836 0.04910799367
14 -79.55655816 0.04863307665
15 -79.7201178 0.04819115129
16 -79.87341498 0.04778024916
17 -80.01690169 0.04739850899
18 -80.15102229 0.04704417289
19 -80.2762119 0.04671558244
20 -80.39289495 0.04641117451
21 -80.50148416 0.04612947713
22 -80.60237962 0.04586910516
23 -80.69596809 0.04562875608
24 -80.78262256 0.04540720581
25 -80.86270188 0.04520330459
26 -80.9365506 0.04501597297
27 -81.0044989 0.0448441979
28 -81.06686265 0.04468702903
29 -81.12394354 0.04454357506
30 -81.17602927 0.04441300029
31 -81.22339389 0.04429452136
32 -81.26629805 0.04418740406
33 -81.30498947 0.04409096037
34 -81.33970323 0.04400454566
35 -81.37066231 0.04392755595
36 -81.39807796 0.04385942545
37 -81.42215017 0.0437996241
38 -81.44306817 0.0437476554
39 -81.46101084 0.04370305423
40 -81.47614721 0.04366538489
41 -81.48863692 0.04363423923
42 -81.49863063 0.04360923488
43 -81.50627048 0.04359001361
44 -81.51169055 0.04357623981
45 -81.51501721 0.04356759898
46 -81.51636957 0.04356379646
47 -81.51585984 0.04356455609
48 -81.5135937 0.04356961905
49 -81.50967068 0.04357874276
50 -81.50418448 0.04359169981
51 -81.49722328 0.04360827703
52 -81.48887008 0.04362827454
53 -81.47920299 0.04365150493
54 -81.46829546 0.04367779243
55 -81.45621663 0.04370697223
56 -81.4430315 0.04373888972
57 -81.42880122 0.04377339991
58 -81.41358315 0.04381036699
59 -81.39743025 0.04384966561
60 -81.38038313 0.04389119668
61 -81.36239633 0.04393503625
62 -81.34266653 0.04398279439
63 -81.31352179 0.04404999257
64 -81.20486735 0.04427904301
65 -80.37957748 0.04599474742
66 -73.08076928 0.06375518919
67 -12.07929694 0.5011739573
68 38.0309579 0.999697357
69 38.36978478 0.9999406542
70 36.85127905 0.9999228764
71 34.35967165 0.9998790567
72 31.13888376 0.9997821126
73 27.50992485 0.999576305
74 23.75581346 0.9991596572
75 20.06861966 0.9983652389
76 16.56266097 0.9969527482
77 13.3024634 0.9946264773
78 10.32293554 0.9910911889
79 7.639757017 0.9861369104
80 5.254054706 0.9797171543
81 3.155168705 0.9719782934
82 1.323464654 0.9632239957
83 -0.2664602501 0.9538367698
84 -1.642631391 0.9441961618
85 -2.833132888 0.9346222922
86 -3.864368404 0.9253518336
87 -4.760105986 0.9165387057
88 -5.541118868 0.9082678076
89 -6.225209767 0.9005726175
90 -6.827445095 0.8934515198
91 -7.360480117 0.8868808476
92 -7.834903322 0.8808243979
93 -8.259561849 0.8752399416
94 -8.641850866 0.8700834444
95 -8.987961896 0.8653116583
96 -9.303091351 0.860883608
97 -9.591613363 0.8567613544
98 -9.857221929 0.8529103004
99 -10.10304737 0.8492992189
100 -10.3317516 0.8459001196
101 -10.54560608 0.84268803
102 -10.74655571 0.8396407375
103 -10.93627134 0.8367385208
104 -11.11619298 0.8339638882
105 -11.28756561 0.8313013309
106 -11.45146879 0.8287370964
107 -11.60884134 0.8262589839
108 -11.76050204 0.8238561602
109 -11.90716686 0.8215189966
110 -12.04946358 0.8192389246
111 -12.18794404 0.8170083085
112 -12.32309463 0.8148203333
113 -12.45534506 0.8126689064
114 -12.58507603 0.8105485706
115 -12.71262559 0.8084544287
116 -12.83829478 0.8063820766
117 -12.96235233 0.8043275448
118 -13.08503884 0.8022872464
119 -13.20657029 0.8002579325
120 -13.32714116 0.7982366516
121 -13.44692714 0.7962207145
122 -13.56608739 0.7942076635
123 -13.68476668 0.7921952444
124 -13.80309711 0.7901813822
125 -13.9211997 0.7881641598
126 -14.0391858 0.7861417983
127 -14.15715826 0.78411264
128 -14.27521256 0.7820751331
129 -14.39343771 0.7800278183
130 -14.51191714 0.7779693159
131 -14.63072945 0.7758983152
132 -14.74994907 0.7738135645
133 -14.86964687 0.7717138618
134 -14.98989073 0.7695980469
135 -15.11074601 0.7674649939
136 -15.23227601 0.7653136041
137 -15.35454238 0.7631427999
138 -15.47760549 0.7609515189
139 -15.60152477 0.7587387086
140 -15.72635906 0.7565033212
141 -15.85216689 0.7542443088
142 -15.97900677 0.7519606189
143 -16.10693742 0.7496511902
144 -16.23601812 0.7473149483
145 -16.36630883 0.7449508018
146 -16.49787054 0.7425576382
147 -16.63076544 0.7401343204
148 -16.76505717 0.7376796825
149 -16.90081103 0.7351925265
150 -17.03809425 0.732671618
151 -17.17697616 0.7301156829
152 -17.31752846 0.7275234034
153 -17.45982546 0.724893414
154 -17.60394429 0.7222242976
155 -17.74996519 0.7195145816
156 -17.89797173 0.7167627334
157 -18.04805109 0.7139671567
158 -18.20029433 0.7111261864
159 -18.35479672 0.7082380843
160 -18.51165797 0.7053010348
161 -18.67098262 0.7023131391
162 -18.83288032 0.6992724113
163 -18.99746621 0.696176772
164 -19.16486128 0.6930240439
165 -19.33519273 0.6898119457
166 -19.50859443 0.6865380866
167 -19.68520729 0.6831999601
168 -19.86517974 0.6797949386
169 -20.04866821 0.6763202671
170 -20.23583758 0.6727730567
171 -20.42686173 0.6691502792
172 -20.62192404 0.6654487604
173 -20.82121799 0.6616651745
174 -21.0249477 0.6577960384
175 -21.23332851 0.6538377062
176 -21.44658764 0.6497863645
177 -21.66496472 0.645638028
178 -21.8887125 0.6413885363
179 -22.11809736 0.6370335515
180 -22.35340003 0.6325685573
181 -22.59491606 0.6279888597
182 -22.84295646 0.6232895899
183 -23.09784811 0.6184657096
184 -23.35993426 0.6135120191
185 -23.62957485 0.6084231688
186 -23.90714669 0.6031936759
187 -24.1930436 0.5978179438
188 -24.48767625 0.5922902893
189 -24.79147187 0.5866049748
190 -25.10487365 0.5807562475
191 -25.42833985 0.5747383876
192 -25.76234251 0.5685457648
193 -26.1073658 0.5621729042
194 -26.46390384 0.5556145633
195 -26.83245795 0.5488658195
196 -27.21353339 0.5419221698
197 -27.60763534 0.5347796408
198 -28.01526422 0.5274349116
199 -28.43691024 0.5198854456
200 -28.8730472 0.5121296327
201 -29.32412549 0.5041669375
202 -29.79056437 0.4959980529
203 -30.27274356 0.4876250529
204 -30.77099426 0.4790515426
205 -31.28558977 0.4702827972
206 -31.81673585 0.4613258867
207 -32.36456119 0.4521897775
208 -32.92910812 0.4428854043
209 -33.51032408 0.4334257059
210 -34.10805407 0.4238256183
211 -34.7220346 0.4141020197
212 -35.35188935 0.4042736231
213 -35.99712707 0.3943608158
214 -36.65714187 0.3843854451
215 -37.33121612 0.3743705557
216 -38.01852621 0.364340082
217 -38.71815088 0.3543185066
218 -39.4290823 0.3443304952
219 -40.15023937 0.3344005196
220 -40.88048299 0.3245524837
221 -41.61863276 0.3148093651
222 -42.36348461 0.3051928848
223 -43.11382872 0.2957232174
224 -43.86846715 0.2864187486
225 -44.62623068 0.2772958875
226 -45.38599422 0.2683689361
227 -46.14669061 0.259650017
228 -46.90732223 0.2511490556
229 -47.66697041 0.2428738148
230 -48.42480244 0.2348299729
231 -49.18007616 0.2270212402
232 -49.93214225 0.2194495055
233 -50.68044428 0.2121150043
234 -51.42451669 0.2050165018
235 -52.16398101 0.1981514847
236 -52.89854037 0.1915163536
237 -53.62797262 0.1851066138
238 -54.35212229 0.1789170585
239 -55.07089154 0.1729419418
240 -55.78423028 0.1671751399
241 -56.49212579 0.1616102973
242 -57.19459182 0.1562409587
243 -57.89165752 0.1510606848
244 -58.58335635 0.1460631513
245 -59.26971511 0.1412422325
246 -59.95074335 0.1365920687
247 -60.62642341 0.132107117
248 -61.29670129 0.1277821874
249 -61.96147851 0.1236124641
250 -62.62060543 0.1195935119
251 -63.27387591 0.1157212706
252 -63.92102387 0.111992037
253 -64.56172157 0.1084024367
254 -65.19558 0.1049493871
255 -65.82215116 0.1016300542
256 -66.4409324 0.09844180401
257 -67.05137257 0.09538215282
258 -67.65287983 0.09244871582
259 -68.24483088 0.08963915847
260 -68.8265813 0.0869511511
261 -69.39747655 0.08438232887
262 -69.95686338 0.08193025797
263 -70.50410119 0.07959240902
264 -71.03857299 0.07736613805
265 -71.55969568 0.07524867497
266 -72.06692924 0.07323711916
267 -72.55978477 0.07132844175
268 -73.03783117 0.06951949339
269 -73.50070024 0.06780701693
270 -73.9480904 0.06618766358
271 -74.37976883 0.06465801173
272 -74.79557229 0.06321458744
273 -75.19540658 0.06185388548
274 -75.57924486 0.06057239045
275 -75.947125 0.05936659703
276 -76.29914611 0.05823302909
277 -76.63546432 0.05716825716
278 -76.9562882 0.05616891402
279 -77.26187375 0.05523170833
280 -77.55251922 0.0543534362
281 -77.82855988 0.05353099073
282 -78.0903628 0.05276136957
283 -78.33832176 0.05204168077
284 -78.57285239 0.0513691468
285 -78.79438755 0.05074110723
286 -79.00337301 0.05015501993
287 -79.20026347 0.0496084612
288 -79.38551894 0.0490991249
289 -79.55960143 0.0486248207
290 -79.72297204 0.0481834717
291 -79.87608838 0.04777311145
292 -80.01940234 0.04739188056
293 -80.15335813 0.04703802298
294 -80.27839067 0.04670988204
295 -80.3949242 0.04640589629
296 -80.50337122 0.04612459537
297 -80.60413157 0.04586459564
298 -80.69759178 0.04562459607
299 -80.78412459 0.04540337393
300 -80.86408858 0.04519978078
301 -80.93782805 0.04501273838
302 -81.00567293 0.04484123486
303 -81.06793882 0.04468432095
304 -81.12492715 0.0445411064
305 -81.1769254 0.04441075647
306 -81.22420733 0.04429248872
307 -81.2670334 0.04418556979
308 -81.30565107 0.04408931249
309 -81.34029521 0.04400307291
310 -81.37118858 0.04392624781
311 -81.39854222 0.04385827204
312 -81.42255592 0.0437986162
313 -81.44341873 0.04374678434
314 -81.46130935 0.0437023119
315 -81.47639662 0.0436647637
316 -81.48884003 0.04363373206
317 -81.49879007 0.04360883506
318 -81.50638875 0.0435897149
319 -81.51176999 0.04357603635
320 -81.51506002 0.04356748529
321 -81.51637784 0.0435637674
322 -81.51583553 0.04356460685
323 -81.51353866 0.04356974511
324 -81.50958665 0.04357893988
325 -81.5040731 0.04359196404
326 -81.49708608 0.04360860465
327 -81.48870853 0.04362866205
328 -81.47901843 0.04365194907
329 -81.4680892 0.04367829014
330 -81.45598986 0.04370752062
331 -81.44278536 0.0437394861
332 -81.42853677 0.04377404175
333 -81.41330141 0.04381105191
334 -81.39713216 0.04385039139
335 -81.38006957 0.04389196124
336 -81.36206806 0.04393583777
337 -81.34232373 0.04398363231
338 -81.31315947 0.04405087701
339 -81.2044331 0.04428008323
340 -80.37857917 0.04599701247
341 -73.074672 0.06377235277
342 -12.03508171 0.5016697455
343 38.03184643 0.9996980526
344 38.36952353 0.999940652
345 36.85072897 0.9999228688
346 34.3589326 0.9998790403
347 31.13807811 0.9997820801
348 27.50916791 0.9995762452
349 23.75518156 0.9991595581
350 20.0681506 0.9983650958
351 16.56236606 0.9969525787
352 13.30233837 0.994626341
353 10.3229674 0.9910912013
354 7.639928248 0.9861372406
355 5.254346092 0.9797180009
356 3.155561373 0.9719798479
357 1.323941513 0.9632264095
358 -0.2659137147 0.9538401379
359 -1.642026889 0.944200524
360 -2.832479505 0.9346276449
361 -3.863672995 0.9253581454
362 -4.759373632 0.9165459302
363 -5.540353302 0.908275893
364 -6.224413736 0.9005815121
365 -6.826620643 0.8934611754
366 -7.359628794 0.8868912202
367 -7.834026337 0.8808354483
368 -8.258660181 0.8752516351
369 -8.640925335 0.8700957502
370 -8.987013217 0.8653245489
371 -9.302120168 0.860897059
372 -9.590620269 0.8567753437
373 -9.856207482 0.8529248081
374 -10.1020121 0.8493142269
375 -10.33069602 0.8459156115
376 -10.54453068 0.8427039906
377 -10.74546097 0.839657153
378 -10.9351577 0.8367553783
379 -11.11506089 0.833981176
380 -11.28641548 0.8313190382
381 -11.450301 0.8287552133
382 -11.60765628 0.8262775013
383 -11.75930005 0.8238750697
384 -11.90594827 0.8215382906
385 -12.04822869 0.8192585963
386 -12.18669314 0.8170283518
387 -12.32182795 0.8148407426
388 -12.45406285 0.8126896767
389 -12.58377848 0.8105696976
390 -12.71131288 0.8084759088
391 -12.83696706 0.8064039067
392 -12.96100972 0.8043497222
393 -13.08368144 0.8023097691
394 -13.20519818 0.8002807989
395 -13.3257544 0.7982598607
396 -13.44552575 0.7962442659
397 -13.56467137 0.7942315571
398 -13.68333601 0.7922194806
399 -13.80165174 0.790205962
400 -13.91973956 0.7881890846
401 -14.03771079 0.7861670699
402 -14.15566827 0.7841382608
403 -14.27370744 0.7821011059
404 -14.3919173 0.7800541463
405 -14.51038125 0.7779960028
406 -14.62917786 0.7759253652
407 -14.74838153 0.7738409821
408 -14.86806313 0.7717416522
409 -14.98829049 0.7696262156
410 -15.10912897 0.7674935469
411 -15.23064182 0.7653425479
412 -15.35289066 0.7631721416
413 -15.47593585 0.760981266
414 -15.5998368 0.7587688692
415 -15.7246523 0.7565339037
416 -15.85044086 0.7542753224
417 -15.97726095 0.7519920734
418 -16.10517128 0.7496830958
419 -16.23423107 0.7473473158
420 -16.36450026 0.7449836428
421 -16.49603981 0.7425909649
422 -16.62891186 0.7401681456
423 -16.76318001 0.7377140198
424 -16.89890953 0.7352273902
425 -17.0361676 0.7327070232
426 -17.17502351 0.7301516455
427 -17.31554891 0.7275599402
428 -17.45781805 0.7249305425
429 -17.60190803 0.7222620365
430 -17.74789902 0.7195529505
431 -17.89587452 0.7168017529
432 -18.04592167 0.7140068484
433 -18.19813146 0.7111665732
434 -18.35259908 0.7082791902
435 -18.50942418 0.705342885
436 -18.66871122 0.7023557603
437 -18.83056976 0.6993158313
438 -18.99511487 0.6962210204
439 -19.16246742 0.6930691517
440 -19.33275455 0.6898579453
441 -19.50611001 0.6865850123
442 -19.68267459 0.683247848
443 -19.86259664 0.6798438266
444 -20.04603243 0.6763701948
445 -20.23314672 0.6728240661
446 -20.42411327 0.6692024142
447 -20.61911531 0.665502067
448 -20.81834616 0.6617197012
449 -21.02200978 0.6578518359
450 -21.23032137 0.6538948277
451 -21.44350793 0.6498448655
452 -21.66180894 0.6456979667
453 -21.88547693 0.6414499734
454 -22.1147781 0.6370965504
455 -22.34999294 0.6326331838
456 -22.59141681 0.6280551825
457 -22.83936047 0.62335768
458 -23.09415058 0.6185356404
459 -23.35613015 0.6135838662
460 -23.62565887 0.6084970103
461 -23.9031133 0.6032695912
462 -24.18888703 0.5978960141
463 -24.48339047 0.5923705969
464 -24.78705062 0.5866876024
465 -25.10031044 0.5808412777
466 -25.42362798 0.5748259025
467 -25.75747511 0.5686358444
468 -26.10233581 0.5622656259
469 -26.45870409 0.5557100007
470 -26.82708118 0.5489640409
471 -27.20797231 0.5420232367
472 -27.60188269 0.5348836064
473 -28.00931283 0.5275418186
474 -28.43075315 0.5199953246
475 -28.86667773 0.5122424998
476 -29.31753733 0.5042827925
477 -29.78375172 0.4961168766
478 -30.26570126 0.4877468054
479 -30.76371791 0.4791761606
480 -31.27807587 0.4704101927
481 -31.80898194 0.461455945
482 -32.35656597 0.4523223559
483 -32.92087163 0.4430203314
484 -33.50184774 0.4335627814
485 -34.09934087 0.4239646134
486 -34.71308908 0.4142426782
487 -35.34271774 0.4044156633
488 -35.98773724 0.394503933
489 -36.64754332 0.3845293157
490 -37.32141995 0.3745148406
491 -38.00854498 0.3644844315
492 -38.70799849 0.3544625657
493 -39.41877382 0.3444739089
494 -40.13979081 0.3345429383
495 -40.86991109 0.3246935685
496 -41.60795473 0.3149487926
497 -42.35271788 0.3053303521
498 -43.10299067 0.2958584457
499 -43.85757489 0.2865514861
500 -44.61530077 0.277425912
501 -45.37504251 0.2684960564
502 -46.13573201 0.2597740735
503 -46.89637058 0.2512699204
504 -47.65603837 0.2429913904
505 -48.41390137 0.2349441913
506 -49.16921612 0.2271320608
507 -49.92133194 0.2195569128
508 -50.66969107 0.2122190053
509 -51.41382667 0.2051171234
510 -52.15335906 0.1982487709
511 -52.88799022 0.1916103626
512 -53.61749699 0.1851974156
513 -54.34172299 0.1790047318
514 -55.06056963 0.1730265723
515 -55.7739862 0.1672568173
516 -56.48195951 0.161689114
517 -57.18450302 0.1563170077
518 -57.88164573 0.1511340578
519 -58.57342112 0.146133938
520 -59.25985615 0.1413105193
521 -59.94096071 0.1366579375
522 -60.6167176 0.1321706449
523 -61.2870734 0.1278434465
524 -61.95193032 0.1236715207
525 -62.61113951 0.1196504271
526 -63.26449567 0.1157761
527 -63.9117336 0.1120448313
528 -64.55252647 0.1084532422
529 -65.18648612 0.104998246
530 -65.8131654 0.1016770055
531 -66.4320624 0.09848688442
532 -67.04262661 0.09542539701
533 -67.64426673 0.09249015749
534 -68.23635985 0.08967883091
535 -68.81826175 0.08698908787
536 -69.38931798 0.08441856429
537 -69.94887519 0.08196482757
538 -70.4962925 0.0796253499
539 -71.03095253 0.07739748907
540 -71.5522716 0.07527847686
541 -72.05970901 0.07326541458
542 -72.55277508 0.07135527514
543 -73.03103782 0.06954491091
544 -73.49412811 0.06783106616
545 -73.94174337 0.06621039333
546 -74.37364979 0.06467947173
547 -74.78968312 0.06323482801
548 -75.18974817 0.0618729573
549 -75.57381714 0.06059034416
550 -75.94192701 0.05938348303
551 -76.29417599 0.05824889722
552 -76.63071945 0.05718315648
553 -76.95176522 0.0561828926
554 -77.25756867 0.05524481306
555 -77.54842746 0.05436571264
556 -77.82467637 0.05354248298
557 -78.08668204 0.05277212019
558 -78.3348379 0.05205173068
559 -78.5695593 0.05137853528
560 -78.79127889 0.05074987182
561 -79.00044226 0.05016319648
562 -79.19750404 0.04961608386
563 -79.38292416 0.04910622613
564 -79.55716462 0.0486314313
565 -79.72068657 0.04818962086
566 -79.87394769 0.04777882678
567 -80.01739995 0.04739718817
568 -80.15148769 0.04704294749
569 -80.27664597 0.04671444668
570 -80.39329921 0.04641012296
571 -80.50186006 0.04612850465
572 -80.60272857 0.04586820693
573 -80.69629145 0.04562792756
574 -80.78292165 0.04540644275
575 -80.86297796 0.04520260299
576 -80.93680488 0.04501532907
577 -81.00473255 0.04484360819
578 -81.06707677 0.0446864902
579 -81.12413919 0.044543084
580 -81.17620746 0.0444125541
581 -81.22355557 0.04429411732
582 -81.26644415 0.04418703961
583 -81.30512084 0.04409063313
584 -81.33982071 0.04400425338
585 -81.37076667 0.04392729653
586 -81.39816993 0.04385919692
587 -81.42223046 0.04379942463
588 -81.44313743 0.04374748325
589 -81.46106971 0.04370290779
590 -81.47619628 0.04366526265
591 -81.48867674 0.04363413976
592 -81.49866172 0.04360915685
593 -81.50629335 0.04358995579
594 -81.51170566 0.04357620101
595 -81.515025 0.04356757812
596 -81.51637046 0.04356379252
597 -81.51585421 0.04356456809
598 -81.51358194 0.04356964611
599 -81.50965312 0.04357878402
600 -81.50416145 0.04359175449
601 -81.49719509 0.04360834438
602 -81.48883703 0.04362835386
603 -81.47916533 0.04365159557
604 -81.46825346 0.04367789379
605 -81.45617053 0.04370708373
606 -81.44298153 0.04373901081
607 -81.42874758 0.0437735301
608 -81.41352606 0.0438105058
609 -81.39736989 0.04384981259
610 -81.38031967 0.04389135142
611 -81.36232993 0.04393519838
612 -81.34259724 0.04398296379
613 -81.3134487 0.04405017105
614 -81.20478086 0.04427925063
615 -80.37938725 0.04599518095
616 -73.07964091 0.06375836875
617 -12.07114438 0.5012653774
618 38.03112212 0.9996974855
619 38.36973749 0.9999406538
620 36.85117952 0.999922875
621 34.35953886 0.9998790538
622 31.13874071 0.9997821069
623 27.50979301 0.9995762945
624 23.75570688 0.9991596404
625 20.06854515 0.9983652159
626 16.56262033 0.9969527241
627 13.30245552 0.9946264658
628 10.32295768 0.9910912149
629 7.639805607 0.9861370086
630 5.254125902 0.9797173645
631 3.155258793 0.9719786531
632 1.323570316 0.9632245333
633 -0.26634179 0.9538375024
634 -1.642502337 0.9441970955
635 -2.832994922 0.9346234246
636 -3.86422277 0.9253531574
637 -4.759953588 0.9165402109
638 -5.540960352 0.9082694833
639 -6.225045598 0.9005744532
640 -6.827275609 0.893453506
641 -7.360305564 0.8868829755
642 -7.834723892 0.8808266598
643 -8.259377696 0.8752423307
644 -8.641662117 0.8700859548
645 -8.987768665 0.8653142846
646 -9.302893742 0.8608863456
647 -9.591411471 0.8567641989
648 -9.85701585 0.8529132481
649 -10.1028372 0.8493022662
650 -10.33153742 0.8459032634
651 -10.54538798 0.8426912674
652 -10.74633377 0.8396440658
653 -10.93604565 0.8367419375
654 -11.11596362 0.833967391
655 -11.28733266 0.8313049177
656 -11.45123231 0.8287407654
657 -11.60860141 0.8262627332
658 -11.76025872 0.8238599882
659 -11.90692022 0.8215229018
660 -12.04921368 0.8192429057
661 -12.18769093 0.8170123643
662 -12.32283835 0.8148244628
663 -12.45508567 0.8126731085
664 -12.58481355 0.8105528445
665 -12.71236007 0.8084587737
666 -12.83802624 0.8063864921
667 -12.96208079 0.8043320302
668 -13.08476432 0.8022918015
669 -13.20629281 0.8002625569
670 -13.32686073 0.7982413451
671 -13.44664376 0.796225477
672 -13.56580107 0.794212495
673 -13.6844774 0.792200145
674 -13.80280486 0.7901863522
675 -13.92090448 0.7881691994
676 -14.03888758 0.7861469079
677 -14.15685702 0.78411782
678 -14.27490826 0.7820803843
679 -14.39313033 0.7800331412
680 -14.51160664 0.7779747112
681 -14.63041578 0.7759037839
682 -14.74963217 0.7738191074
683 -14.8693267 0.7717194799
684 -14.98956724 0.7696037415
685 -15.11041912 0.7674707661
686 -15.23194566 0.7653194552
687 -15.35420849 0.7631487313
688 -15.47726798 0.7609575322
689 -15.60118356 0.7587448055
690 -15.72601406 0.7565095033
691 -15.851818 0.754250578
692 -15.97865387 0.7519669771
693 -16.10658043 0.7496576396
694 -16.23565689 0.747321491
695 -16.36594326 0.7449574401
696 -16.4975005 0.7425643746
697 -16.63039078 0.7401411575
698 -16.76467775 0.737686623
699 -16.9004267 0.7351995733
700 -17.03770483 0.7326787742
701 -17.17658149 0.7301229517
702 -17.31712836 0.7275307882
703 -17.45941974 0.7249009182
704 -17.60353275 0.7222319251
705 -17.7495476 0.7195223363
706 -17.89754787 0.7167706196
707 -18.04762073 0.7139751786
708 -18.19985722 0.7111343486
709 -18.35435258 0.7082463918
710 -18.51120654 0.7053094925
711 -18.67052359 0.7023217525
712 -18.83241339 0.6992811859
713 -18.99699105 0.6961857139
714 -19.16437753 0.6930331593
715 -19.33470004 0.6898212412
716 -19.5080924 0.6865475689
717 -19.68469552 0.6832096367
718 -19.8646578 0.6798048171
719 -20.04813564 0.6763303554
720 -20.23529389 0.6727833633
721 -20.42630641 0.669160813
722 -20.62135656 0.6654595306
723 -20.82063778 0.6616761909
724 -21.02435415 0.6578073112
725 -21.232721 0.6538492461
726 -21.44596549 0.6497981828
727 -21.66432723 0.6456501363
728 -21.8880589 0.6414009469
729 -22.11742689 0.637046277
730 -22.35271184 0.6325816111
731 -22.59420929 0.6280022556
732 -22.84223017 0.6233033422
733 -23.09710135 0.618479833
734 -23.35916601 0.6135265289
735 -23.62878404 0.6084380807
736 -23.90633221 0.6032090057
737 -24.19220429 0.597833708
738 -24.48681089 0.5923065045
739 -24.79057921 0.5866216574
740 -25.10395238 0.5807734143
741 -25.42738861 0.574756055
742 -25.76135993 0.5685639488
743 -26.10635047 0.5621916204
744 -26.4628543 0.5556338264
745 -26.83137276 0.5488856433
746 -27.21241107 0.5419425664
747 -27.60647444 0.534800621
748 -28.01406329 0.5274564839
749 -28.43566789 0.519907616
750 -28.87176209 0.5121524042
751 -29.32279635 0.5041903101
752 -29.78919004 0.4960220226
753 -30.271323 0.4876496116
754 -30.7695266 0.4790766774
755 -31.2840743 0.4703084902
756 -31.81517209 0.4613521148
757 -32.36294888 0.4522165118
758 -32.92744727 0.4429126102
759 -33.50861498 0.4334533429
760 -34.10629733 0.4238536403
761 -34.72023113 0.4141303751
762 -35.35004042 0.4043022551
763 -35.99523426 0.394389663
764 -36.6552071 0.3844144423
765 -37.32924163 0.3743996347
766 -38.01651451 0.3643691723
767 -38.71610479 0.3543475369
768 -39.42700484 0.3443593941
769 -40.14813377 0.3344292167
770 -40.8783526 0.3245809109
771 -41.61648105 0.3148374573
772 -42.36131509 0.3052205813
773 -43.11164487 0.295750462
774 -43.86627242 0.2864454909
775 -44.62402839 0.2773220827
776 -45.38378756 0.268394546
777 -46.14448257 0.2596750094
778 -46.90511559 0.251173405
779 -47.66476771 0.2428975016
780 -48.42260597 0.2348529834
781 -49.17788793 0.2270435664
782 -49.92996401 0.2194711443
783 -50.67827751 0.2121359571
784 -51.42236261 0.2050367743
785 -52.1618406 0.1981710856
786 -52.89641437 0.1915352947
787 -53.62586158 0.1851249091
788 -54.35002657 0.178934724
789 -55.06881135 0.1729589947
790 -55.78216572 0.1671915982
791 -56.49007684 0.1616261797
792 -57.19255841 0.1562562839
793 -57.88963956 0.1510754713
794 -58.58135375 0.146077417
795 -59.26772782 0.1412559949
796 -59.94877137 0.1366053443
797 -60.62446685 0.1321199212
798 -61.29476036 0.1277945348
799 -61.95955358 0.123624368
800 -62.61869701 0.1196049846
801 -63.27198469 0.1157323233
802 -63.91915071 0.1120026799
803 -64.55986753 0.1084126791
804 -65.19374629 0.1049592375
805 -65.82033917 0.1016395204
806 -66.43914367 0.09845089343
807 -67.04960877 0.09539087244
808 -67.65114273 0.09245707242
809 -68.24312235 0.08964715875
810 -68.82490323 0.08695880183
811 -69.39583084 0.08438963694
812 -69.95525194 0.08193723053
813 -70.50252585 0.07959905354
814 -71.03703552 0.07737246236
815 -71.55819771 0.07525468725
816 -72.06547228 0.07324282801
817 -72.55837018 0.0713338561
818 -73.03646011 0.06952462253
819 -73.4993737 0.06781187044
820 -73.94680916 0.06619225126
821 -74.37853349 0.06466234361
822 -74.79438323 0.06321867363
823 -75.19426397 0.06185773618
824 -75.57814871 0.06057601584
825 -75.94607511 0.05937000726
